A          C          G          T
 0.083653   0.330037   0.083738   0.502573
 0.003946   0.002279   0.989371   0.004404
 0.006473   0.041782   0.007901   0.943844
 0.925673   0.013826   0.054170   0.006331
 0.805227   0.143785   0.009502   0.041486
 0.470871   0.141314   0.017022   0.370792
 0.018911   0.048527   0.765680   0.166882
 0.918712   0.029699   0.013563   0.038026
 0.006545   0.974791   0.014965   0.003699
 0.527783   0.051375   0.403140   0.017702
 0.173772   0.383291   0.135794   0.307142
 0.372265   0.168374   0.110918   0.348443
 0.040045   0.183271   0.030658   0.746026
 0.002448   0.000956   0.993330   0.003266
 0.008087   0.207226   0.002844   0.781844
 0.027301   0.961530   0.009962   0.001207
 0.379298   0.224035   0.179677   0.216990
 0.431525   0.057886   0.336820   0.173770
 0.000258   0.058322   0.512767   0.428653
 0.989372   0.004218   0.001956   0.004453
 0.005930   0.973071   0.000770   0.020229
 0.453505   0.130072   0.279051   0.137372
 0.258499   0.336495   0.148920   0.256085