A          C          G          T
 0.058071   0.057826   0.006640   0.877463
 0.063975   0.021249   0.868381   0.046395
 0.085210   0.138662   0.120107   0.656021
 0.883112   0.040698   0.063576   0.012614
 0.567739   0.294768   0.071920   0.065573
 0.067122   0.025389   0.058284   0.849205
 0.007349   0.101491   0.844178   0.046982
 0.860804   0.076263   0.026006   0.036926
 0.044526   0.890602   0.025752   0.039119
 0.779543   0.057197   0.137455   0.025804
 0.087882   0.200346   0.076344   0.635428
 0.099478   0.096095   0.053103   0.751323
 0.096538   0.114613   0.091577   0.697272
 0.025386   0.023204   0.914037   0.037373
 0.049084   0.088233   0.069514   0.793170
 0.794593   0.052362   0.102127   0.050918
 0.904786   0.022357   0.038796   0.034061
 0.097010   0.076618   0.080297   0.746075
 0.044025   0.149757   0.075309   0.730909
 0.920291   0.045226   0.004168   0.030315
 0.036282   0.913798   0.009951   0.039970
 0.610989   0.123103   0.075724   0.190184
 0.501197   0.287328   0.069515   0.141959