         A          C          G          T
  0.948025   0.011597   0.027990   0.012388
  0.328099   0.120865   0.353073   0.197964
  0.005038   0.001688   0.001119   0.992156
  0.001304   0.000120   0.000349   0.998226
  0.053930   0.012942   0.893227   0.039900
  0.009505   0.977791   0.004384   0.008321
  0.037796   0.936497   0.018973   0.006733
  0.235006   0.211746   0.177511   0.375737
  0.266042   0.203271   0.348113   0.182574
  0.175804   0.113901   0.647760   0.062535
  0.171092   0.196895   0.357307   0.274706
  0.238617   0.534686   0.125050   0.101647
  0.847964   0.071799   0.035978   0.044259
  0.914750   0.030916   0.020523   0.033811