A          C          G          T
 0.722302   0.058491   0.200623   0.018585
 0.575903   0.110917   0.038800   0.274380
 0.314315   0.560911   0.009424   0.115350
 0.507004   0.077265   0.125812   0.289918
 0.339515   0.022973   0.148817   0.488695
 0.001900   0.010848   0.004117   0.983136
 0.016936   0.017802   0.953825   0.011437
 0.000259   0.997118   0.002551   0.000072
 0.031003   0.788375   0.002863   0.177758
 0.267319   0.126612   0.308187   0.297881
 0.150349   0.183788   0.643815   0.022048
 0.037381   0.292958   0.639284   0.030377
 0.124030   0.247291   0.508470   0.120209
 0.025858   0.937844   0.002949   0.033350
 0.983237   0.002482   0.001354   0.012927
 0.939687   0.023177   0.008278   0.028858