         A          C          G          T
  0.542501   0.060927   0.081130   0.315443
  0.022891   0.034679   0.028453   0.913978
  0.028216   0.018376   0.918733   0.034675
  0.056771   0.028124   0.020582   0.894523
  0.014353   0.005386   0.969715   0.010546
  0.981609   0.008205   0.005804   0.004381
  0.091834   0.269309   0.061368   0.577488
  0.197894   0.616155   0.093294   0.092657
  0.115598   0.249215   0.100863   0.534324
  0.492983   0.100693   0.271727   0.134597
  0.165183   0.140906   0.446507   0.247403
  0.596766   0.039880   0.138558   0.224796
  0.019885   0.054306   0.028377   0.897432
  0.013645   0.971895   0.006712   0.007747
  0.918011   0.017420   0.019217   0.045351
  0.036099   0.942392   0.008330   0.013179
  0.934283   0.017063   0.047021   0.001633
  0.478400   0.016777   0.287954   0.216869
  0.172595   0.027489   0.009270   0.790646
  0.145080   0.082517   0.049731   0.722672
  0.023590   0.068167   0.027845   0.880399
  0.012200   0.114172   0.176664   0.696964
  0.273577   0.156609   0.134655   0.435159