A          C          G          T
 0.504806   0.078947   0.131900   0.284347
 0.801113   0.019064   0.017067   0.162757
 0.540205   0.061909   0.082222   0.315664
 0.023608   0.035641   0.029295   0.911456
 0.029042   0.018993   0.916341   0.035624
 0.058038   0.028944   0.021243   0.891776
 0.014892   0.005641   0.968495   0.010973
 0.980757   0.008566   0.006079   0.004599
 0.092941   0.269973   0.062355   0.574731
 0.198860   0.612963   0.094421   0.093756
 0.116639   0.249775   0.101927   0.531660
 0.490696   0.101718   0.272019   0.135567
 0.165941   0.141799   0.444636   0.247624
 0.593846   0.040688   0.139769   0.225697
 0.020526   0.055560   0.029204   0.894710
 0.014166   0.970735   0.007015   0.008084
 0.915628   0.018020   0.019861   0.046491
 0.037105   0.940544   0.008680   0.013671
 0.932371   0.017666   0.048236   0.001727
 0.476724   0.017242   0.288361   0.217673
 0.174368   0.028249   0.009621   0.787762
 0.146479   0.083767   0.050718   0.719036