A          C          G          T
 0.003122   0.010437   0.903827   0.082614
 0.250267   0.014825   0.734597   0.000311
 0.028627   0.927210   0.020395   0.023769
 0.000958   0.972027   0.025018   0.001997
 0.004253   0.178720   0.812480   0.004547
 0.000878   0.968822   0.015962   0.014338
 0.078236   0.370946   0.527826   0.022992
 0.043501   0.755128   0.102038   0.099333
 0.306424   0.108987   0.549201   0.035387
 0.061946   0.483732   0.130212   0.324110
 0.221032   0.546162   0.219286   0.013521
 0.036713   0.149256   0.047547   0.766484
 0.021098   0.869890   0.008789   0.100224
 0.474418   0.030708   0.230790   0.264083