A          C          G          T
 0.094766   0.799765   0.057306   0.048163
 0.258681   0.517996   0.193893   0.029430
 0.006152   0.979458   0.007140   0.007250
 0.046709   0.901171   0.051737   0.000383
 0.086700   0.036543   0.828682   0.048075
 0.009272   0.909339   0.010173   0.071216
 0.148402   0.229525   0.574528   0.047545
 0.237063   0.259969   0.194470   0.308498
 0.000086   0.999848   0.000011   0.000056
 0.000011   0.999952   0.000011   0.000026
 0.078191   0.212970   0.012946   0.695893
 0.036457   0.612836   0.110725   0.239981
 0.305056   0.357203   0.273759   0.063982
 0.078480   0.025435   0.112396   0.783689