A          C          G          T
 0.341470   0.091624   0.370092   0.196815
 0.011991   0.001811   0.022397   0.963801
 0.002780   0.011167   0.004058   0.981995
 0.212522   0.067146   0.134528   0.585805
 0.001823   0.045882   0.024999   0.927297
 0.015092   0.037161   0.912927   0.034820
 0.061441   0.011588   0.034972   0.891998
 0.025219   0.075421   0.303032   0.596327
 0.409958   0.282432   0.037186   0.270423
 0.002419   0.106991   0.096257   0.794334
 0.019762   0.276337   0.592772   0.111129
 0.472154   0.151645   0.099259   0.276941
 0.761156   0.044148   0.136825   0.057871
 0.074556   0.354579   0.228380   0.342485
 0.640810   0.082521   0.146878   0.129792
 0.017096   0.034607   0.088457   0.859840
 0.006325   0.874617   0.111095   0.007963
 0.941028   0.038151   0.017957   0.002865
 0.003481   0.886526   0.000713   0.109279
 0.618104   0.078859   0.132154   0.170883
 0.004437   0.273372   0.703271   0.018920
 0.987801   0.003062   0.004193   0.004944
 0.525972   0.464070   0.001796   0.008162
 0.854284   0.052149   0.030359   0.063209
 0.911054   0.012309   0.053518   0.023120
 0.133634   0.140104   0.087532   0.638730