A          C          G          T
 0.562632   0.155230   0.103517   0.178622
 0.405437   0.106249   0.075583   0.412730
 0.259309   0.095612   0.295553   0.349526
 0.268656   0.011720   0.399586   0.320039
 0.151661   0.053471   0.009697   0.785171
 0.003550   0.007831   0.946295   0.042324
 0.978604   0.004742   0.015141   0.001513
 0.075615   0.473724   0.398027   0.052635
 0.008178   0.975783   0.011304   0.004735
 0.173873   0.090921   0.432039   0.303166
 0.072163   0.221544   0.644840   0.061453
 0.216655   0.001364   0.764069   0.017912
 0.015179   0.061774   0.089203   0.833844
 0.185214   0.050068   0.132148   0.632569
 0.004325   0.971974   0.006414   0.017287
 0.966377   0.005508   0.017656   0.010459
 0.029140   0.925288   0.001547   0.044025
 0.999580   0.000064   0.000138   0.000218
 0.309593   0.016571   0.474307   0.199528
 0.026735   0.008530   0.337556   0.627179
 0.109116   0.003683   0.012505   0.874696
 0.080573   0.023789   0.006160   0.889478
 0.036235   0.282207   0.569071   0.112487