A          C          G          T
 0.254798   0.317342   0.360477   0.067382
 0.013004   0.001683   0.000014   0.985298
 0.019128   0.038487   0.720309   0.222076
 0.023188   0.015997   0.072439   0.888376
 0.007775   0.089844   0.860783   0.041598
 0.878357   0.040706   0.010155   0.070783
 0.240340   0.036089   0.568133   0.155438
 0.190387   0.664795   0.131726   0.013092
 0.169233   0.543612   0.157563   0.129591
 0.263808   0.034559   0.468599   0.233034
 0.011615   0.197996   0.752479   0.037909
 0.102360   0.017163   0.820048   0.060428
 0.035180   0.026528   0.005351   0.932942
 0.001721   0.990567   0.006795   0.000917
 0.925576   0.001016   0.004169   0.069238
 0.002174   0.944496   0.044066   0.009263
 0.604300   0.004055   0.372297   0.019349
 0.183473   0.060771   0.345485   0.410271
 0.115089   0.029176   0.517007   0.338728