#This is the data for sequence logos. Each row represents a base pair position in the logo
#and each entry represents the probability of being the base displayed on the
#top of that column.

#FNR logo regulating arcA

A          C          G          T
 0.772684   0.031841   0.133979   0.061497
 0.477930   0.273889   0.075418   0.172763
 0.042138   0.041945   0.090427   0.825490
 0.030327   0.044241   0.026524   0.898908
 0.020764   0.004023   0.972071   0.003142
 0.888221   0.054591   0.040007   0.017180
 0.008649   0.878896   0.018149   0.094306
 0.023689   0.719402   0.073424   0.183485
 0.086325   0.062882   0.063534   0.787259
 0.767722   0.144020   0.035735   0.052523
 0.203070   0.231694   0.240313   0.324923
 0.626652   0.014267   0.337316   0.021765
 0.013439   0.051525   0.036745   0.898291
 0.075184   0.847071   0.037327   0.040418
 0.963158   0.004800   0.009214   0.022827
 0.526831   0.083652   0.198720   0.190796
 0.609394   0.023174   0.308426   0.059006

#FNR regulating fdhE

A          C          G          T
 0.254798   0.317342   0.360477   0.067382
 0.013004   0.001683   0.000014   0.985298
 0.019128   0.038487   0.720309   0.222076
 0.023188   0.015997   0.072439   0.888376
 0.007775   0.089844   0.860783   0.041598
 0.878357   0.040706   0.010155   0.070783
 0.240340   0.036089   0.568133   0.155438
 0.190387   0.664795   0.131726   0.013092
 0.169233   0.543612   0.157563   0.129591
 0.263808   0.034559   0.468599   0.233034
 0.011615   0.197996   0.752479   0.037909
 0.102360   0.017163   0.820048   0.060428
 0.035180   0.026528   0.005351   0.932942
 0.001721   0.990567   0.006795   0.000917
 0.925576   0.001016   0.004169   0.069238
 0.002174   0.944496   0.044066   0.009263
 0.604300   0.004055   0.372297   0.019349
 0.183473   0.060771   0.345485   0.410271
 0.115089   0.029176   0.517007   0.338728

#ArcA regulating fdhE

A          C          G          T
 0.137373   0.113793   0.121328   0.627505
 0.034708   0.037284   0.100679   0.827329
 0.102950   0.028914   0.822074   0.046062
 0.290082   0.057601   0.273565   0.378752
 0.302912   0.162096   0.231410   0.303582
 0.965610   0.007994   0.004536   0.021860
 0.175343   0.017733   0.647744   0.159179
 0.912864   0.016601   0.005792   0.064743
 0.112115   0.005641   0.023457   0.858787
 0.050427   0.008614   0.637172   0.303786
 0.018556   0.013525   0.036039   0.931881
 0.871029   0.055390   0.021698   0.051883
 0.444809   0.299025   0.069438   0.186728
 0.005723   0.027418   0.021779   0.945079
 0.004212   0.003903   0.071157   0.920728
 0.029606   0.020582   0.854205   0.095606
 0.996771   0.000046   0.003062   0.000121
 0.156822   0.781974   0.016309   0.044896
 0.658835   0.061654   0.026735   0.252775
 0.088080   0.208980   0.561767   0.141172
 0.569659   0.288040   0.098185   0.044116
