A          C          G          T
 0.520748   0.021918   0.008821   0.448512
 0.519517   0.216556   0.154834   0.109093
 0.200483   0.279516   0.050252   0.469748
 0.051568   0.011155   0.200589   0.736688
 0.041795   0.356220   0.375220   0.226764
 0.000765   0.005844   0.981548   0.011843
 0.654169   0.155690   0.177042   0.013099
 0.071471   0.417935   0.218368   0.292226
 0.084250   0.632884   0.161035   0.121830
 0.033931   0.159304   0.700764   0.106001
 0.234105   0.198606   0.262474   0.304815
 0.067387   0.054795   0.835956   0.041863
 0.105531   0.027587   0.177560   0.689322
 0.000433   0.001761   0.001284   0.996521
 0.001091   0.998224   0.000212   0.000473
 0.983836   0.011590   0.004299   0.000275
 0.074291   0.920343   0.001267   0.004099
 0.941915   0.000549   0.056109   0.001427
 0.775518   0.003772   0.192201   0.028509
 0.992108   0.004088   0.001418   0.002386
 0.946471   0.022510   0.008668   0.022351
 0.180813   0.361518   0.043975   0.413694
 0.295582   0.285934   0.051711   0.366772
 0.789068   0.060795   0.114709   0.035427
 0.930510   0.001522   0.055716   0.012253
 0.812387   0.073640   0.043843   0.070129
 0.866383   0.011223   0.044416   0.077978
 0.230674   0.051617   0.129748   0.587962
 0.818476   0.063383   0.094774   0.023367