A          C          G          T
 0.772684   0.031841   0.133979   0.061497
 0.477930   0.273889   0.075418   0.172763
 0.042138   0.041945   0.090427   0.825490
 0.030327   0.044241   0.026524   0.898908
 0.020764   0.004023   0.972071   0.003142
 0.888221   0.054591   0.040007   0.017180
 0.008649   0.878896   0.018149   0.094306
 0.023689   0.719402   0.073424   0.183485
 0.086325   0.062882   0.063534   0.787259
 0.767722   0.144020   0.035735   0.052523
 0.203070   0.231694   0.240313   0.324923
 0.626652   0.014267   0.337316   0.021765
 0.013439   0.051525   0.036745   0.898291
 0.075184   0.847071   0.037327   0.040418
 0.963158   0.004800   0.009214   0.022827
 0.526831   0.083652   0.198720   0.190796
 0.609394   0.023174   0.308426   0.059006