A          C          G          T
 0.361981   0.041375   0.385405   0.211239
 0.288840   0.026654   0.012689   0.671818
 0.029719   0.030598   0.008095   0.931587
 0.023663   0.131374   0.027052   0.817911
 0.191083   0.049193   0.683324   0.076400
 0.000810   0.017535   0.012549   0.969107
 0.062923   0.844813   0.061155   0.031109
 0.479402   0.326814   0.090440   0.103343
 0.010179   0.338686   0.083056   0.568079
 0.986791   0.008609   0.001632   0.002968
 0.008694   0.908147   0.032021   0.051138
 0.802662   0.065459   0.069558   0.062322
 0.871638   0.004582   0.065818   0.057962
 0.665804   0.029124   0.135218   0.169855
 0.340933   0.048949   0.213843   0.396275