A          C          G          T
 0.002815   0.008315   0.010981   0.977888
 0.746810   0.118794   0.118422   0.015974
 0.009602   0.288905   0.000008   0.701485
 0.010799   0.987942   0.000194   0.001064
 0.152895   0.065213   0.731230   0.050662
 0.306807   0.167510   0.415636   0.110047
 0.246741   0.298170   0.159550   0.295540
 0.001378   0.010115   0.037173   0.951335
 0.200093   0.393467   0.351577   0.054863
 0.894793   0.034733   0.057783   0.012691
 0.998547   0.000731   0.000559   0.000163
 0.962239   0.033143   0.000183   0.004434
 0.565529   0.268990   0.009510   0.155972
 0.137943   0.312742   0.166131   0.383183
 0.166955   0.579521   0.004877   0.248647