ct,ct_0,ct_1,seq
10,5,5,AAACAAAAAAACACATGAACGTATCTACTTGGTTCAATATAAGGATCTTGCTTTTCATCAGAAGAACCGCAGATAATCCTTCGCTTCCCCGGCAGCTGGCGTTATGGTCAGATGGATTTTGCAACAAATCTCAGAATAAAAGGTTTCATCATACTGGCTTCGGATCCTCTAATATTCAAG
2,2,0,AAACAAAAAAACACATGAACGTATCTACTTGGTTCAATATAAGGATCTTGCTTTTCATCAGAAGAACCGCAGATAATCCTTCGCTTCCCCGGCAGCTGGCGTTATGGTCAGATGGCTTTTGCAACAAATCTCAGAATAAAAGGTTTCATCATACTGGCTTTTTCGAGCTAGTGGAGTCGC
10,1,9,AAACAAAAAAAGACAGGAACGTAATGACTGGGTGAAATATAATCATCCTGCTTTTCATCACAATAACAGCAGATAATCCTTCCTTTCCCCGGCAGCTGGCGTTATGGTCAGATGGTTTTTGTAACAAATCTCACTATAAAAAGTTTCATCAAACTGACCAGATTCTGATTAAGTTTTCGT
9,9,0,AAACAAAAAAAGACAGGAACGTAATTACTGGGTTAAATATTATCATCCTGCTTTTCATCACAAAAATCGCGAATAATTATTCCTTTGCCCGGAAGCTGGCGTTATGGTCCGGTGGTTTTTTCAACAGATCTCGCTATAAAAAGTTTCCCCATCCTGACTGTCGACCACATTGCGATATGA
1,1,0,AAACAAAAAAAGACAGGAACGTAATTACTGGGTTAAATATTATCATCCTGCTTTTCATCACAAAAATCGCGAATAATTATTCCTTTGCCCGGAAGCTGGCGTTATGTTGAGACGGGTTTTGCAACAAATCTCACAATAAAAAGTATTAACATACTGCCTAACAGTATCCACGGACCGTTT
4,3,1,AAACAAAAAAAGACAGGAACGTAATTACTGGGTTAAATATTATCATCCTGCTTTTCATCACAAAAATCGCGAATAATTATTCCTTTGCCCGGAAGCTGGCGTTATGTTGAGACGGGTTTTGCAACAAATCTCACAATAAAAAGTATTAACATACTGCCTAGTGAGCTCAGTTTTCTATTT
2,2,0,AAACAAAAAAAGACAGGAACGTAATTACTGGGTTAAATATTATCATCCTGCTTTTCATCACAAAAATCGCGAATAATTATTCCTTTGCCCGGAAGCTGGCGTTATGTTGAGACGGGTTTTGCAACAAATCTCACAATAAAAAGTATTAACATACTGCCTATGCCAACAGACCTATTTACA
3,3,0,AAACAAAAAAAGACAGGAACGTATATACTGGGTTAAATATATTCATCCGGCTTTTCACCACAAAAAGGGCAGATAATCCTTCCTTACACCGGCAGCTGGCGTTTTGGTCGGAAGGGTTTTGCATCAAATCTACCAATAAAAAGTTTCAACATACTGACTAAACGCGGGCGCTGGTTGCAA
10,10,0,AAACAAAAAAAGACAGGAACGTATATACTGGGTTAAATATATTCATCCGGCTTTTCACCACAAAAAGGGCAGATAATCCTTCCTTACACCGGCAGCTGGCGTTTTGGTCGGAAGGGTTTTGCATCAAATCTACCAATAAAAAGTTTCAACATACTGACTAACATCATCGGTGCCGTCACG
17,11,6,AAACAAAAAAAGACAGGAACGTATATACTGGGTTAAATATATTCATCCGGCTTTTCACCACAAAAAGGGCAGATAATCCTTCCTTACACCGGCAGCTGGCGTTTTGGTCGGAAGGGTTTTGCATCAAATCTACCAATAAAAAGTTTCAACATACTGACTAAGTCGGGAGCTAGAATCAAG
5,5,0,AAACAAAAAAAGACAGGAACGTATATACTGGGTTAAATATATTCATCCGGCTTTTCACCACAAAAAGGGCAGATAATCCTTCCTTACACCGGCAGCTGGCGTTTTGGTCGGAAGGGTTTTGCATCAAATCTACCAATAAAAAGTTTCAACATACTGACTAATCTAAGGTAGCCCTTTAGG
5,1,4,AAACAAAAAAAGACAGGCACTTATTTCCGGGGTTAAATGCAATCATCCTGCTTTTCATCACAAAAACCGCAGATAATCCTTCCTTACCCCGGCAGCTGGTGTTGTGGTCAGAGGGTTTTTGCAACATAACTCACAATAAAAAGTTTCAACGTACTGACTAAGGTAAAGTCGTCTCCAATG
5,5,0,AAACAAAAAAAGACAGGCACTTATTTCCGGGGTTAAATGCAATCATCCTGCTTTTCATCACAAAAACCGCAGATAATCCTTCCTTACCCCGGCAGCTGGTGTTGTGGTCAGAGGGTTTTTGCAACATAACTCACAATAAAAAGTTTCAACGTACTGACTAATACTGCAGTCGGGGGGAGG
8,8,0,AAACAAAAAAAGACAGGCACTTATTTCCGGGGTTAAATGCAATCATCCTGCTTTTCATCACAAAAACCGCAGATAATCCTTCCTTACCCCGGCAGCTGGTGTTGTGGTCAGAGGGTTTTTGCAACATAACTCACAATAAAAAGTTTCAACGTACTGACTACAAGTCCGTGTTCCAACCTG
9,8,1,AAACAAAAAAAGACAGGCACTTATTTCCGGGGTTAAATGCAATCATCCTGCTTTTCATCACAAAAACCGCAGATAATCCTTCCTTACCCCGGCAGCTGGTGTTGTGGTCAGAGGGTTTTTGCAACATAACTCACAATAAAAAGTTTCAACGTACTGACTACACTCCACTTACCGAAGGGG
11,11,0,AAACAAAAAAAGACAGGCACTTATTTCCGGGGTTAAATGCAATCATCCTGCTTTTCATCACAAAAACCGCAGATAATCCTTCCTTACCCCGGCAGCTGGTGTTGTGGTCAGAGGGTTTTTGCAACATAACTCACAATAAAAAGTTTCAACGTACTGACTACGCACAGGTGGACCCTGGTT
10,7,3,AAACAAAAAAAGACAGGCACTTATTTCCGGGGTTAAATGCAATCATCCTGCTTTTCATCACAAAAACCGCAGATAATCCTTCCTTACCCCGGCAGCTGGTGTTGTGGTCAGAGGGTTTTTGCAACATAACTCACAATAAAAAGTTTCAACGTACTGACTACTGATTAGGGGCGTACGCGG
1,1,0,AAACAAAAAAAGACAGGCACTTATTTCCGGGGTTAAATGCAATCATCCTGCTTTTCATCACAAAAACCGCAGATAATCCTTCCTTACCCCGGCAGCTGGTGTTGTGGTCAGAGGGTTTTTGCAACATAACTCACAATAAAAAGTTTCAACGTACTGACTAGCCCCAGGCGAGGTGATAGG
9,9,0,AAACAAAAAAAGACAGGCACTTATTTCCGGGGTTAAATGCAATCATCCTGCTTTTCATCACAAAAACCGCAGATAATCCTTCCTTACCCCGGCAGCTGGTGTTGTGGTCAGAGGGTTTTTGCAACATAACTCACAATAAAAAGTTTCAACGTACTGACTAGGTGATGTTGTAAGACCCTT
1,1,0,AAACAAAAAAAGACAGGCACTTATTTCCGGGGTTAAATGCAATCATCCTGCTTTTCATCACAAAAACCGCAGATAATCCTTCCTTACCCCGGCAGCTGGTGTTGTGGTCAGAGGGTTTTTGCAACATAACTCACAATAAAAAGTTTCAACGTACTGACTATACTCGCTTAGGGCGGGTCC
3,3,0,AAACAAAAAAAGACAGGCACTTATTTCCGGGGTTAAATGCAATCATCCTGCTTTTCATCACAAAAACCGCAGATAATCCTTCCTTACCCCGGCAGCTGGTGTTGTGGTCAGAGGGTTTTTGCAACATAACTCACAATAAAAAGTTTCAACGTACTGACTATGAATAGGGGTGCACGCCTC
21,6,15,AAACAAAAAAAGACTGGAACGTATTTAGTGGGTTAAATATAATCATCCTCCTTTTCATCGCAAAAACCGCCGATAATGCGTCATTTCCCCGGCGGCGGGCGTAGTGGTCAGATGGTTTTTGCAACAAACCTCACCATAAAAAGTTTTAACATACTGACGAACTTATCTTGGGATGCTTTT
18,10,8,AAACAAAAAAAGACTGGAACGTATTTAGTGGGTTAAATATAATCATCCTCCTTTTCATCGCAAAAACCGCCGATAATGCGTCATTTCCCCGGCGGCGGGCGTAGTGGTCAGATGGTTTTTGCAACAAACCTCACCATAAAAAGTTTTAACATACTGACGAATACATTCACCTCTTCCAGG
7,2,5,AAACAAAAAAAGACTGGAACGTATTTAGTGGGTTAAATATAATCATCCTCCTTTTCATCGCAAAAACCGCCGATAATGCGTCATTTCCCCGGCGGCGGGCGTAGTGGTCAGATGGTTTTTGCAACAAACCTCACCATAAAAAGTTTTAACATACTGACGAATTACATCCCTGGTTGTGGA
22,4,18,AAACAAAAAAAGACTGGAACGTATTTAGTGGGTTAAATATAATCATCCTCCTTTTCATCGCAAAAACCGCCGATAATGCGTCATTTCCCCGGCGGCGGGCGTAGTGGTCAGATGGTTTTTGCAACAAACCTCACCATAAAAAGTTTTAACATACTGACGAGCATTGGGTTTGTATTAGGT
10,2,8,AAACAAAAAAAGACTGGAACGTATTTAGTGGGTTAAATATAATCATCCTCCTTTTCATCGCAAAAACCGCCGATAATGCGTCATTTCCCCGGCGGCGGGCGTAGTGGTCAGATGGTTTTTGCAACAAACCTCACCATAAAAAGTTTTAACATACTGACGAGTTGTTCAATACACTAACTG
32,15,17,AAACAAAAAAAGACTGGAACGTATTTAGTGGGTTAAATATAATCATCCTCCTTTTCATCGCAAAAACCGCCGATAATGCGTCATTTCCCCGGCGGCGGGCGTAGTGGTCAGATGGTTTTTGCAACAAACCTCACCATAAAAAGTTTTAACATACTGACGATACGATTCCGCTCCCACAGG
1,1,0,AAACAAAAAAAGACTGGAACGTATTTAGTGGGTTAAATATAATCATCCTCCTTTTCATCGCAAAAACCGCCGATAATGCGTCATTTCCCCGGCGGCGGGCGTAGTGGTCAGATGGTTTTTGCAACAAACCTCACCATAAAAAGTTTTAACATACTGACGATACTCCCTGTCCTGTGCATC
25,2,23,AAACAAAAAAAGGCAGGACCGTATTTACTGGGTTAAATAAAATCAACCTGCTTTTCATCACAAAAACCGCAGATAAACATTCCCTTCTCCGGCATATGGAGTTATGGTCAGATGGTTTTTGCAACAAATCTCCCAACTCAAAGTTTCAACATACTGAGTAACGTCGCTGCACTTAAAAAA
5,5,0,AAACAAAAAAATACAGGAACGTATTTACTGGCCTAAATGTAATGATCCTAATTTTCATGACCCGAATCGCATATAATGCTCCCCTTCCCCGGCAGCTGGCGTTATGGTCAGATGGCTTTTGCAACAAATCTCACAATAAAAAGTTGCAGCATACTGATTTGAGGTAGTGAGGTTGAGAAA
9,4,5,AAACAAAAAAATACAGGAACGTATTTACTGGCCTAAATGTAATGATCCTAATTTTCATGACCCGAATCGCATATAATGCTCCCCTTCCCCGGCAGCTGGCGTTATGGTCAGATGGCTTTTGCAACAAATCTCACAATAAAAAGTTGCAGCATACTGATTTGCTATAGAATAGCGAGGTGG
2,2,0,AAACAAAAAAATACAGGAACGTATTTACTGGCCTAAATGTAATGATCCTAATTTTCATGACCCGAATCGCATATAATGCTCCCCTTCCCCGGCAGCTGGCGTTATGGTCAGATGGCTTTTGCAACAAATCTCACAATAAAAAGTTGCAGCATACTGATTTGGTACATGTGACGGGCCTTG
6,6,0,AAACAAAAAAATACAGGAACGTATTTACTGGCCTAAATGTAATGATCCTAATTTTCATGACCCGAATCGCATATAATGCTCCCCTTCCCCGGCAGCTGGCGTTATGGTCAGATGGCTTTTGCAACAAATCTCACAATAAAAAGTTGCAGCATACTGATTTTGAAAGTTATAGATGAAATA
1,1,0,AAACAAAAAAGGACAGGAGCGTATTTACTGGGTTAAATATAATCGACCTGCTTTTCATCACTTAAAACGCAGATAACCCGTCCTTTCGCCGCCGGCTGGCGTTATGGTCAGATAGTTTTGGCAACACATCTCACAATGAAAAGTTTCAATATATTGACTAGGCTCCACCTAAATTACAAC
1,1,0,AAACAAAAAAGGACAGGAGCGTATTTACTGGGTTAAATATAATCGACCTGCTTTTCATCACTTAAAACGCAGATAACCCGTCCTTTCGCCGCCGGCTGGCGTTATGGTCAGATGGTTTTGGCAACACATCTCACAATGAAAAGTTTCAATATATTGACTAGTTTGTGATCTCCTATCAGA
3,3,0,AAACAAAAAAGGACAGGAGCGTATTTACTGGGTTAAATATAATCGACCTGCTTTTCATCACTTAAAACGCAGATAACCCGTCCTTTCGCCGCCGGCTGGCGTTATGGTCAGATGGTTTTGGCAACACATCTCACAATGAAAAGTTTCAATATATTGACTATCCGTTTATTTGTGGGGCGC
2,2,0,AAACAAAAAAGGACAGGAGCGTATTTACTGGGTTAAATATAATCGACCTGCTTTTCATCACTTAAAACGCAGATAACCCGTCCTTTCGCCGCCGGCTGGCGTTATGGTCAGATGGTTTTGGCAACACATCTCACAATGAAAAGTTTCAATATATTGACTATCGTTACCTTTTCTGGCCTC
2,2,0,AAACAAAAAAGGACAGGAGCGTATTTACTGGGTTAAATATAATCGACCTGCTTTTCATCACTTAAAACGCAGATAACCCGTCCTTTCGCCGCCGGCTGGCGTTATGGTCAGATGGTTTTGGCAACACATCTCACAATGAAAAGTTTCCATATATTGACTAGCCGTGGTGTGAGCGCTCAT
3,3,0,AAACAAAAGAAGACAGGAACGTATTTACTGGGTTAAATATGATCATCCTGCTTTTCATCACGAAAACCGCAGATAATCCTACCTCTCCCCGGAGGCTGGCGTTATGGTCAGATGGTTTTTGCAACATACCTCACAAGGGAAAGTTTCAACATAGTGACTAAGGGAGGCTTCAAGTGGCCG
1,0,1,AAACAAAAGAAGACAGGAACGTATTTACTGGGTTAAATATGATCATCCTGCTTTTCATCACGAAAACCGCAGATAATCCTACCTCTCCCCGGAGGCTGGCGTTATGGTCAGATGGTTTTTGCAACATACCTCACAAGGGAAAGTTTCAACATAGTGACTACGGTACCATAACATGGGAGG
3,2,1,AAACAAAAGAAGACAGGAACGTATTTACTGGGTTAAATATGATCATCCTGCTTTTCATCACGAAAACCGCAGATAATCCTACCTCTCCCCGGAGGCTGGCGTTATGGTCAGATGGTTTTTGCAACATACCTCACAAGGGAAAGTTTCAACATAGTGACTATGCTGAACTTTGCGGCGTAA
5,5,0,AAACAAAATAAGACAGGAACGTATTTACTGCGTTAAAAATAATCAACGTGCTTGTCATCACAAAAACCGCAGATAATCCTTCCTTTCACCGGCAGCTGGCGTTGTGGTCAGATGTTTTTTTCTACAAATCTCAGAATAAAAAGTTTCAACATACTGACTTAAGTTTATGAAAGGAGGGGA
2,2,0,AAACAAAATAAGACAGGAACGTATTTACTGCGTTAAAAATAATCAACGTGCTTGTCATCACAAAAACCGCAGATAATCCTTCCTTTCACCGGCAGCTGGCGTTGTGGTCAGATGTTTTTTTCTACAAATCTCAGAATAAAAAGTTTCAACATACTGACTTAATGCTATTCGTTCAAAAGT
4,4,0,AAACAAAATAAGACAGGAACGTATTTACTGCGTTAAAAATAATCAACGTGCTTGTCATCACAAAAACCGCAGATAATCCTTCCTTTCACCGGCAGCTGGCGTTGTGGTCAGATGTTTTTTTCTACAAATCTCAGAATAAAAAGTTTCAACATACTGACTTAGCCGATCCTAGCATATTGT
2,2,0,AAACAAAATAAGACAGGAACGTATTTACTGCGTTAAAAATAATCAACGTGCTTGTCATCACAAAAACCGCAGATAATCCTTCCTTTCACCGGCAGCTGGCGTTGTGGTCAGATGTTTTTTTCTACAAATCTCAGAATAAAAAGTTTCAACATACTGACTTTTGTTAGAAATATGGCAGAC
4,4,0,AAACAAAATAAGACAGGAACGTATTTACTGCGTTAAAAATAATCAACGTGCTTGTCATCACAAAAACCGCAGATAATCCTTCCTTTCACCGGCAGCTGGCGTTGTGGTCCGATGTTTTTTTCTACAAATCTCAGAATAAAAAGTTTCAACATACTGACTTCTAATGCAAACGCTCAATTC
1,1,0,AAACACAAAAAGACAGGAACGTATTAACTGGGGTAAATATAGTCAGCATGCATTGCATCACAAAAACCGCAGATCATCCTTCCTTCCCCCGGCAGCTGGCGTTATGGTCAGATGGTTTTTGCAACAAATCTCACAATAAATAGTGTCAACATACTCACTAAAATCCACGTGACCAAATCT
8,2,6,AAACACAAAAAGACAGGAACGTATTAACTGGGGTAAATATAGTCAGCATGCATTGCATCACAAAAACCGCAGATCATCCTTCCTTCCCCCGGCAGCTGGCGTTATGGTCAGATGGTTTTTGCAACAAATCTCACAATAAATAGTGTCAACATACTCACTAAGTTTACCAGGGCTATGACG
7,6,1,AAACACAAAAAGACAGGAACGTATTAACTGGGGTAAATATAGTCAGCATGCATTGCATCACAAAAACCGCAGATCATCCTTCCTTCCCCCGGCAGCTGGCGTTATGGTCAGATGGTTTTTGCAACAAATCTCACAATAAATAGTGTCAACATACTCACTACTAACCAAGTTGATAATTTA
4,1,3,AAACACAAAAAGACAGGAACGTATTAACTGGGGTAAATATAGTCAGCATGCATTGCATCACAAAAACCGCAGATCATCCTTCCTTCCCCCGGCAGCTGGCGTTATGGTCAGATGGTTTTTGCAACAAATCTCACAATAAATAGTGTCAACATACTCACTACTCCATCGACGTCAGGAAAG
6,6,0,AAACACAAAAAGACAGGAACGTATTAACTGGGGTAAATATAGTCAGCATGCATTGCATCACAAAAACCGCAGATCATCCTTCCTTCCCCCGGCAGCTGGCGTTATGGTCAGATGGTTTTTGCAACAAATCTCACAATAAATAGTGTCAACATACTCACTATATAGATTAGGTTCAACGGA
11,6,5,AAACACAAAAAGACAGGAACGTATTAACTGGGGTAAATATAGTCAGCATGCATTGCATCACAAAAACCGCAGATCATCCTTCCTTCCCCCGGCAGCTGGCGTTATGGTCAGATGGTTTTTGCAACAAATCTCACAATAAATAGTGTCAACATACTCACTATTAGTCCACTTCATCGCGCG
5,3,2,AAACACAAAAAGACAGGAACGTATTAACTGGGGTAAATATAGTCAGCATGCATTGCATCACAAAAACCGCAGATCATCCTTCCTTCCCCCGGCAGCTGGCGTTATGGTCAGATGGTTTTTGCAACAAATCTCACAATAAATAGTGTCAACATACTCACTATTATAGCTCCATTACGATCG
6,2,4,AAACACAAAAAGACAGGAACGTATTAACTGGGGTAAATATAGTCAGCATGCATTGCATCACAAAAACCGCAGATCATCCTTCCTTCCCCCGGCAGCTGGCGTTATGGTCAGATGGTTTTTGCAACAAATCTCACAATAAATAGTGTCAACATACTCACTATTTAGAAACGCGCGATCACA
17,13,4,AAACACAAAAAGACAGGAACGTATTAACTGGGGTAAATATAGTCAGCATGCATTGCATCACAAAAACCGCAGATCATCCTTCCTTCCCCCGGCAGCTGGCGTTATGGTCAGATGGTTTTTGCAACAAATCTCACAATAAATAGTGTCAACATACTCACTATTTCCAATTTTTTCTGATCG
1,1,0,AAACACAAAATGACAGGAACGTATTTACTGGGTTAACCATAATCAGCCTGCTTTTCATAACAAAAATCGCAGATAATCCTTCCTTTCCCCGGGAGCTCGCGTTATGGTCACATGGTTTTTGTTACAAATCTCACAAGAAAAAATTTCAACATACTGACGTACTAACCCTTGCAAGTACAA
7,5,2,AAACACAAAATGACAGGAACGTATTTACTGGGTTAACCATAATCAGCCTGCTTTTCATAACAAAAATCGCAGATAATCCTTCCTTTCCCCGGGAGCTCGCGTTATGGTCACATGGTTTTTGTTACAAATCTCACAAGAAAAAATTTCAACATACTGACGTAGCGTATTCATCTGCGTCTC
11,5,6,AAACACAAAATGACAGGAACGTATTTACTGGGTTAACCATAATCAGCCTGCTTTTCATAACAAAAATCGCAGATAATCCTTCCTTTCCCCGGGAGCTCGCGTTATGGTCACATGGTTTTTGTTACAAATCTCACAAGAAAAAATTTCAACATACTGACGTATGCTCGTTCCACTTCAGAT
7,1,6,AAACACAAAATGACAGGAACGTATTTACTGGGTTAACCATAATCAGCCTGCTTTTCATAACAAAAATCGCAGATAATCCTTCCTTTCCCCGGGAGCTCGCGTTATGGTCACATGGTTTTTGTTACAAATCTCACAAGAAAAAATTTCAACATACTGACGTCGACCATAGGTCCTTGGCGT
2,2,0,AAACACAAAATGACAGGAACGTATTTACTGGGTTAACCATAATCAGCCTGCTTTTCATAACAAAAATCGCAGATAATCCTTCCTTTCCCCGGGAGCTCGCGTTATGGTCACATGGTTTTTGTTACAAATCTCACAAGAAAAAATTTCAACATACTGACGTCTAGCTGTCCACGATACCTA
3,2,1,AAACACAAAATGACAGGAACGTATTTACTGGGTTAACCATAATCAGCCTGCTTTTCATAACAAAAATCGCAGATAATCCTTCCTTTCCCCGGGAGCTCGCGTTATGGTCACATGGTTTTTGTTACAAATCTCACAAGAAAAAATTTCAACATACTGACGTGGGTAGGAACTGGCCGCATC
1,1,0,AAACACAAAATGACAGGAACGTATTTACTGGGTTAACCATAATCAGCCTGCTTTTCATAACAAAAATCGCAGATAATCCTTCCTTTCCCCGGGAGCTCGCGTTATGGTCACATGGTTTTTGTTACAAATCTCACAAGAAAAAATTTCAACATACTGACGTTACAGGACGGTTCGGACATA
4,1,3,AAACACTAAAAGACAGCAACGTATATACTGGGTTATATATAATGATCCTGCTTTTCACCACAAATACGGCAGAAAATCCTTCCATTTCCCGGCAGCTGGCGTTATGGTCAGATGGTTGTTGCAACAAATCCCACAATAAAAAGGATCAACATACTGACTAAACTACCTTCATTGCGCACA
13,3,10,AAACACTAAAAGACAGCAACGTATATACTGGGTTATATATAATGATCCTGCTTTTCACCACAAATACGGCAGAAAATCCTTCCATTTCCCGGCAGCTGGCGTTATGGTCAGATGGTTGTTGCAACAAATCCCACAATAAAAAGGATCAACATACTGACTAATATACACCATCTTACTTTA
10,1,9,AAACACTAAAAGACAGCAACGTATATACTGGGTTATATATAATGATCCTGCTTTTCACCACAAATACGGCAGAAAATCCTTCCATTTCCCGGCAGCTGGCGTTATGGTCAGATGGTTGTTGCAACAAATCCCACAATAAAAAGGATCAACATACTGACTACTCTCTATATCCAGTTGGTA
12,2,10,AAACACTAAAAGACAGCAACGTATATACTGGGTTATATATAATGATCCTGCTTTTCACCACAAATACGGCAGAAAATCCTTCCATTTCCCGGCAGCTGGCGTTATGGTCAGATGGTTGTTGCAACAAATCCCACAATAAAAAGGATCAACATACTGACTACTGTGCGGTTGTTCACATCA
7,2,5,AAACACTAAAAGACAGCAACGTATATACTGGGTTATATATAATGATCCTGCTTTTCACCACAAATACGGCAGAAAATCCTTCCATTTCCCGGCAGCTGGCGTTATGGTCAGATGGTTGTTGCAACAAATCCCACAATAAAAAGGATCAACATACTGACTAGAGCAGGGGCTTGGAGATGC
4,0,4,AAACACTAAAAGACAGCAACGTATATACTGGGTTATATATAATGATCCTGCTTTTCACCACAAATACGGCAGAAAATCCTTCCATTTCCCGGCAGCTGGCGTTATGGTCAGATGGTTGTTGCAACAAATCCCACAATAAAAAGGATCAACATACTGACTAGGGATGGCAGTGAGCTCGAT
29,7,22,AAACACTAAAAGACAGCAACGTATATACTGGGTTATATATAATGATCCTGCTTTTCACCACAAATACGGCAGAAAATCCTTCCATTTCCCGGCAGCTGGCGTTATGGTCAGATGGTTGTTGCAACAAATCCCACAATAAAAAGGATCAACATACTGACTATCAGCTCTATGCTCGGGCTT
2,2,0,AAACACTAAAAGACAGGAACGTATTTACGGGGTGAAATACAGTCATCCGGCTTTTCATCTCAAAAACCGGAGATAATCCTTCCTTTCGCCGACAGCTGGCGTAATGGTCAGATGGTTTTTGCAACAGATCTCACAATAAAAAGTTACAACATACTGACTATGGATTAAAATTTCTAGAAC
1,1,0,AAACACTAAAAGACAGGAACGTATTTACGGGGTGAAATACAGTCATCCGGCTTTTCATCTCAAAAACCGGAGATAATCCTTCCTTTCGCCGGCAGCTGGCGTAATGGTCAGATGGTTTTTGCAACAGATCTCACAATAAAAAGTTACAACATACTGACTATTTGGAAGTTCGGTCTTAAG
4,4,0,AAACAGAAAAAGACAGTAACGTATTTACTGGGTTACATCTAATCATCCTGCTTTTCATCACAAAAACCACAGATAAACCCTCCTTTCCCCGGCAGCTGGCGTTATGGTCAGATGGTTTTTTCTAGAAAACTCACACTAAAATGTTTCAACATACTGACTAACCTGTGTTTGCGGCGCTCA
9,7,2,AAACAGAAAAAGACAGTAACGTATTTACTGGGTTACATCTAATCATCCTGCTTTTCATCACAAAAACCACAGATAAACCCTCCTTTCCCCGGCAGCTGGCGTTATGGTCAGATGGTTTTTTCTAGAAAACTCACACTAAAATGTTTCAACATACTGACTACAAGACGTTTTAGGAGTGTT
1,1,0,AAACAGAAAAAGACAGTAACGTATTTACTGGGTTACATCTAATCATCCTGCTTTTCATCACAAAAACCACAGATAAACCCTCCTTTCCCCGGCAGCTGGCGTTATGGTCAGATGGTTTTTTCTAGAAAACTCACACTAAAATGTTTCAACATACTGACTAGACCCCACAACGCCGTGCGC
6,6,0,AAACAGAAAAAGACAGTAACGTATTTACTGGGTTACATCTAATCATCCTGCTTTTCATCACAAAAACCACAGATAAACCCTCCTTTCCCCGGCAGCTGGCGTTATGGTCAGATGGTTTTTTCTAGAAAACTCACACTAAAATGTTTCAACATACTGACTAGCAGATATTTGATTTCGACG
1,1,0,AAACAGAAAAAGACAGTAACGTATTTACTGGGTTACATCTAATCATCCTGCTTTTCATCACAAAAACCACAGATAAACCCTCCTTTCCCCGGCAGCTGGCGTTATGGTCAGATGGTTTTTTCTAGAAAACTCACACTAAAATGTTTCAACATACTGACTATGATTACGTACCGGGTATCT
1,1,0,AAACAGAAAAAGACAGTAACGTATTTACTGGGTTACATCTAATCATCCTGCTTTTCATCACAAAAACCACAGATAAACCCTCCTTTCCCCGGCAGCTGGCGTTATGGTCCGATGGTTTTTTCTAGAAAACTCACACTAAAATGTTTCAACATACTGACTATAGCCCAATCCAGTTGACAC
3,3,0,AAACATAACAAGACAGGAACGTCTTTACTGAGTAAAATATAATCATCCTCCTTTTCATCACAAAAGCCGCAGATAATCCTACCTGTCCTCGGCAGCGGGTGTGATGCTCAGATGGTTGTTGCCACATATCTCACAACAAAAAGTTTCAACATAATCACTAAGGCGGCAGGATAGATTCGA
9,9,0,AAACATAACAAGACAGGAACGTCTTTACTGAGTAAAATATAATCATCCTCCTTTTCATCACAAAAGCCGCAGATAATCCTACCTGTCCTCGGCAGCGGGTGTGATGCTCAGATGGTTGTTGCCACATATCTCACAACAAAAAGTTTCAACATAATCACTAATAAGTATTTCCTCTAGGTG
3,3,0,AAACATAACAAGACAGGAACGTCTTTACTGAGTAAAATATAATCATCCTCCTTTTCATCACAAAAGCCGCAGATAATCCTACCTGTCCTCGGCAGCGGGTGTGATGCTCAGATGGTTGTTGCCACATATCTCACAACAAAAAGTTTCAACATAATCACTAATTTACGACACCCGAAAACG
12,12,0,AAACATAACAAGACAGGAACGTCTTTACTGAGTAAAATATAATCATCCTCCTTTTCATCACAAAAGCCGCAGATAATCCTACCTGTCCTCGGCAGCGGGTGTGATGCTCAGATGGTTGTTGCCACATATCTCACAACAAAAAGTTTCAACATAATCACTACGTGAGACACGAGTGGGGTG
6,6,0,AAACATAACAAGACAGGAACGTCTTTACTGAGTAAAATATAATCATCCTCCTTTTCATCACAAAAGCCGCAGATAATCCTACCTGTCCTCGGCAGCGGGTGTGATGCTCAGATGGTTGTTGCCACATATCTCACAACAAAAAGTTTCAACATAATCACTACTCGGGTACGTCACGCACAG
1,1,0,AAACATAACAAGACAGGAACGTCTTTACTGAGTAAAATATAATCATCCTCCTTTTCATCACAAAAGCCGCAGATAATCCTACCTGTCCTCGGCAGCGGGTGTGATGCTCAGATGGTTGTTGCCACATATCTCACAACAAAAAGTTTCAACATAATCACTACTGTGTATGGAGAGATCTGA
8,8,0,AAACATAACAAGACAGGAACGTCTTTACTGAGTAAAATATAATCATCCTCCTTTTCATCACAAAAGCCGCAGATAATCCTACCTGTCCTCGGCAGCGGGTGTGATGCTCAGATGGTTGTTGCCACATATCTCACAACAAAAAGTTTCAACATAATCACTATAACGGGTTTATCGGGGTAC
2,2,0,AAACATAACAAGACAGGAACGTCTTTACTGAGTAAAATATAATCATCCTCCTTTTCATCACAAAAGCCGCAGATAATCCTACCTGTCCTCGGCAGCGGGTGTGATGCTCAGATGGTTGTTGCCACATATCTCACAACAAAAAGTTTCAACATAATCACTATAGGCTCTTCATGAGCAATT
8,1,7,AAACCAAAAAAGACAGGAACGTATTTACTGGGCTAAATATAATCATCCTGCTTTTCATCACAAAAACCGCAGATAATCCTTCTCTTCCCTGGCAGGATGCGTTATGGTCAGATGGTTTTTGCGACAGGTCTCACGATAAAAAGTTTCAACATACAGACTAATGATAATCTCCGACACATG
51,2,49,AAACCAAAAAAGACAGGAACGTATTTACTGGGCTAAATATAATCATCCTGCTTTTCATCACAAAAACCGCAGATAATCCTTCTCTTCCCTGGCAGGATGCGTTATGGTCAGATGGTTTTTGCGACAGGTCTCACGATAAAAAGTTTCAACATACAGACTAATTCGCTTGGTCAAGTTAAT
94,3,91,AAACCAAAAAAGACAGGAACGTATTTACTGGGCTAAATATAATCATCCTGCTTTTCATCACAAAAACCGCAGATAATCCTTCTCTTCCCTGGCAGGATGCGTTATGGTCAGATGGTTTTTGCGACAGGTCTCACGATAAAAAGTTTCAACATACAGACTACTTACCCACCTATCGCTTAG
61,2,59,AAACCAAAAAAGACAGGAACGTATTTACTGGGCTAAATATAATCATCCTGCTTTTCATCACAAAAACCGCAGATAATCCTTCTCTTCCCTGGCAGGATGCGTTATGGTCAGATGGTTTTTGCGACAGGTCTCACGATAAAAAGTTTCAACATACAGACTAGATCTCATCGCGCGCTGATA
8,2,6,AAACCAAAAAAGACAGGAACGTATTTACTGGGCTAAATATAATCATCCTGCTTTTCATCACAAAAACCGCAGATAATCCTTCTCTTCCCTGGCAGGATGCGTTATGGTCAGATGGTTTTTGCGACAGGTCTCACGATAAAAAGTTTCAACATACAGACTATAGCCTCAGTCGGACTCTGG
221,5,216,AAACCAAAAAAGACAGGAACGTATTTACTGGGCTAAATATAATCATCCTGCTTTTCATCACAAAAACCGCAGATAATCCTTCTCTTCCCTGGCAGGATGCGTTATGGTCAGATGGTTTTTGCGACAGGTCTCACGATAAAAAGTTTCAACATACAGACTATATGAGTACGATCATAAGCT
16,8,8,AAACGAAAAAAGACAGAAACGTATTTACTGACTTAAATATTTTCATCCCACTTTTCATCACAAAAACCGCAGATAATCCTTCCTTTCCCAGTCAGCTGGCGCTAAGGTCAGCTGGTTTTCGCATCAAACCGCACAAGATAAAGATTCAACATACTGACTATTTTAAGTTTACGAATTCGG
1,1,0,AAACGAAAAAAGACAGGAACGTATTTACTGACTTAAATATTTTCATCCCACTTTTCATCACAAAAACCGCAGATAATCCTTCCTTTCCCAGTCAGCTGGCGCTAAGGTCAGCTGGTTTTCGCATCAAACCGCACAAGATAAAGATTCAACATACTGACTAGTGTCGCCATAAGCCGTTCC
23,9,14,AAACGAAAAAAGACAGGAACGTATTTACTGACTTAAATATTTTCATCCCACTTTTCATCACAAAAACCGCAGATAATCCTTCCTTTCCCAGTCAGCTGGCGCTAAGGTCAGCTGGTTTTCGCATCAAACCGCACAAGATAAAGATTCAACATACTGACTAGTTCGCTGAAATGGGCATCC
5,2,3,AAACGAAAGAAGACAGGACCGTATATACTGGGTTAAATAGAATCATCCTGCATTTCATCACAAAAACAGTAGATAATCCTTCCTTTCCCCGGCAGCTGGCGTTATGGTCAGTTGAATTTTGCAACAAGTCTCCCGATAAAAAGTCTCAACATACTTACTGGTCTCGGCACCAGTTCATGA
3,0,3,AAACGAAAGAAGACAGGACCGTATATACTGGGTTAAATAGAATCATCCTGCATTTCATCACAAAAACAGTAGATAATCCTTCCTTTCCCCGGCAGCTGGCGTTATGGTCAGTTGAATTTTGCAACAAGTCTCCCGATAAAAAGTCTCAACATACTTACTGTGAGTGATGCAAGGCTTCAG
5,5,0,AAACGGACAAAGACAGGAAAGTATTTACTGGGCTAAATACAATCATCCTGCTTTTCATCACGAAGACCGCAGATAATCCTTCCTTCCCCCGGCAGCTGCCGATATGCGCAGATGGTTTCTGAAACAGATCTCACAATAAAACGTTTCAACATACTGACTAAAACGGTCAGGCGCATTGAA
7,7,0,AAACGGACAAAGACAGGAAAGTATTTACTGGGCTAAATACAATCATCCTGCTTTTCATCACGAAGACCGCAGATAATCCTTCCTTCCCCCGGCAGCTGCCGATATGCGCAGATGGTTTCTGAAACAGATCTCACAATAAAACGTTTCAACATACTGACTAACGCGTTGACCTTCAAATCG
4,4,0,AAACGGACAAAGACAGGAAAGTATTTACTGGGCTAAATACAATCATCCTGCTTTTCATCACGAAGACCGCAGATAATCCTTCCTTCCCCCGGCAGCTGCCGATATGCGCAGATGGTTTCTGAAACAGATCTCACAATAAAACGTTTCAACATACTGACTAATCGATCGACCCTAGTATGC
1,1,0,AAACGGACAAAGACAGGAAAGTATTTACTGGGCTAAATACAATCATCCTGCTTTTCATCACGAAGACCGCAGATAATCCTTCCTTCCCCCGGCAGCTGCCGATATGCGCAGATGGTTTCTGAAACAGATCTCACAATAAAACGTTTCAACATACTGACTACACAGGTTTCAAATAGTGGA
17,17,0,AAACGGACAAAGACAGGAAAGTATTTACTGGGCTAAATACAATCATCCTGCTTTTCATCACGAAGACCGCAGATAATCCTTCCTTCCCCCGGCAGCTGCCGATATGCGCAGATGGTTTCTGAAACAGATCTCACAATAAAACGTTTCAACATACTGACTATACACAGGCCTCTACTTTCG
17,3,14,AAACTAAAAAAGACAGGAACGTATTTACTGGGTTAAATATAAGCATCCTGCTTTTCATCACAAAAACCGCAGATAATCCTTCCTTTGCCCTGCAGCTGGCGTTATGGTCATATGGTTTTTGCAACAAAACTCACAATGAAAATTTTCAACCTACCGACTAACAAGATACTGTGATGTATG
33,7,26,AAACTAAAAAAGACAGGAACGTATTTACTGGGTTAAATATAAGCATCCTGCTTTTCATCACAAAAACCGCAGATAATCCTTCCTTTGCCCTGCAGCTGGCGTTATGGTCATATGGTTTTTGCAACAAAACTCACAATGAAAATTTTCAACCTACCGACTAAGAGTGCGATTAACCGTTTC
15,6,9,AAACTAAAAAAGACAGGAACGTATTTACTGGGTTAAATATAAGCATCCTGCTTTTCATCACAAAAACCGCAGATAATCCTTCCTTTGCCCTGCAGCTGGCGTTATGGTCATATGGTTTTTGCAACAAAACTCACAATGAAAATTTTCAACCTACCGACTATGACTCGTGGTTCTCCAAAA
5,5,0,AAATAAAAAAAGACAGGAACGTATTTACTGGGTGAAACATAATCATCCGGTTTTTCACCACAAAAACCGGAGATAAACCATCCCTTGCCTGGCAGCATACGTTATCTTCAGGTGGTTTTTGCAACAAACTTCGCAATAAAAGGCTTCAACATAGTGATTAAATGCACCTCGCTGTCGTGT
2,2,0,AAATAAAAAAAGACAGGAACGTATTTACTGGGTGAAACATAATCATCCGGTTTTTCACCACAAAAACCGGAGATAAACCATCCCTTGCCTGGCAGCATACGTTATCTTCAGGTGGTTTTTGCAACAAACTTCGCAATAAAAGGCTTCAACATAGTGATTAAGCCATTAACGCCATAATCA
3,3,0,AAATAAAAAAAGACAGGAACGTATTTACTGGGTGAAACATAATCATCCGGTTTTTCACCACAAAAACCGGAGATAAACCATCCCTTGCCTGGCAGCATACGTTATCTTCAGGTGGTTTTTGCAACAAACTTCGCAATAAAAGGCTTCAACATAGTGATTACAGTAGGCCGTAAAATTAGG
5,5,0,AAATAAAAAAAGACAGGAACGTATTTACTGGGTGAAACATAATCATCCGGTTTTTCACCACAAAAACCGGAGATAAACCATCCCTTGCCTGGCAGCATACGTTATCTTCAGGTGGTTTTTGCAACAAACTTCGCAATAAAAGGCTTCAACATAGTGATTACGGCATAGACTTTAGATCTA
29,25,4,AAATAAAAAAAGACAGGAACGTATTTACTGGGTGAAACATAATCATCCGGTTTTTCACCACAAAAACCGGAGATAAACCATCCCTTGCCTGGCAGCATACGTTATCTTCAGGTGGTTTTTGCAACAAACTTCGCAATAAAAGGCTTCAACATAGTGATTAGCGTGTAGTTTGCATAAGGC
2,2,0,AAATAAAAAAAGACAGGAACGTATTTACTGGGTGAAACATAATCATCCGGTTTTTCACCACAAAAACCGGAGATAAACCATCCCTTGCCTGGCAGCATACGTTATCTTCAGGTGGTTTTTGCAACAAACTTCGCAATAAAAGGCTTCAACATAGTGATTATACCGAAATTAAGGCAAGAT
6,6,0,AAATAAAAAAAGACAGGAACGTATTTACTGGGTGAAACATAATCATCCGGTTTTTCACCACAAAAACCGGAGATAAACCATCCCTTGCCTGGCAGCATACGTTATCTTCAGGTGGTTTTTGCAACAAACTTCGCAATAAAAGGCTTCAACATAGTGATTATTAGTGTTTGACGGTAGCAA
2,2,0,AAATAAAAAGAGACAAGAACGTATTTACTGGGTTAAATATAATGATCCCGCTTTTAGTCACAAAAACCGCAGGTTAACCTACCTTTCCCCGGCAGCTAGCGCTGTGGTCAGACGGTTGTTGCAACAAATCTCACAATGACAAGTCTCAACATACTGACTATAGGGTCGAGCGCTCTACAG
3,3,0,AAATAAAAAGAGACAAGAACGTATTTACTGGGTTAAATATAATGATCCCGCTTTTAGTCACAAAAACCGCAGGTTAACCTACCTTTCCCCGGCAGCTAGCGCTGTGGTCAGACGGTTGTTGCAACAAATCTCACAATGACAAGTCTCAACATACTGACTATTGGTTATTAGTATGCTTAG
13,11,2,AAGTAAAAAAAGACCGGAACGCATTTACCTGGTTTAATATAACCTTCCTGCTTTCCATCACAAAAGCAGCAGATAATCCTTCTTTGCCCCGGCAGCTGGCGTTATGGTCAGATGGTTTGTGCAAAGAATCTCACAATAAAAAGTTTCAACATACGGACTAGAATTGCGCGAGTTGCGGGC
10,6,4,AAGTAAAAAAAGACCGGAACGCATTTACCTGGTTTAATATAACCTTCCTGCTTTCCATCACAAAAGCAGCAGATAATCCTTCTTTGCCCCGGCAGCTGGCGTTATGGTCAGATGGTTTGTGCAAAGAATCTCACAATAAAAAGTTTCAACATACGGACTATCTAGGTCTGAGACACAGTC
9,0,9,AAGTAAAAAAAGACCGGAACGCATTTACCTGGTTTAATATAACCTTCCTGCTTTCCATCACAAAAGCAGCAGATAATCCTTCTTTGCCCCGGCAGCTGGCGTTATGGTCAGATGGTTTGTGCAAAGAATCTCACAATAAAAAGTTTCAACATACGGACTATTTCAGCTTCTCGAAAGCTA
7,7,0,AATCAAAAAAAGACAGGAACGTATTTACTGGGTAAAATATAATCATCCTGCTTGTCATCACAAATACCGCATAGTATCCTTCCTTTCCCCAGCAGCTGGCGTTATGGTCAGCGGGTTTTAGCAACAAATCTCACAATAATAAGTTACAACATACTGTCTAAAGCGTATATGTTACCACCA
13,5,8,AATCAAAAAAAGACAGGAACGTATTTACTGGGTAAAATATAATCATCCTGCTTGTCATCACAAATACCGCATAGTATCCTTCCTTTCCCCAGCAGCTGGCGTTATGGTCAGCGGGTTTTAGCAACAAATCTCACAATAATAAGTTACAACATACTGTCTACAATATACAGACTCGGAGAA
132,12,120,AATCAAAAAAAGACAGGAACGTATTTACTGGGTAAAATATAATCATCCTGCTTGTCATCACAAATACCGCATAGTATCCTTCCTTTCCCCAGCAGCTGGCGTTATGGTCAGCGGGTTTTAGCAACAAATCTCACAATAATAAGTTACAACATACTGTCTATCTAAAGCAACGGTCCGTTG
11,0,11,AATCAAAAAAAGACAGGAACGTATTTACTGGGTAAAATATAATCATCCTGCTTGTCATCACAAATACCGCATAGTATCCTTCCTTTCCCCAGCAGCTGGCGTTATGGTCAGTGGGTTTTAGCAACAAATCTCACAATAATAAGTTACAACATACTGTCTACTACAGGAGGAAGCAGAAAT
29,20,9,AATCAAAAAAAGACTGGAACATATTTACTGGGTTCAATATAATCATCGTTGTTTTAATCTCATAAACCGCAGATAATCCTTCCTTTCCCCGGCAGCTGGCGTTATGCACAGATGGTTTTTGCAACAAATCAGACAATAAAAAGCTTCAACGTTTTACCAACCGGAGGTGTAAAAAGGGGG
30,8,22,AATCAAAAAAAGACTGGAACATATTTACTGGGTTCAATATAATCATCGTTGTTTTAATCTCATAAACCGCAGATAATCCTTCCTTTCCCCGGCAGCTGGCGTTATGCACAGATGGTTTTTGCAACAAATCAGACAATAAAAAGCTTCAACGTTTTACCAAGACTCAGCCGTGGGTCTAAA
9,3,6,AATCAAAAAAAGACTGGAACATATTTACTTGGTTCAATATAATCATCGTTGTTTTAATCTCATAAACCGCAGATAATCCTTCCTTTCCCCGGCAGCTGGCGTTATGCACAGATGGTTTTTGCAACAAATCAGACAATAAAAAGCTTCAACGTTTTACCAACCAATATCCGAAGTATGAGG
2,1,1,AATCGAAAAAAGACAGGAACGTATTTTCTGGGTTAAATATAATCATCCTGCTTTTCAGCACAAAAACCGCAGATGACCCTCCCTTTCCCCGGCCGCTGGCGTCATGGTCAGATGGATTGTGCAACAAATCTCACTCGAAAAAGTTTCAACATACTGACTATTACACTATATTTGGAGAGA
8,8,0,AATCGAAAAAAGACAGGAACGTATTTTCTGTGTTAAATATAATCATCCTGCTTTTCAGCACAAAAACCGCAGATGACCCTCCCTTTCCCCGGCCGCTGGCGTCATGGTCAGATGGATTGTGCAACAAATCTCACTCGAAAAAGTTTCAACATACTGACTATTCCAGGAGGAGTGGAGACT
2,2,0,ACACAAAAAAACAATGGAACGTAATGACTGGGTTACATACAATCATCCTGCTTTTCATCACCAAAATCGCAGATTCTCCTTCCTTTCCCCTGCAGCTGGCGTTATGGTCAGATGGTTTTTGATACAAATCTCGCAATAAAAAGTTACAACGTACTGACTAATTACAGTATGTTTTCACAG
10,7,3,ACACAAAAAAACAATGGAACGTAATGACTGGGTTACATACAATCATCCTGCTTTTCATCACCAAAATCGCAGATTCTCCTTCCTTTCCCCTGCAGCTGGCGTTATGGTCAGATGGTTTTTGATACAAATCTCGCAATAAAAAGTTACAACGTACTGACTACCGGTACAGCATATGGGACT
7,3,4,ACACAAAAAAACAATGGAACGTAATGACTGGGTTACATACAATCATCCTGCTTTTCATCACCAAAATCGCAGATTCTCCTTCCTTTCCCCTGCAGCTGGCGTTATGGTCAGATGGTTTTTGATACAAATCTCGCAATAAAAAGTTACAACGTACTGACTACCTCTTTCCCGAACATCGGT
8,4,4,ACACAAAAAAACAATGGAACGTAATGACTGGGTTACATACAATCATCCTGCTTTTCATCACCAAAATCGCAGATTCTCCTTCCTTTCCCCTGCAGCTGGCGTTATGGTCAGATGGTTTTTGATACAAATCTCGCAATAAAAAGTTACAACGTACTGACTACGTTAAGGCTCCCATTATCC
9,7,2,ACACAAAAAAACAATGGAACGTAATGACTGGGTTACATACAATCATCCTGCTTTTCATCACCAAAATCGCAGATTCTCCTTCCTTTCCCCTGCAGCTGGCGTTATGGTCAGATGGTTTTTGATACAAATCTCGCAATAAAAAGTTACAACGTACTGACTAGAACGTGACAATCGCACAAG
8,2,6,ACACAAAAAAACAATGGAACGTAATGACTGGGTTACATACAATCATCCTGCTTTTCATCACCAAAATCGCAGATTCTCCTTCCTTTCCCCTGCAGCTGGCGTTATGGTCAGATGGTTTTTGATACAAATCTCGCAATAAAAAGTTACAACGTACTGACTAGGCCCGGCTTCAGGGGGGTG
9,9,0,ACACAAAAAAACACAGCTACGTATTTACTGGGATAAATATAATCCTCCGGCTCTACGTCACAAAAACCGCAGTTAATCCTTCCGTTCCCCGCCGCCTGGCGTCATGGTCAGATGGATTTTGCATCAAATCTCACAATAAAAAGTTTCAACATACTGACCCAACATATGATCCACCTGTTT
4,4,0,ACACAAAAAAACACAGCTACGTATTTACTGGGATAAATATAATCCTCCGGCTCTACGTCACAAAAACCGCAGTTAATCCTTCCGTTCCCCGCCGCCTGGCGTCATGGTCAGATGGATTTTGCATCAAATCTCACAATAAAAAGTTTCAACATACTGACCCATTGCACTCTTTGTACAAAA
5,5,0,ACACAAAAAAACACAGCTACGTATTTACTGGGATAAATATAATCCTCCGGCTCTACGTCACAAAAACCGCAGTTAATCCTTCCGTTCCCCGCCGCCTGGCGTCATGGTCAGATGGATTTTGCATCAAATCTCACAATAAAAAGTTTCAACATACTGACCCGCTATGAAGTGGCACCGGGT
8,8,0,ACACAAAAAAACACAGCTACGTATTTACTGGGATAAATATAATCCTCCGGCTCTACGTCACAAAAACCGCAGTTAATCCTTCCGTTCCCCGCCGCCTGGCGTCATGGTCAGATGGATTTTGCATCAAATCTCACAATAAAAAGTTTCAACATACTGACCCGTCCGCCAAATGTCTAAAAA
8,8,0,ACACAAAAAAACACAGCTACGTATTTACTGGGATAAATATAATCCTCCGGCTCTACGTCACAAAAACCGCAGTTAATCCTTCCGTTCCCCGCCGCCTGGCGTCATGGTCAGATGGATTTTGCATCAAATCTCACAATAAAAAGTTTCAACATACTGACCCTATTGCACTTCTCGAGTTGT
3,3,0,ACACAAAAAAACACAGCTACGTATTTACTGGGATAAATATAATCCTCCGGCTCTACGTCACAAAAACCGCAGTTAATCCTTCCGTTCCCCGCCGCCTGGCGTCATGGTCAGATGGATTTTGCATCAAATCTCACAATAAAAAGTTTCAACATACTGACCCTCTCAACGGCTCCCGTCAAA
4,4,0,ACACAAAAAAACACAGCTACGTATTTACTGGGATAAATATAATCCTCCGGCTCTACGTCACAAAAACCGCAGTTAATCCTTCCGTTCCCCGCCGCCTGGCGTCATGGTCAGATGGATTTTGCATCAAATCTCACAATAAAAAGTTTCAACATACTGACCCTGAACTGGGGATTCTCGATC
22,3,19,ACACAAAAAAACACAGGAACGTAGTTACTGGGCTAAATATAAACATCCGGCTGTTCATCACAAAAACCGCAGATAATCCTTCCTTGCACCGGCAGCTGGCGTTATGGTCAGATGGTTTCTGCAACAAATCTCATAATAAAAAGTTTCAATATATGGACTAATGCAGCGTGCATCTGGCTA
8,1,7,ACACAAAAAAACACAGGAACGTAGTTACTGGGCTAAATATAAACATCCGGCTGTTCATCACAAAAACCGCAGATAATCCTTCCTTGCACCGGCAGCTGGCGTTATGGTCAGATGGTTTCTGCAACAAATCTCATAATAAAAAGTTTCAATATATGGACTATACGCCCTAATATCACTTTT
14,4,10,ACACAAAAAAACACAGGAACGTAGTTACTGGGCTAAATATAAACATCCGGCTGTTCATCACAAAAACCGCAGATAATCCTTCCTTGCACCGGCAGCTGGCGTTATGGTCAGATGGTTTCTGCAACAAATCTCATAATAAAAAGTTTCAATATATGGACTATAGTCCTCATTATGACAGCA
3,1,2,ACACAAAAAAACACAGGAACGTAGTTACTGGGCTAAATATAAACATCCGGCTGTTCATCACAAAAACCGCAGATAATCCTTCCTTGCACCGGCAGCTGGCGTTATGGTCAGATGGTTTCTGCAACAAATCTCATAATAAAAAGTTTCAATATATGGACTATGTCGAACAGCTCATCTATG
1,1,0,ACACAAAAAAACACAGGAACGTATTTACGGGGTTAATTATAATCTTCCTGCTTTTTCTCACATTACCCGCAGATAATCCTTCCTTTACCCGGCAGCTGGCGTTATGGTCAGATGGTTTTTGCAACAAATCTCACAATAAGAAGGTTCATCATACTGTCTAACAACACATCAGTAGATTGT
1,1,0,ACACAAAAAAACACAGGAACGTATTTACGGGGTTAATTATAATCTTCCTGCTTTTTCTCACATTACCCGCAGATAATCCTTCCTTTACCCGGCAGCTGGCGTTATGGTCAGATGGTTTTTGCAACAAATCTCACAATAAGAAGGTTCATCATACTGTCTAATTTTCTTTCGTCCGGGATA
1,1,0,ACACAAAAAAACACAGGAACGTATTTACGGGGTTAATTATAATCTTCCTGCTTTTTCTCACATTACCCGCAGATAATCCTTCCTTTACCCGGCAGCTGGCGTTATGGTCAGATGGTTTTTGCAACAAATCTCACAATAAGAAGGTTCATCATACTGTCTACCCCCTGCTACCTCTCGTTC
10,6,4,ACACAAAAAAACACAGGAACGTATTTACGGGGTTAATTATAATCTTCCTGCTTTTTCTCACATTACCCGCAGATAATCCTTCCTTTACCCGGCAGCTGGCGTTATGGTCAGATGGTTTTTGCAACAAATCTCACAATAAGAAGGTTCATCATACTGTCTAGCTATGCGATTGGCCACGTA
1,1,0,ACACAAAAAAACACAGGAACGTATTTACGGGGTTAATTATAATCTTCCTGCTTTTTCTCACATTACCCGCAGATAATCCTTCCTTTACCCGGCAGCTGGCGTTATGGTCAGATGGTTTTTGCAACAAATCTCACAATAAGAAGGTTCATCATACTGTCTATCAGTGTCCATACACTCCGT
3,2,1,ACACAAAAAAACCCAGGAACGTATTTACTTGGTTAAATATAATCATCCTGCTTTTCATCACAAAAACCGCAGATAATCATTCCTTACCCCGGCCGCTGGCGTTCTGGGCAGATGGTTTCAGCAACAAATCTCAGATTAAAAAGTCTCAACATACTGACTAATACTCCCGACCACAGTATA
1,1,0,ACACAAAAAAACCCAGGAACGTATTTACTTGGTTAAATATAATCATCCTGCTTTTCATCACAAAAACCGCAGATAATCATTCCTTACCCCGGCCGCTGGCGTTCTGGGCAGATGGTTTCAGCAACAAATCTCAGATTAAAAAGTCTCAACATACTGACTAGCAATAGTGAAAGGGACAGT
2,2,0,ACACAAAAAAACCCAGGAACGTATTTACTTGGTTAAATATAATCATCCTGCTTTTCATCACAAAAACCGCAGATAATCATTCCTTACCCCGGCCGCTGGCGTTCTGGGCAGATGGTTTCAGCAACAAATCTCAGATTAAAAAGTCTCAACATACTGACTATGCCAGAGGATCGCCACCTT
11,11,0,ACACAAAAAAAGACAGCAACGTATTTACTGGGTTAAATATAATCTTCCTGCTTTTCGTTGCAAAGATCTCGGATGATCCTTCCTTCCCTCGGCAGCTGGCGTTATTGTCATGTGATTTTTACAACAAATCTCACAATAAAATGTTTAAAGATACTGACTAATGTTCTAACTGCGGTGAAG
5,5,0,ACACAAAAAAAGACAGCAACGTATTTACTGGGTTAAATATAATCTTCCTGCTTTTCGTTGCAAAGATCTCGGATGATCCTTCCTTCCCTCGGCAGCTGGCGTTATTGTCATGTGATTTTTACAACAAATCTCACAATAAAATGTTTAAAGATACTGACTAGAGTGCATTGCACCGGTATA
18,14,4,ACACAAAAAAAGACAGCAACGTATTTACTGGGTTAAATATAATCTTCCTGCTTTTCGTTGCAAAGATCTCGGATGATCCTTCCTTCCCTCGGCAGCTGGCGTTATTGTCATGTGATTTTTACAACAAATCTCACAATAAAATGTTTAAAGATACTGACTAGCCACATTACAGCACAAGTG
1,1,0,ACACAAAAAAAGACAGCAACGTATTTACTGGGTTAAATATAATCTTCCTGCTTTTCGTTGCAAAGATCTCGGATGATCCTTCCTTCCCTCGGCAGCTGGCGTTATTGTCATGTGATTTTTACAACAAATCTCACAATAAAATGTTTAAAGATACTGACTATCATCTTAGGGAATTGACCC
60,4,56,ACACAAAAAAAGACAGGAAAGTATTTACTGGGTTACATATAAACATCCTGCTTTCCATCACAAAACCCGCGGATAATCCTCCCTTGCCCAGCCAGTTGGAGTTATAGTAAGATGGTTTTTGCAACAAATCTCACAATAAAAAGTTTCAGCATACTAACTATGCGAGGGTATCCGACTCCA
28,0,28,ACACAAAAAAAGACAGGAAAGTATTTACTGGGTTACATATAAACATCCTGCTTTCCATCACAAAACCCGCGGATAATCCTCCCTTGCCCAGCCAGTTGGAGTTATGGTAAGATGGTTTTTGCAACAAATCTCACAATAAAAAGTTTCAGCATACTAACTAAAATCGACGTTGACACGTGT
32,1,31,ACACAAAAAAAGACAGGAAAGTATTTACTGGGTTACATATAAACATCCTGCTTTCCATCACAAAACCCGCGGATAATCCTCCCTTGCCCAGCCAGTTGGAGTTATGGTAAGATGGTTTTTGCAACAAATCTCACAATAAAAAGTTTCAGCATACTAACTAAACCGCGTCGGTAACATAGC
48,0,48,ACACAAAAAAAGACAGGAAAGTATTTACTGGGTTACATATAAACATCCTGCTTTCCATCACAAAACCCGCGGATAATCCTCCCTTGCCCAGCCAGTTGGAGTTATGGTAAGATGGTTTTTGCAACAAATCTCACAATAAAAAGTTTCAGCATACTAACTACACTTGTTAAGTGACCACCG
55,0,55,ACACAAAAAAAGACAGGAAAGTATTTACTGGGTTACATATAAACATCCTGCTTTCCATCACAAAACCCGCGGATAATCCTCCCTTGCCCAGCCAGTTGGAGTTATGGTAAGATGGTTTTTGCAACAAATCTCACAATAAAAAGTTTCAGCATACTAACTAGACTGTAGCTACGTGTTCTT
40,2,38,ACACAAAAAAAGACAGGAAAGTATTTACTGGGTTACATATAAACATCCTGCTTTCCATCACAAAACCCGCGGATAATCCTCCCTTGCCCAGCCAGTTGGAGTTATGGTAAGATGGTTTTTGCAACAAATCTCACAATAAAAAGTTTCAGCATACTAACTATAATGAGCGTTCTAGAGGTT
2,2,0,ACACAAAAAAAGACAGGAACGAATTTACTGGGTTAAAAATAATCATCCTGCATATCATCAAGAAAAGCGCAGATCATCCTTCCTCTCCCGGGCAGCTGCCGTGATGGTCAGGTGGTTTCTGCAACAAATCTCATAATAAAAAGTTCTAACATATTGACTATCAGTAGCGCTGGGTAAAGG
8,0,8,ACACAAAAAAAGACAGGAACGAATTTACTGGGTTAAATATAATCATCCTGCTTTTCATCACAAAAACCGCAGATAATCCTTCCTTTCCCCGGCAGCTAGCGTTATCGTCAGATGGTTTTTGCAACAACTCTCACAATAACAAGCTTCAACATACTGACTAACGGATCGTGCCGTTCAAAA
15,2,13,ACACAAAAAAAGACAGGAACGAATTTACTGGGTTAAATATAATCATCCTGCTTTTCATCACAAAAACCGCAGATAATCCTTCCTTTCCCCGGCAGCTAGCGTTATCGTCAGATGGTTTTTGCAACAACTCTCACAATAACAAGCTTCAACATACTGACTAAGTGCTCTTCCGAGTCGATC
22,4,18,ACACAAAAAAAGACAGGAACGAATTTACTGGGTTAAATATAATCATCCTGCTTTTCATCACAAAAACCGCAGATAATCCTTCCTTTCCCCGGCAGCTAGCGTTATCGTCAGATGGTTTTTGCAACAACTCTCACAATAACAAGCTTCAACATACTGACTAATATGAGCATGGCTTTGTTG
7,0,7,ACACAAAAAAAGACAGGAACGAATTTACTGGGTTAAATATAATCATCCTGCTTTTCATCACAAAAACCGCAGATAATCCTTCCTTTCCCCGGCAGCTAGCGTTATCGTCAGATGGTTTTTGCAACAACTCTCACAATAACAAGCTTCAACATACTGACTAATTTCGCTACAACTTGTTAC
29,1,28,ACACAAAAAAAGACAGGAACGAATTTACTGGGTTAAATATAATCATCCTGCTTTTCATCACAAAAACCGCAGATAATCCTTCCTTTCCCCGGCAGCTAGCGTTATCGTCAGATGGTTTTTGCAACAACTCTCACAATAACAAGCTTCAACATACTGACTACCCGGTCAACTACGCTGCTG
61,8,53,ACACAAAAAAAGACAGGAACGAATTTACTGGGTTAAATATAATCATCCTGCTTTTCATCACAAAAACCGCAGATAATCCTTCCTTTCCCCGGCAGCTAGCGTTATCGTCAGATGGTTTTTGCAACAACTCTCACAATAACAAGCTTCAACATACTGACTACTTGGTTTTTTAGTAGTGAA
2,2,0,ACACAAAAAAAGACAGGAACGAATTTACTGGGTTAAATATAATCATCCTGCTTTTCATCACAAAAACCGCAGATAATCCTTCCTTTCCCCGGCAGCTAGCGTTATCGTCAGATGGTTTTTGCAACAACTCTCACAATAACAAGCTTCAACATACTGACTAGTCTTTGTAAACTGAGGCTT
1,0,1,ACACAAAAAAAGACAGGAACGAATTTACTGGGTTAAATATAATCATCCTGCTTTTCATCACAAAAACCGCAGATAATCCTTCCTTTCCCCGGCAGCTAGCGTTATCGTCAGATGGTTTTTGCAACAACTCTCACAATAACAAGCTTCAACATACTGACTAGTTCAGGCGTTAAATTCACT
4,1,3,ACACAAAAAAAGACAGGAACGAATTTACTGGGTTAAATATAATCATCCTGCTTTTCATCACAAAAACCGCAGATAATCCTTCCTTTCCCCGGCAGCTAGCGTTATCGTCAGATGGTTTTTGCAACAACTCTCACAATAACAAGCTTCAACATACTGACTATACTTCAGATAGGTACAAGC
109,9,100,ACACAAAAAAAGACAGGAACGAATTTACTGGGTTAAATATAATCATCCTGCTTTTCATCACAAAAACCGCAGATAATCCTTCCTTTCCCCGGCAGCTAGCGTTATCGTCAGATGGTTTTTGCAACAACTCTCACAATAACAAGCTTCAACATACTGACTATCGGGAGGGGCATAAGTCTT
18,2,16,ACACAAAAAAAGACAGGAACGAATTTACTGGGTTAAATATAATCATCCTGCTTTTCATCACAAAAACCGCAGATAATCCTTCCTTTCCCCGGCAGCTAGCGTTATCGTCAGATGGTTTTTGCAACAACTCTCACAATAACAAGCTTCAACATACTGACTATGACATGGTCATATCCCCCA
24,8,16,ACACAAAAAAAGACAGGAACGAATTTACTGGGTTAAATATAATCATCCTGCTTTTCATCACAAAAACCGCAGATAATCCTTCCTTTCCCCGGCAGCTAGCGTTATCGTCAGATGGTTTTTGCAACAACTCTCACAATAACAAGCTTCAACATACTGACTATGCGCGGCAGATCTTCTCCA
2,2,0,ACACAAAAAAAGACAGGAACGTACTTACTGGGTTAAAAGTAAACTTCCTGCTTTTCATCACGAAAATCGCAGATAATCCTTGCTTTCCCCGGCACTTGGCTTTGTGTTCAGATGGTTTTTGCAACAAATCTCACAATAAAACGAATCAAAATACTGACTAAAACTCCTCGTTAGTGTGAT
2,2,0,ACACAAAAAAAGACAGGAACGTACTTACTGGGTTAAAAGTAAACTTCCTGCTTTTCATCACGAAAATCGCAGATAATCCTTGCTTTCCCCGGCACTTGGCTTTGTGTTCAGATGGTTTTTGCAACAAATCTCACAATAAAACGAATCAAAATACTGACTAATCAAGCATGTGAGTAAATG
1,1,0,ACACAAAAAAAGACAGGAACGTACTTACTGGGTTAAAAGTAAACTTCCTGCTTTTCATCACGAAAATCGCAGATAATCCTTGCTTTCCCCGGCACTTGGCTTTGTGTTCAGATGGTTTTTGCAACAAATCTCACAATAAAACGAATCAAAATACTGACTAGCGACTGTACGTACTAAGGT
1,1,0,ACACAAAAAAAGACAGGAACGTACTTACTGGGTTAAAAGTAAACTTCCTGCTTTTCATCACGAAAATCGCAGATAATCCTTGCTTTCCCCGGCACTTGGCTTTGTGTTCAGATGGTTTTTGCAACAAATCTCACAATAAAACGAATCAAAATACTGACTATATGGAGGTTATCTTATCTT
1,1,0,ACACAAAAAAAGACAGGAACGTACTTACTGGGTTAAAAGTAAACTTCCTGCTTTTCATCACGAAAATCGCAGATAATCCTTGCTTTCCCCGGCACTTGGCTTTGTGTTCAGATGGTTTTTGCAACAAATCTCACAATAAAACGAATCAAAATACTGACTATTCGGCTACCATTATCATAG
4,4,0,ACACAAAAAAAGACAGGAACGTAGTGAGTGGGTTAGCTATAATCATTCTGCTTTTCATCACAAAAACCGCAGATAATCCTTCCTTTCCCCGGCGCCTAGCTCTCTGGTCAGACGCTTTTTGCAACAAATGACACACTACAAAGTTTCAACATACTGACTAGGTCCGAGGAGGAAACGGAG
2,2,0,ACACAAAAAAAGACAGGAACGTAGTGAGTGGGTTAGCTATAATCATTCTGCTTTTCATCACAAAAACCGCAGATAATCCTTCCTTTCCCCGGCGCCTAGCTCTCTGGTCAGACGCTTTTTGCAACAAATGACACACTACAAAGTTTCAACATACTGACTATATCGGCTTTAAACCTTTTA
4,4,0,ACACAAAAAAAGACAGGAACGTAGTGAGTGGGTTAGCTATAATCATTCTGCTTTTCATCACAAAAACCGCAGATAATCCTTCCTTTCCCCGGCTCCTAGCTCTCTGGTCAGACGCTTTTTGCAACAAATGACACACTACAAAGTTTCAACATACTGACTAAGTGATGATTGTGCTCGATT
17,5,12,ACACAAAAAAAGACAGGAACGTATTTACTGGGTTAAATATAATCATCCTGCTTGTCAACATAATAAACGCAGATAATCCTTGCTTGCCCCGGCAGCTGGCGTTATAGTCTGAAGGTCTTTGCAACAAATCTCACAAGAAAAAGTTTCACCTTAATGGCTAAACGTCTCACACTACGGGGT
2,0,2,ACACAAAAAAAGACAGGAACGTATTTACTGGGTTAAATATAATCATCCTGCTTGTCAACATAATAAACGCAGATAATCCTTGCTTGCCCCGGCAGCTGGCGTTATAGTCTGAAGGTCTTTGCAACAAATCTCACAAGAAAAAGTTTCACCTTAATGGCTAATGTGTCTCCAGGGGTACTG
5,1,4,ACACAAAAAAAGACAGGAACGTATTTACTGGGTTAAATATAATCATCCTGCTTGTCAACATAATAAACGCAGATAATCCTTGCTTGCCCCGGCAGCTGGCGTTATAGTCTGAAGGTCTTTGCAACAAATCTCACAAGAAAAAGTTTCACCTTAATGGCTACAGATCTTGCGCCTGTCGAC
12,0,12,ACACAAAAAAAGACAGGAACGTATTTACTGGGTTAAATATAATCATCCTGCTTGTCAACATAATAAACGCAGATAATCCTTGCTTGCCCCGGCAGCTGGCGTTATAGTCTGAAGGTCTTTGCAACAAATCTCACAAGAAAAAGTTTCACCTTAATGGCTACTATCAACCATCGTGCTTCG
48,2,46,ACACAAAAAAAGACAGGAACGTATTTACTGGGTTAAATATAATCATCCTGCTTGTCAACATAATAAACGCAGATAATCCTTGCTTGCCCCGGCAGCTGGCGTTATAGTCTGAAGGTCTTTGCAACAAATCTCACAAGAAAAAGTTTCACCTTAATGGCTATACAGGAGTGAAGGATTAAG
3,3,0,ACACAAAAAAAGACAGGAACGTATTTACTGGGTTAAATATTATCATCCTGCTTTTCATCACGAAGACCGCAGGTAACCCTTCTTTTCTGCGGCAGCTGGCCTCATGGTCAGACGATTTTTGCAACAAATCTAACAATACAAAGTTTCATCAAACTTACTAAGAAGGCCGTGCGGCGCCAG
5,5,0,ACACAAAAAAAGACAGGAACGTATTTACTGGGTTAAATATTATCATCCTGCTTTTCATCACGAAGACCGCAGGTAACCCTTCTTTTCTGCGGCAGCTGGCCTCATGGTCAGACGATTTTTGCAACAAATCTAACAATACAAAGTTTCATCAAACTTACTAGCCGGTGGGTTCTGTAGGCG
9,9,0,ACACAAAAAAAGACAGGAACGTATTTACTGGGTTTAATATAATCATCCTGCTGTTCATCACTAACACCGCAGATAATCATTCCTTTCCTCGGCAGCTGGCGTTATGGTCAGACGGTTTTTGCAACAATTCTCAAAATTAAAGGTTGCAACATACTGACTAACCCCGCAGCGCGTTGGTGA
1,1,0,ACACAAAAAAAGACAGGAACGTATTTACTGGGTTTAATATAATCATCCTGCTGTTCATCACTAACACCGCAGATAATCATTCCTTTCCTCGGCAGCTGGCGTTATGGTCAGACGGTTTTTGCAACAATTCTCAAAATTAAAGGTTGCAACATACTGACTAACGCGCGCCATAGAAGTTCT
3,3,0,ACACAAAAAAAGACAGGAACGTATTTACTGGGTTTAATATAATCATCCTGCTGTTCATCACTAACACCGCAGATAATCATTCCTTTCCTCGGCAGCTGGCGTTATGGTCAGACGGTTTTTGCAACAATTCTCAAAATTAAAGGTTGCAACATACTGACTACACGGCAGTGTCTGCGAACA
6,4,2,ACACAAAAAAAGACAGGAACGTATTTACTGGGTTTAATATAATCATCCTGCTGTTCATCACTAACACCGCAGATAATCATTCCTTTCCTCGGCAGCTGGCGTTATGGTCAGACGGTTTTTGCAACAATTCTCAAAATTAAAGGTTGCAACATACTGACTAGAAAGGTGATATCAATTTTA
5,5,0,ACACAAAAAAAGACAGGAACGTATTTACTGGGTTTAATATAATCATCCTGCTGTTCATCACTAACACCGCAGATAATCATTCCTTTCCTCGGCAGCTGGCGTTATGGTCAGACGGTTTTTGCAACAATTCTCAAAATTAAAGGTTGCAACATACTGACTAGAAGGAGCCGGACCCTCCCT
4,4,0,ACACAAAAAAAGACAGGAACGTATTTACTGGGTTTAATATAATCATCCTGCTGTTCATCACTAACACCGCAGATAATCATTCCTTTCCTCGGCAGCTGGCGTTATGGTCAGACGGTTTTTGCAACAATTCTCAAAATTAAAGGTTGCAACATACTGACTAGTCGGTTCCGCATAGATCAA
1,1,0,ACACAAAAAAAGACAGGAACGTATTTACTGGGTTTAATATAATCATCCTGCTGTTCATCACTAACACCGCAGATAATCATTCCTTTCCTCGGCAGCTGGCGTTATGGTCAGACGGTTTTTGCAACAATTCTCAAAATTAAAGGTTGCAACATACTGACTATGCAACCTGCGCAAGCTGAA
20,14,6,ACACAAAAAAAGACAGGAACGTATTTGTTGGCTTAAATATAATCATCCTGCTTTTCAACACAAAAACCGCAGTTAATGTTTCCTTTTCACGGCAGCTCGCGTTATTGTCAAATGGTTTTTGCCACAAATCTCATAATAAAGAGTTTCAACGTACTCGCTAGACCTCCAGCTGGTAAAAGT
5,5,0,ACACAAAAAAAGACAGGAACGTATTTGTTGGCTTAAATATAATCATCCTGCTTTTCAACACAAAAACCGCAGTTAATGTTTCCTTTTCACGGCAGCTCGCGTTATTGTCAAATGGTTTTTGCCACAAATCTCATAATAAAGAGTTTCAACGTACTCGCTATAACATGGCACCGCTTCTCT
11,6,5,ACACAAAAAAAGACAGGAACGTATTTGTTGGCTTAAATATAATCATCCTGCTTTTCAACACAAAAACCGCAGTTAATGTTTCCTTTTCACGGCAGCTCGCGTTATTGTCAAATGGTTTTTGCCACAAATCTCATAATAAAGAGTTTCAACGTACTCGCTATCATTGACCGCAGTTGCGGC
2,2,0,ACACAAAAAAAGACAGGAACGTATTTGTTGGCTTAAATATAATCATCCTGCTTTTCAACACAAAAACCGCAGTTAATGTTTCCTTTTCACGGCAGCTCGCGTTATTGTCAAATGGTTTTTGCCACAAATCTCATAATAAAGAGTTTCAACGTACTCGCTATCCGCTAACCGTGAGCAACC
8,4,4,ACACAAAAAAAGACAGGAACGTATTTTCTGTGTTAAATATAATCAACCTCCTTTTCATCACAGAGACCGAAGATAATTCTTCCTTTCCCCGCCAGCTTGCGTTATGGTCAGATGGTTTTTGCACCAAATCCCACAATAAAAAGTTTGAACATAGTGAATATAAGAGCGTATCTTTAGAAC
6,6,0,ACACAAAAAAAGACAGGAACTTGTCTACTGGGTTAAATATAATCATCCTGCGTTTCATCATAACAACCGCGGACAATACTTCATTTCCCCGGCAACTGGCGGTCTGGTCAGATTGTTTTTGCAACAAATTTCACACTGAAAAGTTTCAACATACTGACTACAGGGCGGTGGATTTATGCG
1,1,0,ACACAAAAAAAGACAGGAACTTGTCTACTGGGTTAAATATAATCATCCTGCGTTTCATCATAACAACCGCGGACAATACTTCATTTCCCCGGCAACTGGCGGTCTGGTCAGATTGTTTTTGCAACAAATTTCACACTGAAAAGTTTCAACATACTGACTACTTCTGTAATGCGTTACTAG
116,28,88,ACACAAAAAAAGACAGGAACTTGTCTACTGGGTTAAATATAATCATCCTGCGTTTCATCATAACAACCGCGGACAATACTTCATTTCCCCGGCAACTGGCGGTCTGGTCAGATTGTTTTTGCAACAAATTTCACACTGAAAAGTTTCAACATACTGACTAGAGCATGCGTAGGAAATCCG
1,1,0,ACACAAAAAAAGACAGGAACTTGTCTACTGGGTTAAATATAATCATCCTGCGTTTCATCATAACAACCGCGGACAATACTTCATTTCCCCGGCAACTGGCGGTCTGGTCAGATTGTTTTTGCAACAAATTTCACACTGAAAAGTTTCAACATACTGACTAGTGAGGCTTCAGATTTATTA
59,51,8,ACACAAAAAAAGACAGGAACTTGTCTACTGGGTTAAATATAATCATCCTGCGTTTCATCATAACAACCGCGGACAATACTTCATTTCCCCGGCAACTGGCGGTCTGGTCAGATTGTTTTTGCAACAAATTTCACACTGAAAAGTTTCAACATACTGACTATGGTACGTGTCCTGTTGCGT
8,6,2,ACACAAAAAAAGACAGGAACTTGTCTACTGGGTTAAATATAATCATCCTGCGTTTCATCATAACAACCGCGGACAATACTTCATTTCCCCGGCAACTGGCGGTCTGGTCAGATTGTTTTTGCAACAAATTTCACACTGAAAAGTTTCAACATACTGACTATTTACCTGGGGCCCGAAAAT
2,1,1,ACACAAAAAAAGACAGGAGCGTATTTACTGGGCCACATTTAATCATCCTGCTTTTCGTCACAAAAACCCCAGATAATCCATCCTTTCCCCGGAAGCTTGCGTTATGGTCAGATGGTTCTTGCAACAAAACTTCCAATAAAAAGTTTCAATATACTGACTAGCGGTGGTTGGTATGATGAG
5,3,2,ACACAAAAAAAGACAGGAGCGTATTTACTGGGCCACATTTAATCATCCTGCTTTTCGTCACAAAAACCCCAGATAATCCATCCTTTCCCCGGAAGCTTGCGTTATGGTCAGATGGTTCTTGCAACAAAACTTCCAATAAAAAGTTTCAATATACTGACTATATCTACGAGCATGCGGATA
23,8,15,ACACAAAAAAAGAGTGGAACGTATTTGTTGGGTTCAATCTAATCATCCTGCTTGTTATCACAACAACCGCAGATAATCCTTCCTAGCTCCGGCAGCTGGCGTTATGATCCGATGGTTTTTGAAACAAATCACACAATTAAAAATTTCAACATACTAACTAAACACGTACGTACGGTACTT
6,5,1,ACACAAAAAAAGAGTGGAACGTATTTGTTGGGTTCAATCTAATCATCCTGCTTGTTATCACAACAACCGCAGATAATCCTTCCTAGCTCCGGCAGCTGGCGTTATGATCCGATGGTTTTTGAAACAAATCACACAATTAAAAATTTCAACATACTAACTAAGTCCGCGAAGTCCCCGTTC
2,0,2,ACACAAAAAAAGAGTGGAACGTATTTGTTGGGTTCAATCTAATCATCCTGCTTGTTATCACAACAACCGCAGATAATCCTTCCTAGCTCCGGCAGCTGGCGTTATGATCCGATGGTTTTTGAAACAAATCACACAATTAAAAATTTCAACATACTAACTAGAGGCGATTTTTATCACAAA
23,15,8,ACACAAAAAAAGAGTGGAACGTATTTGTTGGGTTCAATCTAATCATCCTGCTTGTTATCACAACAACCGCAGATAATCCTTCCTAGCTCCGGCAGCTGGCGTTATGATCCGATGGTTTTTGAAACAAATCACACAATTAAAAATTTCAACATACTAACTAGGTCATAGGCCCTGGCGCCA
1,0,1,ACACAAAAAAAGAGTGGAACGTATTTGTTGGGTTCAATCTAATCATCCTGCTTGTTATCACAACAACCGCAGATAATCCTTCCTAGCTCCGGCAGCTGGCGTTATGATCCGATGGTTTTTGAAACAAATCACACAATTAAAAATTTCAACATACTAACTAGTTAGGCCAGGTTAATATCT
4,3,1,ACACAAAAAAAGAGTGGAACGTATTTGTTGGGTTCAATCTAATCATCCTGCTTGTTATCACAACAACCGCAGATAATCCTTCCTAGCTCCGGCAGCTGGCGTTATGATCCGATGGTTTTTGAAACAAATCACACAATTAAAAATTTCAACATACTAACTATTAATATTAGAAATAAACGA
3,2,1,ACACAAAAAAAGCCAGGAACGTATTTACTGGTTTTAATTTGATCATCCTGCTTTTCGTCACAGAAACCGCAGATAATCCTTCCTTTCCCCGGCATCGGGCGTTATGGTCAGACGGTTTTTGCAACAAATCTCACAATAAAAAGTTTCAACCTACTGACTATCATAAAGGTATTCTCTACT
25,4,21,ACACAAAAAAAGTCAGGATCGTACTTACTGGGTTAAATATAATCATCCTGCTTTCCATCACAAAAACTGCAGATAATCCTTCGTTTCCCCGGCAGCTAACGTTATGGTAAGATGGTTTTTGCAACCAATGTCACTATATACAGTTTGAAAATACTGACTAAATAAATCTGTTTTACATGT
32,1,31,ACACAAAAAAAGTCAGGATCGTACTTACTGGGTTAAATATAATCATCCTGCTTTCCATCACAAAAACTGCAGATAATCCTTCGTTTCCCCGGCAGCTAACGTTATGGTAAGATGGTTTTTGCAACCAATGTCACTATATACAGTTTGAAAATACTGACTACGGTACCGGAGCGCTTCGAT
1,1,0,ACACAAAAAAAGTCAGGATCGTACTTACTGGGTTAAATATAATCATCCTGCTTTCCATCACAAAAACTGCAGATAATCCTTCGTTTCCCCGGCAGCTAACGTTATGGTAAGATGGTTTTTGCAACCAATGTCACTATATACAGTTTGAAAATACTGACTACTGGGGTATGTCTTCTAGTA
6,2,4,ACACAAAAAAAGTCAGGATCGTACTTACTGGGTTAAATATAATCATCCTGCTTTCCATCACAAAAACTGCAGATAATCCTTCGTTTCCCCGGCAGCTAACGTTATGGTAAGATGGTTTTTGCAACCAATGTCACTATATACAGTTTGAAAATACTGACTAGTCCGAGTCATGAGTCTCCA
5,4,1,ACACAAAAAACGAAAGGAACATATTTACTGGGTTAAATATAATCGTCTTGCTTTTCAGCACAAAAACCGCGGATAATCCTTCGTTTCCCCCGCAGCTGGCCTTATGGTCACATGGTTTTTGCATCAAATCTCACAATAAAAAGTGTCAACAAACTGACTAAAGACGAACTAGGAAATGTG
5,3,2,ACACAAAAAACGAAAGGAACATATTTACTGGGTTAAATATAATCGTCTTGCTTTTCAGCACAAAAACCGCGGATAATCCTTCGTTTCCCCCGCAGCTGGCCTTATGGTCACATGGTTTTTGCATCAAATCTCACAATAAAAAGTGTCAACAAACTGACTAACCCTCCAGAGTCTTGTTTC
2,2,0,ACACAAAAAACGAAAGGAACATATTTACTGGGTTAAATATAATCGTCTTGCTTTTCAGCACAAAAACCGCGGATAATCCTTCGTTTCCCCCGCAGCTGGCCTTATGGTCACATGGTTTTTGCATCAAATCTCACAATAAAAAGTGTCAACAAACTGACTAAGTATCGGTTCCGCCCCCGA
3,3,0,ACACAAAAAACGAAAGGAACATATTTACTGGGTTAAATATAATCGTCTTGCTTTTCAGCACAAAAACCGCGGATAATCCTTCGTTTCCCCCGCAGCTGGCCTTATGGTCACATGGTTTTTGCATCAAATCTCACAATAAAAAGTGTCAACAAACTGACTACCGTTAGTGTTAACAGTCAT
5,4,1,ACACAAAAAACGAAAGGAACATATTTACTGGGTTAAATATAATCGTCTTGCTTTTCAGCACAAAAACCGCGGATAATCCTTCGTTTCCCCCGCAGCTGGCCTTATGGTCACATGGTTTTTGCATCAAATCTCACAATAAAAAGTGTCAACAAACTGACTACGGAGATTATCAGGCACTCT
1,1,0,ACACAAAAAACGAAAGGAACATATTTACTGGGTTAAATATAATCGTCTTGCTTTTCAGCACAAAAACCGCGGATAATCCTTCGTTTCCCCCGCAGCTGGCCTTATGGTCACATGGTTTTTGCATCAAATCTCACAATAAAAAGTGTCAACAAACTGACTACTTCCTCGACAACGAATCTA
22,16,6,ACACAAAAAACGAAAGGAACATATTTACTGGGTTAAATATAATCGTCTTGCTTTTCAGCACAAAAACCGCGGATAATCCTTCGTTTCCCCCGCAGCTGGCCTTATGGTCACATGGTTTTTGCATCAAATCTCACAATAAAAAGTGTCAACAAACTGACTAGTGTTTGAAGAGATCGGTTC
10,5,5,ACACAAAAAACGAAAGGAACATATTTACTGGGTTAAATATAATCGTCTTGCTTTTCAGCACAAAAACCGCGGATAATCCTTCGTTTCCCCCGCAGCTGGCCTTATGGTCACATGGTTTTTGCATCAAATCTCACAATAAAAAGTGTCAACAAACTGACTATAGCTTGTCAATTCAGGGTC
2,0,2,ACACAAAAAACGAAAGGAACATATTTACTGGGTTAAATATAATCGTCTTGCTTTTCAGCACAAAAACCGCGGATAATCCTTCGTTTCCCCCGCAGCTGGCCTTATGGTCACATGGTTTTTGCATCAAATCTCACAATAAAAAGTGTCAACAAACTGACTATCTCTTTCAGAGTACGACGT
1,1,0,ACACAAAAAACGAAAGGAACATATTTACTGGGTTAAATATAATCGTCTTGCTTTTCAGCACAAAAACCGCGGATAATCCTTCGTTTCCCCCGCAGCTGGCCTTATGGTCACATGGTTTTTGCATCAAATCTCACAATAAAAAGTGTCAACAAACTGACTATTCCTAAGCTCTTACAAATT
26,1,25,ACACAAAAAACGACAGGAACGTTTTTATTGAGTTAAAGATAATCATCCGCCTTTTCATCACAAACACCTCAAATAATCCTTCCTTTCCCCGGCAGCTGGTGTTATGGTCAGATGGTTTTTGCAACAAATCGCACAATTAAAAATTTCAACATACTCACTCGGTCACGAGACGATTCTGGA
3,2,1,ACACAAAAAACGACAGGAACGTTTTTATTGAGTTAAAGATAATCATCCGCCTTTTCATCACAAACACCTCAGATAATCCTTCCTTTCCCCGGCAACTGGTGTTATGGTCAGATGGTTTTTGCAACAAATCGCACAATTAAAAATTTCAACATACTCACTCCTGTGTACGTATACTGGAAT
9,5,4,ACACAAAAAACGACAGGAACGTTTTTATTGAGTTAAAGATAATCATCCGCCTTTTCATCACAAACACCTCAGATAATCCTTCCTTTCCCCGGCAGCTGGTGTTATGGTCAGATGGTTTTTGCAACAAATCGCACAATTAAAAATTTCAACATACTCACTCCACTCTAAAGACTTTCGGGG
13,3,10,ACACAAAAAACGACAGGAACGTTTTTATTGAGTTAAAGATAATCATCCGCCTTTTCATCACAAACACCTCAGATAATCCTTCCTTTCCCCGGCAGCTGGTGTTATGGTCAGATGGTTTTTGCAACAAATCGCACAATTAAAAATTTCAACATACTCACTCCCAGATCATTCTCTGTGATG
3,2,1,ACACAAAAAACGACAGGAACGTTTTTATTGAGTTAAAGATAATCATCCGCCTTTTCATCACAAACACCTCAGATAATCCTTCCTTTCCCCGGCAGCTGGTGTTATGGTCAGATGGTTTTTGCAACAAATCGCACAATTAAAAATTTCAACATACTCACTCCGCCTTCCCAACTTCACAAA
2,1,1,ACACAAAAAACGACAGGAACGTTTTTATTGAGTTAAAGATAATCATCCGCCTTTTCATCACAAACACCTCAGATAATCCTTCCTTTCCCCGGCAGCTGGTGTTATGGTCAGATGGTTTTTGCAACAAATCGCACAATTAAAAATTTCAACATACTCACTCGACTCGTAACCATACTTTGG
7,0,7,ACACAAAAAACGACAGGAACGTTTTTATTGAGTTAAAGATAATCATCCGCCTTTTCATCACAAACACCTCAGATAATCCTTCCTTTCCCCGGCAGCTGGTGTTATGGTCAGATGGTTTTTGCAACAAATCGCACAATTAAAAATTTCAACATACTCACTCGCTGTGCTCGTTGTCGTCAA
38,12,26,ACACAAAAAACGACAGGAACGTTTTTATTGAGTTAAAGATAATCATCCGCCTTTTCATCACAAACACCTCAGATAATCCTTCCTTTCCCCGGCAGCTGGTGTTATGGTCAGATGGTTTTTGCAACAAATCGCACAATTAAAAATTTCAACATACTCACTCGGTAAAGCTACTGATAACCT
4,1,3,ACACAAAAAACGACAGGAACGTTTTTATTGAGTTAAAGATAATCATCCGCCTTTTCATCACAAACACCTCAGATAATCCTTCCTTTCCCCGGCAGCTGGTGTTATGGTCAGATGGTTTTTGCAACAAATCGCACAATTAAAAATTTCAACATACTCACTCGTAAAGGGCGTCTGTCAAGC
3,2,1,ACACAAAAAACGACAGGAACGTTTTTATTGAGTTAAAGATAATCATCCGCCTTTTCATCACAAACACCTCAGATAATCCTTCCTTTCCCCGGCAGCTGGTGTTATGGTCAGATGGTTTTTGCAACAAATCGCACAATTAAAAATTTCAACATACTCACTCGTAACTTTTATCATCCGCTC
6,2,4,ACACAAAAAACGACAGGAACGTTTTTATTGAGTTAAAGATAATCATCCGCCTTTTCATCACAAACACCTCAGATAATCCTTCCTTTCCCCGGCAGCTGGTGTTATGGTCAGATGGTTTTTGCAACAAATCGCACAATTAAAAATTTCAACATACTCACTCTAGGAATAGATTCCGGCGTG
17,5,12,ACACAAAAAACGACAGGAACGTTTTTATTGAGTTAAAGATAATCATCCGCCTTTTCATCACAAACACCTCAGATAATCCTTCCTTTCCCCGGCAGCTGGTGTTATGGTCAGATGGTTTTTGCAACAAATCGCACAATTAAAAATTTCAACATACTCACTCTCCCACGTGGGCGGCTTATT
14,3,11,ACACAAAAAACGACAGGAACGTTTTTATTGAGTTAAAGATAATCATCCGCCTTTTCATCACAAACACCTCAGATAATCCTTCCTTTCCCCGGCAGCTGGTGTTATGGTCAGATGGTTTTTGCAACAAATCGCACAATTAAAAATTTCAACATACTCACTCTCCTGATCGCGAATACAAAA
8,8,0,ACACAAAAAACGACAGGAACGTTTTTATTGAGTTAAAGATAATCATCCGCCTTTTCATCACAAACACCTCAGATAATCCTTCCTTTCCCCGGCAGCTGGTGTTATGGTCAGATGGTTTTTGCAACAAATCGCACAATTAAAAATTTCAACATACTCACTCTGAAGATCCGCGACAAGTTT
2,1,1,ACACAAAAAAGGACGGGTACGTATTTACTGAGTTAAAAATTATCATCCTGCTTTTCATCACGATAACCGCAGATAATCCGTCCTTTCCCCGGCAGCTGCTGTTATCGTCAGATGGTTTTTGCAACATATCTCACACTAAGATTAGTTAACATACTGACTAATGACATAAACTCTTTACTA
14,14,0,ACACAAAAAAGGACGGGTACGTATTTACTGAGTTAAAAATTATCATCCTGCTTTTCATCACGATAACCGCAGATAATCCGTCCTTTCCCCGGCAGCTGCTGTTATCGTCAGATGGTTTTTGCAACATATCTCACACTAAGATTAGTTAACATACTGACTACAATCCCGCGGCTCCCAGGT
1,1,0,ACACAAAAAAGGACGGGTACGTATTTACTGAGTTAAAAATTATCATCCTGCTTTTCATCACGATAACCGCAGATAATCCGTCCTTTCCCCGGCAGCTGCTGTTATCGTCAGATGGTTTTTGCAACATATCTCACACTAAGATTAGTTAACATACTGACTACCGGCCGTGACCGTTAATTT
6,2,4,ACACAAAAAAGGACGGGTACGTATTTACTGAGTTAAAAATTATCATCCTGCTTTTCATCACGATAACCGCAGATAATCCGTCCTTTCCCCGGCAGCTGCTGTTATCGTCAGATGGTTTTTGCAACATATCTCACACTAAGATTAGTTAACATACTGACTAGAAATCGTGCCTACAAACCC
5,1,4,ACACAAAAAAGGACGGGTACGTATTTACTGAGTTAAAAATTATCATCCTGCTTTTCATCACGATAACCGCAGATAATCCGTCCTTTCCCCGGCAGCTGCTGTTATCGTCAGATGGTTTTTGCAACATATCTCACACTAAGATTAGTTAACATACTGACTAGCCGTAATTCCGGGGAGTAG
1,1,0,ACACAAAAAAGGACGGGTACGTATTTACTGAGTTAAAAATTATCATCCTGCTTTTCATCACGATAACCGCAGATAATCCGTCCTTTCCCCGGCAGCTGCTGTTATCGTCAGATGGTTTTTGCAACATATCTCACACTAAGATTAGTTAACATACTGACTAGCTTTCCGCATCCTGAGGAT
1,1,0,ACACAAAAAAGGACGGGTACGTATTTACTGAGTTAAAAATTATCATCCTGCTTTTCATCACGATAACCGCAGATAATCCGTCCTTTCCCCGGCAGCTGCTGTTATCGTCAGATGGTTTTTGCAACATATCTCACACTAAGATTAGTTAACATACTGACTAGTCTCTTTCAAATCGAGGAG
3,3,0,ACACAAAAAAGGACGGGTACGTATTTACTGAGTTAAAAATTATCATCCTGCTTTTCATCACGATAACCGCAGATAATCCGTCCTTTCCCCGGCAGCTGCTGTTATCGTCAGATGGTTTTTGCAACATATCTCACACTAAGATTAGTTAACATACTGACTATGCTTCCTTAGTGTAGATTG
1,1,0,ACACAAAAAAGGACGGGTACGTATTTACTGAGTTAAAAATTATCATCCTGCTTTTCATCACGATAACCGCAGATAATCCGTCCTTTCCCCGGCAGCTGCTGTTATCGTCAGATGGTTTTTGCAACATATCTCACACTAAGATTAGTTAACATACTGACTATGTCTGCCAACCGGGACACA
8,6,2,ACACAAAAAAGGACGGGTACGTATTTACTGAGTTAAAAATTATCATCCTTCTTTTCATCACGATAACCGCAGATAATCCGTCCTTTCCCCGGCAGCTGCTGTTATCGTCAGATGGTTTTTGCAACATATCTCACACTAAGATTAGTTAACATACTGACTATACATTGACATACAAAACGA
2,1,1,ACACAAAAACAGACAGGAACGTATGTACTAGGTTAACTATATCCATCCTGCTTTTCATCACATGAACCGCAGATAATCCTTCCTTACCCTGGCAGCTGGCGTTATGGTCAGATGGTTTTTGCAATAAATCTTACAATAAAAAGTTTCAACATACTGACTACCTCTTTGTTTCTCAGGCAA
5,5,0,ACACAAAAACAGACAGGAACGTATGTACTAGGTTAACTATATCCATCCTGCTTTTCATCACATGAACCGCAGATAATCCTTCCTTACCCTGGCAGCTGGCGTTATGGTCAGATGGTTTTTGCAATAAATCTTACAATAAAAAGTTTCAACATACTGACTACTATCTTGGTCACGACGGCG
8,2,6,ACACAAAAATAGACAGGAACGTATTTACTCGGTCAAATAGAATCATCCTGCTTTTCATCAGAAAAACCGCACAAAATGCTTCCTTTCCCAGGCAGCTGGAGTTATGGTGAGATGGTTTTTGCAACAAATCTGACAATAAAAAGTCTCAACATGCTGACTAGTCCTTAGGGCCTCCGTATG
6,0,6,ACACAAAAATAGACAGGAACGTATTTACTCGGTCAAATAGAATCATCCTGCTTTTCATCAGAAAAACCGCACAAAATGCTTCCTTTCCCAGGCAGCTGGAGTTATGGTGAGATGGTTTTTGCAACAAATCTGACACTAAAAAGTCTCAACATGCTGACTATGGCCCTGCGCAGTCAAATT
5,5,0,ACACAAAAATAGACAGGAATGTATTTACTGGGTTAGATATAATTATCCGGCTTTTCCTCTCAAAAACCGCAGAGCATCCTTCTTTTTCCCGGCAGCTGGTGTTGTGGTCAGATGGTCTTTGCGACAAATCCCACAATAAAAAGTTTCAACATACTGACTAAGTCAACATGTCTGGAAGTA
3,3,0,ACACAAAAATAGACAGGAATGTATTTACTGGGTTAGATATAATTATCCGGCTTTTCCTCTCAAAAACCGCAGAGCATCCTTCTTTTTCCCGGCAGCTGGTGTTGTGGTCAGATGGTCTTTGCGACAAATCCCACAATAAAAAGTTTCAACATACTGACTAATAGAGCTTTTGTGCGTGGG
4,4,0,ACACAAAAATAGACAGGAATGTATTTACTGGGTTAGATATAATTATCCGGCTTTTCCTCTCAAAAACCGCAGAGCATCCTTCTTTTTCCCGGCAGCTGGTGTTGTGGTCAGATGGTCTTTGCGACAAATCCCACAATAAAAAGTTTCAACATACTGACTACACGAACCTAATGGTGGCTG
17,17,0,ACACAAAAATAGACAGGAATGTATTTACTGGGTTAGATATAATTATCCGGCTTTTCCTCTCAAAAACCGCAGAGCATCCTTCTTTTTCCCGGCAGCTGGTGTTGTGGTCAGATGGTCTTTGCGACAAATCCCACAATAAAAAGTTTCAACATACTGACTACCATATTCGCGACTACCAAA
8,4,4,ACACAAAAATAGACAGGAATGTATTTACTGGGTTAGATATAATTATCCGGCTTTTCCTCTCAAAAACCGCAGAGCATCCTTCTTTTTCCCGGCAGCTGGTGTTGTGGTCAGATGGTCTTTGCGACAAATCCCACAATAAAAAGTTTCAACATACTGACTACCCTCGCACCCCTCGCTCTG
3,3,0,ACACAAAAATAGACAGGAATGTATTTACTGGGTTAGATATAATTATCCGGCTTTTCCTCTCAAAAACCGCAGAGCATCCTTCTTTTTCCCGGCAGCTGGTGTTGTGGTCAGATGGTCTTTGCGACAAATCCCACAATAAAAAGTTTCAACATACTGACTACGGTGTTTGGTGCCGTAGTA
4,4,0,ACACAAAAATAGACAGGAATGTATTTACTGGGTTAGATATAATTATCCGGCTTTTCCTCTCAAAAACCGCAGAGCATCCTTCTTTTTCCCGGCAGCTGGTGTTGTGGTCAGATGGTCTTTGCGACAAATCCCACAATAAAAAGTTTCAACATACTGACTACTGATGGCAAGTGTCGGGGA
4,4,0,ACACAAAAATAGACAGGAATGTATTTACTGGGTTAGATATAATTATCCGGCTTTTCCTCTCAAAAACCGCAGAGCATCCTTCTTTTTCCCGGCAGCTGGTGTTGTGGTCAGATGGTCTTTGCGACAAATCCCACAATAAAAAGTTTCAACATACTGACTACTTATGTTCCGTATAGATGC
5,5,0,ACACAAAAATAGACAGGAATGTATTTACTGGGTTAGATATAATTATCCGGCTTTTCCTCTCAAAAACCGCAGAGCATCCTTCTTTTTCCCGGCAGCTGGTGTTGTGGTCAGATGGTCTTTGCGACAAATCCCACAATAAAAAGTTTCAACATACTGACTACTTCCACAAGTAGTTTTCTT
5,2,3,ACACAAAAATAGACAGGAATGTATTTACTGGGTTAGATATAATTATCCGGCTTTTCCTCTCAAAAACCGCAGAGCATCCTTCTTTTTCCCGGCAGCTGGTGTTGTGGTCAGATGGTCTTTGCGACAAATCCCACAATAAAAAGTTTCAACATACTGACTAGCATCTAAACATTTTCTTTT
4,1,3,ACACAAAAATAGACAGGAATGTATTTACTGGGTTAGATATAATTATCCGGCTTTTCCTCTCAAAAACCGCAGAGCATCCTTCTTTTTCCCGGCAGCTGGTGTTGTGGTCAGATGGTCTTTGCGACAAATCCCACAATAAAAAGTTTCAACATACTGACTAGTGGCGGTTTGAATTCTTAT
4,4,0,ACACAAAAATAGACAGGAATGTATTTACTGGGTTAGATATAATTATCCGGCTTTTCCTCTCAAAAACCGCAGAGCATCCTTCTTTTTCCCGGCAGCTGGTGTTGTGGTCAGATGGTCTTTGCGACAAATCCCACAATAAAAAGTTTCAACATACTGACTATAGATCCCCAGCATTCACTA
5,5,0,ACACAAAAATAGACAGGAATGTATTTACTGGGTTAGATATAATTATCCGGCTTTTCCTCTCAAAAACCGCAGAGCATCCTTCTTTTTCCCGGCAGCTGGTGTTGTGGTCAGATGGTCTTTGCGACAAATCCCACAATAAAAAGTTTCAACATACTGACTATAGCTCGAGTTTGCTACTCA
5,5,0,ACACAAAAATAGACAGGAATGTATTTACTGGGTTAGATATAATTATCCGGCTTTTCCTCTCAAAAACCGCAGAGCATCCTTCTTTTTCCCGGCAGCTGGTGTTGTGGTCAGATGGTCTTTGCGACAAATCCCACAATAAAAAGTTTCAACATACTGACTATCTTGCAAGCTTGGGTCGAA
3,3,0,ACACAAAAATAGACAGGAATGTATTTACTGGGTTAGATATAATTATCCGGCTTTTCCTCTCAAAAACCGCAGAGCATCCTTCTTTTTCCCGGCAGCTGGTGTTGTGGTCAGATGGTCTTTGCGACAAATCCCACAATAAAAAGTTTCAACATACTGACTATGGTCCCGACCACGACTCAG
4,4,0,ACACAAAATAAGACAGGAACTTATTTACTGCGTTAAATATTATCATCCTGCTTTTCATCACCAAAACCGCAGATATTCCTTCCTTTCCCCGGCAGCTGGCGTTATGGTCGGATGCTTTTTGCAACAACTCTCACAATAAAAAGTTTCAACCTACTCACGAAGGTTCCCCAGCTTATGATA
1,1,0,ACACAAAATAAGACAGGAACTTATTTACTGCGTTAAATATTATCATCCTGCTTTTCATCACCAAAACCGCAGATATTCCTTCCTTTCCCCGGCAGCTGGCGTTATGGTCGGATGCTTTTTGCAACAACTCTCACAATAAAAAGTTTCAACCTACTCACGAAGTAAGACTAAGCCCTTGTT
2,2,0,ACACAAAATAAGACAGGAACTTATTTACTGCGTTAAATATTATCATCCTGCTTTTCATCACCAAAACCGCAGATATTCCTTCCTTTCCCCGGCAGCTGGCGTTATGGTCGGATGCTTTTTGCAACAACTCTCACAATAAAAAGTTTCAACCTACTCACGACCGCATCGGTTTCGACTCGA
2,2,0,ACACAAAATAAGACAGGAACTTATTTACTGCGTTAAATATTATCATCCTGCTTTTCATCACCAAAACCGCAGATATTCCTTCCTTTCCCCGGCAGCTGGCGTTATGGTCGGATGCTTTTTGCAACAACTCTCACAATAAAAAGTTTCAACCTACTCACGACGCTAACAATAGCCTGGTAA
4,2,2,ACACAAATAAAAACAGGAACGTATTTAGTGGGTTATATATAATTATCCGGCTTTCCAGCATAACAACCGTAGATAATCCTGCCTCTCCCCGGCAGCTGGCGTTATGGTCAGATGGTTTTTGCAACAAATCTCACACTAAAATCATTCAACATACTGACAAGTCATAATGGGTAACAAGAC
1,1,0,ACACAAATAAAAACAGGAACGTATTTAGTGGGTTATATATAATTATCCGGCTTTCCAGCATAACAACCGTAGATAATCCTGCCTCTCCCCGGCAGCTGGCGTTATGGTCAGATGGTTTTTGCAACAAATCTCACACTAAAATCATTCAACATACTGACAATGATGTAGTATCCATATGCA
2,2,0,ACACAACCAACGACAGGAACGTATTTACTGGGTTAATTATAATCTTCCTGCTTTTCATGACAAAAAACGCAGATAATCCTCACTTTCCCCGGCAGCTGGCGTTATGGTCGTATGGTTTTTGCAAAAAATCTCTCAGTAAAAAGTTTCAACATACTGACTAAATTTGTCTCTGCAAGCGAG
1,1,0,ACACAACCAACGACAGGAACGTATTTACTGGGTTAATTATAATCTTCCTGCTTTTCATGACAAAAAACGCAGATAATCCTCACTTTCCCCGGCAGCTGGCGTTATGGTCGTATGGTTTTTGCAAAAAATCTCTCAGTAAAAAGTTTCAACATACTGACTAATTCTTTTGGGCTCTATCGG
9,8,1,ACACAACCAACGACAGGAACGTATTTACTGGGTTAATTATAATCTTCCTGCTTTTCATGACAAAAAACGCAGATAATCCTCACTTTCCCCGGCAGCTGGCGTTATGGTCGTATGGTTTTTGCAAAAAATCTCTCAGTAAAAAGTTTCAACATACTGACTACACAAACCTCAAATTTAAGG
1,1,0,ACACAACCAACGACAGGAACGTATTTACTGGGTTAATTATAATCTTCCTGCTTTTCATGACAAAAAACGCAGATAATCCTCACTTTCCCCGGCAGCTGGCGTTATGGTCGTATGGTTTTTGCAAAAAATCTCTCAGTAAAAAGTTTCAACATACTGACTATACACATCCGTTTAGGCACG
5,5,0,ACACAACCAACGACAGGAACGTATTTACTGGGTTAATTATAATCTTCCTGCTTTTCATGACAAAAAACGCAGATAATCCTCACTTTCCCCGGCAGCTGGCGTTATGGTCGTATGGTTTTTGCAAAAAATCTCTCAGTAAAAAGTTTCAACATACTGACTATCAGCGTGAATTGTTTCTTT
1,1,0,ACACAACCAACGACAGGAACGTATTTACTGGGTTAATTATAATCTTCCTGCTTTTCATGACAAAAAACGCAGATAATCCTCACTTTCCCCGGCAGCTGGCGTTATGGTCGTATGGTTTTTGCAAAAAATCTCTCAGTAAAAAGTTTCAACATACTGACTATGTGTCTCATCGGAAAAGAA
4,4,0,ACACAAGAAAAGACTGGAACGGATTCCCTGGATAAAGTACACCCATCCTGCTTTTCATCCCAATAACCGCGGGTAATCCTACCTTTCCCCGGCAGCTGGCGTTATGTTCAGATGGTTTTTGTACCAAATCTCACATGAAATAGTTTCAACATACTGAATAAGAAAAGTCCACCAGTTATA
1,1,0,ACACAAGAAAAGACTGGAACGGATTCCCTGGATAAAGTACACCCATCCTGCTTTTCATCCCAATAACCGCGGGTAATCCTACCTTTCCCCGGCAGCTGGCGTTATGTTCAGATGGTTTTTGTACCAAATCTCACATGAAATAGTTTCAACATACTGAATAATGGTATCTTCGTTCCATCA
5,4,1,ACACAAGAAAAGACTGGAACGGATTCCCTGGATAAAGTACACCCATCCTGCTTTTCATCCCAATAACCGCGGGTAATCCTACCTTTCCCCGGCAGCTGGCGTTATGTTCAGATGGTTTTTGTACCAAATCTCACATGAAATAGTTTCAACATACTGAATACATGTGCACAATATAGATTG
9,9,0,ACACAAGAAAAGACTGGAACGGATTCCCTGGATAAAGTACACCCATCCTGCTTTTCATCCCAATAACCGCGGGTAATCCTACCTTTCCCCGGCAGCTGGCGTTATGTTCAGATGGTTTTTGTACCAAATCTCACATGAAATAGTTTCAACATACTGAATAGATGTCTGTTGGCAGTTTTG
8,0,8,ACACAAGTAAAGACAGGAACGCATTTACTGGGTTAAATATAATAATCGTGCTTTTCATCACAAAAACCGGAGATAAACCTTCCTTTCCCCGGCAGCTGACGTTATGGTCAGATGGTTTTTGGAACAAATCTCACAATAACAAGTCTCAACGTAATGACTAATCGTCTCGTGACTCTCGAA
45,1,44,ACACAAGTAAAGACAGGAACGCATTTACTGGGTTAAATATAATAATCGTGCTTTTCATCACAAAAACCGGAGATAAACCTTCCTTTCCCCGGCAGCTGACGTTATGGTCAGATGGTTTTTGGAACAAATCTCACAATAACAAGTCTCAACGTAATGACTAGCCAGTTACCGAATCCGTTT
9,0,9,ACACAAGTAAAGACAGGAACGCATTTACTGGGTTAAATATAATAATCGTGCTTTTCATCACAAAAACCGGAGATAAACCTTCCTTTCCCCGGCAGCTGACGTTATGGTCAGATGGTTTTTGGAACAAATCTCACAATAACAAGTCTCAACGTAATGACTATCCTTGATACCTGGTACAAC
2,2,0,ACACAATAAAAGACAGGAACGTATTAACTGAGTTAAATATAATCATGTTGCTTTTCATCACCACAACCGCAGATAATCCTTCCTTTCCCCGGCAGCTGGCGTTGTGGGCAGATGGTTTTTGCAACAATTCTCACAATACAAAGTTTCAACATACGGACTATCTAAACGTTCCGAGGGCTT
13,10,3,ACACAATAAAAGACAGGAACGTATTAACTGAGTTAAATATAATCATGTTGCTTTTCATCACCACAACCGCAGATAATCCTTCCTTTCCCCGGCAGCTGGCGTTGTGGGCAGATGGTTTTTGCAACAATTCTCACAATACAAAGTTTCAACATACGGACTATTACTAGGTTACTATGAATT
2,2,0,ACACACAAAACGACAGGAACGTATTTACTCGGTTAAATATAATCATCCTGCTTTTCATCACAAAGACCGCCGATAATCCTTCCTTGCCCCCGTAGCTGGCGTTATGGTCAGATGGTTTTTGCAACAGATCTCACAATAAAAAGTTTCAACATACTGACTATGTTTACTGCAACAATTTGG
10,1,9,ACACACAAAAGTAAAGGAACGTATTTACTGGGTTAAATATAATAATCCTGCTTTTCATCACAAACACCGCAGATAATCGTTCCTCTCACCGGCAGCTGGTGTTATGGTCAGATGGTTTTTGCAACAAATCACACAATAAAAAGTTTCTACATACTGACTACTGAACTTTAACGGACCAAA
11,1,10,ACACACAAAAGTAAAGGAACGTATTTACTGGGTTAAATATAATAATCCTGCTTTTCATCACAAACACCGCAGATAATCGTTCCTCTCACCGGCAGCTGGTGTTATGGTCAGATGGTTTTTGCAACAAATCACACAATAAAAAGTTTCTACATACTGACTACTTTTGATGAAATTTTGCTC
2,2,0,ACACAGAGAAAGTCAGGAACGTATTTACTGGGTTACATATAATCATCCTGCTTATCATCTGAAAGACCGCAGATAAGCCTACCTTTCCCCGGCAGATGGCGTTGTGGTCAGATGGTTTTTACAACAAATCTCACAATAACAAGTTTCAACATGCTGACTAACAAGACATGCGAATATGAC
4,4,0,ACACAGAGAAAGTCAGGAACGTATTTACTGGGTTACATATAATCATCCTGCTTATCATCTGAAAGACCGCAGATAAGCCTACCTTTCCCCGGCAGATGGCGTTGTGGTCAGATGGTTTTTGCAACAAATCTCACAATAACAAGTTTCAACATGCTGACTAACTTACGGAGCAGTCGACTA
1,1,0,ACACAGAGAAAGTCAGGAACGTATTTACTGGGTTACATATAATCATCCTGCTTATCATCTGAAAGACCGCAGATAAGCCTACCTTTCCCCGGCAGATGGCGTTGTGGTCAGATGGTTTTTGCAACAAATCTCACAATAACAAGTTTCAACATGCTGACTAAGGGCTCAGGCAATATTCAC
1,1,0,ACACAGAGAAAGTCAGGAACGTATTTACTGGGTTACATATAATCATCCTGCTTATCATCTGAAAGACCGCAGATAAGCCTACCTTTCCCCGGCAGATGGCGTTGTGGTCAGATGGTTTTTGCAACAAATCTCACAATAACAAGTTTCAACATGCTGACTAAGGTCGTGCTGCATAAGCTA
4,4,0,ACACAGAGAAAGTCAGGAACGTATTTACTGGGTTACATATAATCATCCTGCTTATCATCTGAAAGACCGCAGATAAGCCTACCTTTCCCCGGCAGATGGCGTTGTGGTCAGATGGTTTTTGCAACAAATCTCACAATAACAAGTTTCAACATGCTGACTAATCTGACCTTCGAGATTAAT
1,1,0,ACACAGAGAAAGTCAGGAACGTATTTACTGGGTTACATATAATCATCCTGCTTATCATCTGAAAGACCGCAGATAAGCCTACCTTTCCCCGGCAGATGGCGTTGTGGTCAGATGGTTTTTGCAACAAATCTCACAATAACAAGTTTCAACATGCTGACTACACGGGCATTTAACGAGTAA
1,1,0,ACACAGAGAAAGTCAGGAACGTATTTACTGGGTTACATATAATCATCCTGCTTATCATCTGAAAGACCGCAGATAAGCCTACCTTTCCCCGGCAGATGGCGTTGTGGTCAGATGGTTTTTGCAACAAATCTCACAATAACAAGTTTCAACATGCTGACTACGGCTTCAATGAGATCGTTA
1,1,0,ACACAGAGAAAGTCAGGAACGTATTTACTGGGTTACATATAATCATCCTGCTTATCATCTGAAAGACCGCAGATAAGCCTACCTTTCCCCGGCAGATGGCGTTGTGGTCAGATGGTTTTTGCAACAAATCTCACAATAACAAGTTTCAACATGCTGACTAGAAATTCCAATTTGTGATCT
1,1,0,ACACAGAGAAAGTCAGGAACGTATTTACTGGGTTACATATAATCATCCTGCTTATCATCTGAAAGACCGCAGATAAGCCTACCTTTCCCCGGCAGATGGCGTTGTGGTCAGATGGTTTTTGCAACAAATCTCACAATAACAAGTTTCAACATGCTGACTAGGTTGGTACGGGTTCAGCCC
4,4,0,ACACAGAGAAAGTCAGGAACGTATTTACTGGGTTACATATAATCATCCTGCTTATCATCTGAAAGACCGCAGATAAGCCTACCTTTCCCCGGCAGATGGCGTTGTGGTCAGATGGTTTTTGCAACAAATCTCACAATAACAAGTTTCAACATGCTGACTATAAAGTAAAGACTGCGTGAA
4,4,0,ACACAGAGAAAGTCAGGAACGTATTTACTGGGTTACATATAATCATCCTGCTTATCATCTGAAAGACCGCAGATAAGCCTACCTTTCCCCGGCAGATGGCGTTGTGGTCAGATGGTTTTTGCAACAAATCTCACAATAACAAGTTTCAACATGCTGACTATAACTCAGAGGTATTGCCGG
6,6,0,ACACAGAGAAAGTCAGGAACGTATTTACTGGGTTACATATAATCATCCTGCTTATCATCTGAAAGACCGCAGATAAGCCTACCTTTCCCCGGCAGATGGCGTTGTGGTCAGATGGTTTTTGCAACAAATCTCACAATAACAAGTTTCAACATGCTGACTATTGATACTATCTGAAAGCGT
9,7,2,ACACAGAGAAAGTCAGGAACGTATTTACTGGGTTACATATAATCATCCTGCTTATCATCTGAAAGACCGCAGATAAGCCTACCTTTCCCCGGCAGATGGCGTTGTGGTCAGATGGTTTTTGCAACAAATCTCACAATAACAAGTTTCAACATGCTGACTATTTGAGATGAGGGAGCACGT
2,2,0,ACACAGAGAAAGTCAGGAACGTATTTACTGGGTTACATATAATCATCCTGCTTATCATCTGAAAGACCGCAGATAAGCCTACCTTTCCCCGGCAGATGGCGTTGTGGTCATATGGTTTTTGCAACAAATCTCACAATAACAAGTTTCAACATGCTGACTATCTTCACCGTGACTTTTCAG
31,10,21,ACACATAAAAAGACAGGGACGTATTTACTGGGTTAATTATAATCTTCCTGCTGTTCATCACAGAAACCGCAGATAATCCTTCCTTTCCCCCGCAGCGGGCATTATGGTCAGATGGTTTTTGTAAAAAATCTCACAATAAACATATGCGACATACTGATTAACATGTTCCAAATAATTGAC
2,2,0,ACACATAAAAAGACAGGGACGTATTTACTGGGTTAATTATAATCTTCCTGCTGTTCATCACAGAAACCGCAGATAATCCTTCCTTTCCCCCGCAGCGGGCATTATGGTCAGATGGTTTTTGTAAAAAATCTCACAATAAACATATGCGACATACTGATTAAGTTCCAACTGTTGCTGCAA
1,0,1,ACACATAAAAAGACAGGGACGTATTTACTGGGTTAATTATAATCTTCCTGCTGTTCATCACAGAAACCGCAGATAATCCTTCCTTTCCCCCGCAGCGGGCATTATGGTCAGATGGTTTTTGTAAAAAATCTCACAATAAACATATGCGACATACTGATTACAGTGTTATTAATAGTGGAC
25,6,19,ACACATAAAAAGACAGGGACGTATTTACTGGGTTAATTATAATCTTCCTGCTGTTCATCACAGAAACCGCAGATAATCCTTCCTTTCCCCCGCAGCGGGCATTATGGTCAGATGGTTTTTGTAAAAAATCTCACAATAAACATATGCGACATACTGATTACGCTTTCCGCTACGGGAGCC
4,2,2,ACACATAAAAAGACAGGGACGTATTTACTGGGTTAATTATAATCTTCCTGCTGTTCATCACAGAAACCGCAGATAATCCTTCCTTTCCCCCGCAGCGGGCATTATGGTCAGATGGTTTTTGTAAAAAATCTCACAATAAACATATGCGACATACTGATTATATGGCAGACAATTCAGGAT
5,2,3,ACACATAAAAAGACAGGGACGTATTTACTGGGTTAATTATAATCTTCCTGCTGTTCATCACAGAAACCGCAGATAATCCTTCCTTTCCCCCGCAGCGGGCATTATGGTCAGATGGTTTTTGTAAAAAATCTCACAATAAACATATGCGACATACTGATTATCAACTAACACGTATGCTCA
7,0,7,ACACATAAAAAGACAGGGACGTATTTACTGGGTTAATTATAATCTTCCTGCTGTTCATCACAGAAACCGCAGATAATCCTTCCTTTCCCCCGCAGCGGGCATTATGGTCAGATGGTTTTTGTAAAAAATCTCACAATAAACATATGCGACATACTGATTATCAAGTCATCCGTTTGTTAC
6,6,0,ACACCAAAAACGACAGGAACGTAGTTAATGGGTTAAATATCATCATGCTACTTTACATCACAACAAGCGGCGATAATCCTCCCTTTCCCCGGCAGCCGGCGTTATGGTCAGATCGTTTTTGCAACAAATCACACAAGAAAGAGTTTCAACATACAGACTAGTAGATCGGCATTTTCGTAT
1,1,0,ACACCAAAAACGACAGGAACGTAGTTAATGGGTTAAATATCATCATGCTGCTTTACATCACAACAAGCGGCGATAATCCTCCCTTTCCCCGGCAGCCGGCGTTATGGTCAGATCGTTTTTGCAACAAATCACACAAGAAAGAGTTTCAACATACAGACTACATAACCCTAAGCTTTCATG
1,1,0,ACACCAAAAACGACAGGAACGTAGTTAATGGGTTAAATATCATCATGCTGCTTTACATCACAACAAGCGGCGATAATCCTCCCTTTCCCCGGCAGCCGGCGTTATGGTCAGATCGTTTTTGCAACAAATCACACAAGAAAGAGTTTCAACATACAGACTAGCGAGGCTCTGTTGCATGGC
5,5,0,ACACCAAAAACGACAGGAACGTAGTTAATGGGTTAAATATCATCATGCTGCTTTACATCACAACAAGCGGCGATAATCCTCCCTTTCCCCGGCAGCCGGCGTTATGGTCAGATCGTTTTTGCAACAAATCACACAAGAAAGAGTTTCAACATACAGACTAGTATAAGTTACTACAGTGAC
4,4,0,ACACCCAAAAAGACAGGAATGTCTTTAGTGGGTTAAAGATAATCATCCTGCGATTCATCACAAAAACCGCAGATAATCCTTCCTTTGCCCGGGAGCGGGCGTCATGGTCTGATGGTTTTTGCTACAAACCTCACAATAATAAGTTTCATCATACTGACTAAAGCCATCCGCATGTGCTCA
4,4,0,ACACCCAAAAAGACAGGAATGTCTTTAGTGGGTTAAAGATAATCATCCTGCGATTCATCACAAAAACCGCAGATAATCCTTCCTTTGCCCGGGAGCGGGCGTCATGGTCTGATGGTTTTTGCTACAAACCTCACAATAATAAGTTTCATCATACTGACTAAGTTCAACACTTCTGACGCG
8,8,0,ACACCCAAAAAGACAGGAATGTCTTTAGTGGGTTAAAGATAATCATCCTGCGATTCATCACAAAAACCGCAGATAATCCTTCCTTTGCCCGGGAGCGGGCGTCATGGTCTGATGGTTTTTGCTACAAACCTCACAATAATAAGTTTCATCATACTGACTAATACGGGCCGAGCATAGTGT
1,1,0,ACACCCAAAAAGACAGGAATGTCTTTAGTGGGTTAAAGATAATCATCCTGCGATTCATCACAAAAACCGCAGATAATCCTTCCTTTGCCCGGGAGCGGGCGTCATGGTCTGATGGTTTTTGCTACAAACCTCACAATAATAAGTTTCATCATACTGACTACTCCATCCATCAAACCCAGA
2,2,0,ACACCCAAAAAGACAGGAATGTCTTTAGTGGGTTAAAGATAATCATCCTGCGATTCATCACAAAAACCGCAGATAATCCTTCCTTTGCCCGGGAGCGGGCGTCATGGTCTGATGGTTTTTGCTACAAACCTCACAATAATAAGTTTCATCATACTGACTATGGGAATGTTTGCGCGTTTG
1,1,0,ACACGATAAAAGACAGGAAGGTACTTATTGACTTGACTATGATCATCCTGATTTTCATCACAAAAACCGCAGACTATCCTTCCTTGCCCCGGCAGCTGGCGTTATGCGCAGATGGTTTTTGCAACAAATCTCACCAAAAAACGTCTCAAAATACTGACTAGCAAGGTCTGGTCTGGTTGG
10,10,0,ACACGATAAAAGACAGGAAGGTACTTATTGACTTGACTATGATCATCCTGATTTTCATCACAAAAACCGCAGACTATCCTTCCTTGCCCCGGCAGCTGGCGTTATGCGCAGATGGTTTTTGCAACAAATCTCACCAAAAAACGTCTCAAAATACTGACTAGTTCTGTGTAACTTATACAT
77,7,70,ACACTAAAAGGGACAGGAACGTATTTACTGGGTTAAATATAATCATCCTGCTTTTCTTAACAAAAACCGCAGATAATCCTTCCTTTCCCCGGCAGGTGGGGTTATAGTCATAGGGTTATCTCAACAAATATCACAATAAATAGTTTCAACGTACTGCCTAGGACGCGGGCTTTCTATGAT
1,0,1,ACACTAAAAGGGACAGGAACGTATTTACTGGGTTAAATATAATCATCCTGCTTTTCTTAACAAAAACCGCAGATACTCCTTCCTTTCCCCGGCAGGTGGGGTTATAGTCATAGGGTTATCTCAACAAATATCACAATAAATAGTTTCAACGTACTGCCTACAGTCGAGCGTCCCTCTCGT
3,3,0,ACATAAAAAAAGAGAGGAGCGTATCTACCGGGTTAAATATAACCATCCTGCTTTTCATCCCAAAAACCGCACATAATCCTTCCTTTTGCCGGCAGCTCACGTTATAGCCAGATGGTTTTTGCAACAAATCTCACAATAAAAAGTTTCAACATACTGACTGGTGGTGTTTATTCGACCAAA
1,1,0,ACATAAAAAAAGATAGGAACGTATTTACTGGGATAAATATAATCGTCCTGCTTTTCAGCACAAAAACCGCAGATAATCCTTCCTATCCCCGTCAGCTGGCGTTATGGTCAGATGGTTTCTGCAACCAATCTCACCCGACAAAGTTTCAACATGCTGACTACATGTACGCTAATCACGTCG
2,2,0,ACGCAAAAAAAGACAGGAACGTATTTACTGCGTTAAATATTATCAGCCTGCTTTGCAACACAAAAACCGCAGATAATCCTTGCTTTCCTCGGCAGCTGGCGTTCTGGTCGGCTGGATTTTGCAACAAATCTCAAAATAAAAAGTTTCAACATACTCACTAAGCATGGTTCTGTGTTATAT
7,7,0,ACGCAAAAAAAGACAGGAACGTATTTACTGCGTTAAATATTATCAGCCTGCTTTGCAACACAAAAACCGCAGATAATCCTTGCTTTCCTCGGCAGCTGGCGTTCTGGTCGGCTGGATTTTGCAACAAATCTCAAAATAAAAAGTTTCAACATACTCACTACATTCTTGTTTGCCAGTTAC
4,4,0,AGACAAAAAAAGAAAGGAACGTATTTACTGGGTTAAATATAATCATCCTCCTTTTCATCACAAACACCGCAGCTAATCCTTCTTTTCACCTGCAGCTGGAGATATGCTCCGATCGTTTTTGCAACAAATGTGACAATAAAAAGTTCGAGCATACTGACTACAGTTAGCAGGTATCGCGAG
4,4,0,AGACAAAAAAAGAAAGGAACGTATTTACTGGGTTAAATATAATCATCCTCCTTTTCATCACAAACACCGCAGCTAATCCTTCTTTTCACCTGCAGCTGGAGATATGCTCCGATCGTTTTTGCAACAAATGTGACAATAAAAAGTTCGAGCATACTGACTACCGTTACTCATATTCGGTTC
1,1,0,AGACAAAAAAAGAAAGGATGGTATTTACTGTGTTAAATATACCCATCCTGCTTTTCATACGAGTAAACGCAGATAATCCTCCCTTTGCCCGGCAGCTGGCGTTATGGTCAGATGGTTTTTGCAACAAGGCTCACAATAAAAAGTTTCAACTTACTGACTACTTTGTACTGGCGTATCAGT
1,1,0,AGACAAAAAAAGAAAGGATGGTATTTACTGTGTTAAATATACCCATCCTGCTTTTCATACGAGTAAACGCAGATAATCCTCCCTTTGCCCGGCAGCTGGCGTTATGGTCAGATGGTTTTTGCAACAAGGCTCACAATAAAAAGTTTCAACTTACTGACTAGACCGTAGAAAAATTTAGTG
1,1,0,AGACAAAAAAAGACAGGAACGGATTTACTGGGTTAAATATAATCACCCTGCTTTTGAGCACAAAAACCGCCGACAATCCGTCCTTTCCTCGGCAGGATGCGTTATGTTCAGATGGTTTTTTCTACAACTCTCACAATAAAAAGTTTCAACATTCTTACTTCGCCCGGAAGATATCGACCC
7,5,2,AGACAAAAAAAGACAGGAACGGATTTACTGGGTTAAATATAATCACCCTGCTTTTGAGCACAAAAACCGCCGACAATCCGTCCTTTCCTCGGCAGGATGCGTTATGTTCAGATGGTTTTTTCTACAACTCTCACAATAAAAAGTTTCAACATTCTTACTTGAACTCTAAAATTTACTAGT
4,4,0,AGACAAAAAAAGACAGGAACGGATTTACTGGGTTAAATATAATCACCCTGCTTTTGAGCACAAAAACCGCCGACAATCCGTCCTTTCCTCGGCAGGATGCGTTATGTTCAGATGGTTTTTTCTACAACTCTCACAATAAAAAGTTTCAACATTCTTACTTTTTACTGAACTTTCGGACCT
1,1,0,AGACAAAAAAAGACAGGAACGTACTTACTGAGTGAGATATAATCACCCTGATTTTCATCACAAAAACCGCAGACATTCCTTACTTTCCCCGGCAGCTGGCGTTATTGTCAGATGGTTTTTGCAACAAATCTCACAATAAACAGGCTCAACATACTGAGTAAAAGACCGTTGTAGGATTAA
11,5,6,AGACAAAAAAAGACAGGAACGTACTTACTGGGTGAGATATAATCACCCTGATTTTCATCACAAAAACCGCAGACATTCCTTACTTTCCCCGGCAGCTGGCGTTATTGTCAGATGGTTTTTGCAACAAATCTCACAATAAACAGGCTCAACATACTGAGTAAAGGCCTTTAAACCTGGGGA
3,0,3,AGACAAAAAAAGACAGGAACGTACTTACTGGGTGAGATATAATCACCCTGATTTTCATCACAAAAACCGCAGACATTCCTTACTTTCCCCGGCAGCTGGCGTTATTGTCAGATGGTTTTTGCAACAAATCTCACAATAAACAGGCTCAACATACTGAGTACGTGAATAAGGCTAACTCCA
7,2,5,AGACAAAAAAAGACAGGAACGTACTTACTGGGTGAGATATAATCACCCTGATTTTCATCACAAAAACCGCAGACATTCCTTACTTTCCCCGGCAGCTGGCGTTATTGTCAGATGGTTTTTGCAACAAATCTCACAATAAACAGGCTCAACATACTGAGTAGAATTCCTAGAGCCTGAAAC
1,0,1,AGACAAAAAAAGACAGGAACGTACTTACTGGGTGAGATATAATCACCCTGATTTTCATCACAAAAACCGCAGACATTCCTTACTTTCCCCGGCAGCTGGCGTTATTGTCAGATGGTTTTTGCAACAAATCTCACAATAAACAGGCTCAACATACTGAGTAGTCCTGCGCCCTCCGCGGAT
2,2,0,AGACAAAAAAAGACAGGAACGTATGTACAGGGTTAATTATAATCATGCTGCTTTTCATCACAACAACCGCATATACTCCTTCCTTGCCGCGGGAGCCGGCGTTATGGTCAGATGGTTTTTTCAACAAATATCACGAAAAAATGTTTCAACATACTGACTAACGTATGGCTTCTGTCAATC
1,1,0,AGACAAAAAAAGACAGGAACGTATGTACAGGGTTAATTATAATCATGCTGCTTTTCATCACAACAACCGCATATACTCCTTCCTTGCCGCGGGAGCCGGCGTTATGGTCAGATGGTTTTTTCAACAAATATCACGAAAAAATGTTTCAACATACTGACTAAGATTTTGCGAAAAATCCGG
2,2,0,AGACAAAAAAAGACAGGAACGTATGTACAGGGTTAATTATAATCATGCTGCTTTTCATCACAACAACCGCATATACTCCTTCCTTGCCGCGGGAGCCGGCGTTATGGTCAGATGGTTTTTTCAACAAATATCACGAAAAAATGTTTCAACATACTGACTAAGGAGTGAGTTAATGGTTTG
4,4,0,AGACAAAAAAAGACAGGAACGTATGTACAGGGTTAATTATAATCATGCTGCTTTTCATCACAACAACCGCATATACTCCTTCCTTGCCGCGGGAGCCGGCGTTATGGTCAGATGGTTTTTTCAACAAATATCACGAAAAAATGTTTCAACATACTGACTAATGGTCTCAAGTTCGTAAGG
2,2,0,AGACAAAAAAAGACAGGAACGTATGTACAGGGTTAATTATAATCATGCTGCTTTTCATCACAACAACCGCATATACTCCTTCCTTGCCGCGGGAGCCGGCGTTATGGTCAGATGGTTTTTTCAACAAATATCACGAAAAAATGTTTCAACATACTGACTAGCAGTCAGTCAACTGGTGTG
5,5,0,AGACAAAAAAAGACAGGAACGTATGTACAGGGTTAATTATAATCATGCTGCTTTTCATCACAACAACCGCATATACTCCTTCCTTGCCGCGGGAGCCGGCGTTATGGTCAGATGGTTTTTTCAACAAATATCACGAAAAAATGTTTCAACATACTGACTAGTCGACATGTTGTAGTTGCA
6,3,3,AGACAAAAAAAGACAGGAACGTATGTACAGGGTTAATTATAATCATGCTGCTTTTCATCACAACAACCGCATATACTCCTTCCTTGCCGCGGGAGCCGGCGTTATGGTCAGATGGTTTTTTCAACAAATATCACGAAAAAATGTTTCAACATACTGACTATCTCAGGGGACCCTGGATAG
1,1,0,AGACAAAAAAAGACAGGAACGTATTTACGCGGTTAAATATACTCAACCTGCTTTTCATCACAAAAACCGCAGATAGTCCTTCCTTTCCCCGGCAGCTGACTTTATGGTCAGATGGTTATTGCAACAACTCTCACAATAAAAAGTTTCAACATACTGACTTAATTTGCCGTGAATACTAAG
1,1,0,AGACAAAAAAAGACAGGAACGTATTTACGCGGTTAAATATACTCAACCTGCTTTTCATCACAAAAACCGCAGATAGTCCTTCCTTTCCCCGGCAGCTGACTTTATGGTCAGATGGTTATTGCAACAACTCTCACAATAAAAAGTTTCAACATACTGACTTGGTTCCTGCCCTGTCTTCTC
7,4,3,AGACAAAAAAAGACAGGAACGTATTTACGCGGTTAAATATACTCAACCTGCTTTTCATCACAAAAACCGCAGATAGTCCTTCCTTTCCCCGGCAGCTGACTTTATGGTCAGATGGTTATTGCAACAACTCTCACAATAAAAAGTTTCAACATACTGACTTTATAGAGATACCGACAAAAC
4,1,3,AGACAAAAAAAGACAGGAACGTATTTACGCGGTTAAATATACTCAACCTGCTTTTCATCACAAAAACCGCAGATAGTCCTTCCTTTCCCCGGCAGCTGACTTTATGGTCAGATGGTTATTGCAACAACTCTCACAATAAAAAGTTTCAACATACTGACTTTTATTACGCGTCACGGCTCA
4,4,0,AGACAAAAAAAGACAGGAACGTATTTACTAGGTTAAATACGATCATCCTGCTTTACATCATAATAACCGCAGATAATCCTTCCTTTCCCCGGCAGCTGGCGTTATGGTCATATGGTTTTGTCTGAAAAGCTCACAATAAAAAGCTTCAACATACTGAATAACTGATAGAGAGTTTCCCAT
2,0,2,AGACAAAAAAAGACAGGAACGTATTTACTAGGTTAAATACGATCATCCTGCTTTACATCATAATAACCGCAGATAATCCTTCCTTTCCCCGGCAGCTGGCGTTATGGTCATATGGTTTTGTCTGAAAAGCTCACAATAAAAAGCTTCAACATACTGAATAGAAGTTGTATATTGGCGGTG
5,5,0,AGACAAAAAAAGACAGGAACGTATTTACTAGGTTAAATACGATCATCCTGCTTTACATCATAATAACCGCAGATAATCCTTCCTTTCCCCGGCAGCTGGCGTTATGGTCATATGGTTTTGTCTGAAAAGCTCACAATAAAAAGCTTCAACATACTGAATAGAGGATGATTGTGATCCGAT
2,2,0,AGACAAAAAAAGACAGGAACGTATTTACTAGGTTAAATACGATCATCCTGCTTTACATCATAATAACCGCAGATAATCCTTCCTTTCCCCGGCAGCTGGCGTTATGGTCATATGGTTTTGTCTGAAAAGCTCACAATAAAAAGCTTCAACATACTGAATAGGGCCTATTCAACTTGGGTT
4,3,1,AGACAAAAAAAGACAGGAACGTATTTACTAGGTTAAATACGATCATCCTGCTTTACATCATAATAACCGCAGATAATCCTTCCTTTCCCCGGCAGCTGGCGTTATGGTCATATGGTTTTGTCTGAAAAGCTCACAATAAAAAGCTTCAACATACTGAATAGTGCAGAGTAAAACAGCTTT
1,1,0,AGACAAAAAAAGACAGGAACGTATTTACTAGGTTAAATACGATCATCCTGCTTTACATCATAATAACCGCAGATAATCCTTCCTTTCCCCGGCAGCTGGCGTTATGGTCATATGGTTTTGTCTGAAAAGCTCACAATAAAAAGCTTCAACATACTGAATATGGAGTTTCTCATTGACAAT
8,6,2,AGACAAAAAAAGACAGGAACGTATTTACTGGAGCAAAGATAATCGTCCTGTTTTTAATCACAATAACCGCAGATAATCCTTCCTTTCCCCAGAAGCTGGCGTTATGGTCAGATGCTTTTTGCAACAAATCTCACAATAAAAAGTTCCAGCCTACTGACTAGGGCGATTAAACAGCACATC
1,1,0,AGACAAAAAAAGACAGGAACGTATTTACTGGAGCAAAGATAATCGTCCTGTTTTTAATCACAATAACCGCAGATAATCCTTCCTTTCCCCGGAAGCTGGCGTATGGTCAGATGCTTTTTGCAAACAAATCTCACAATAAAAAGTTCCAGCCTACTGACTAATTTAGGGGGCATCTTGGGT
10,7,3,AGACAAAAAAAGACAGGAACGTATTTACTGGAGCAAAGATAATCGTCCTGTTTTTAATCACAATAACCGCAGATAATCCTTCCTTTCCCCGGAAGCTGGCGTTATGGTCAGATGCTTTTTGCAACAAATCTCACAATAAAAAGTTCCAGCCTACTGACTACATTCATTAAACCTACACGG
10,8,2,AGACAAAAAAAGACAGGAACGTATTTACTGGAGCAAAGATAATCGTCCTGTTTTTAATCACAATAACCGCAGATAATCCTTCCTTTCCCCGGAAGCTGGCGTTATGGTCAGATGCTTTTTGCAACAAATCTCACAATAAAAAGTTCCAGCCTACTGACTAGGTCAAACCTTGCAGTTCGC
4,2,2,AGACAAAAAAAGACAGGAACGTATTTACTGGAGCAAAGATAATCGTCCTGTTTTTAATCACAATAACCGCAGATAATCCTTCCTTTCCCCGGAAGCTGGCGTTATGGTCAGATGCTTTTTGCAACAAATCTCACAATAAAAAGTTCCAGCCTACTGACTAGTAACGCTTTAAACGTTTTT
11,11,0,AGACAAAAAAAGACAGGAACGTATTTACTGGAGCAAAGATAATCGTCCTGTTTTTAATCACAATAACCGCAGATAATCCTTCCTTTCCCCGGAAGCTGGCGTTATGGTCAGATGCTTTTTGCAACAAATCTCACAATAAAAAGTTCCAGCCTACTGACTAGTGCAAGTCCCTCCCTCGAC
18,18,0,AGACAAAAAAAGACAGGAACGTATTTACTGGAGCAAAGATAATCGTCCTGTTTTTAATCACAATAACCGCAGATAATCCTTCCTTTCCCCGGAAGCTGGCGTTATGGTCAGATGCTTTTTGCAACAAATCTCACAATAAAAAGTTCCAGCCTACTGACTAGTTCCTGGAGAGCATATCCA
7,6,1,AGACAAAAAAAGACAGGAACGTATTTACTGGAGCAAAGATAATCGTCCTGTTTTTAATCACAATAACCGCAGATAATCCTTCCTTTCCCCGGAAGCTGGCGTTATGGTCAGATGCTTTTTGCAACAAATCTCACAATAAAAAGTTCCAGCCTACTGACTATCGCCAGCCTACGAGTATAT
17,17,0,AGACAAAAAAAGACAGGAACGTATTTACTGGAGCAAAGATAATCGTCCTGTTTTTAATCACAATAACCGCAGATAATCCTTCCTTTCCCCGGAAGCTGGCGTTATGGTCAGATGCTTTTTGCAACAAATCTCACAATAAAAAGTTCCAGCCTACTGACTATCTTTTTGTCCATACAAGGA
2,2,0,AGACAAAAAAAGACAGGAACGTATTTACTGGAGCAAAGATAATCGTCCTGTTTTTAATCACAATAACCGCAGATAATCCTTCCTTTCCCCGGAAGCTGGCGTTATGGTCAGATGCTTTTTGCAACAAATCTCACAATAAAAAGTTCCAGCCTACTGACTATGCAATCATAGGTTACGTCT
4,4,0,AGACAAAAAAAGACAGGAACGTATTTACTGGAGCAAAGATAATCGTCCTGTTTTTAATCACAATAACCGCAGATAATCCTTCCTTTCCCCGGAAGCTGGCGTTATGGTCAGATGCTTTTTGCAACAAATCTCACAATAAAAAGTTCCAGCCTACTGACTATGCAGAATTTTAGACTGCCA
7,7,0,AGACAAAAAAAGACAGGAACGTATTTACTGGAGCAAAGATAATCGTCCTGTTTTTAATCACAATAACCGCAGATAATCCTTCCTTTCCCCGGAAGCTGGCGTTATGGTCAGATGCTTTTTGCAACAAATCTCACAATAAAAAGTTCCAGCCTACTGACTATGGCTTAATCCGGAATGCAC
22,13,9,AGACAAAAAAAGACAGGAACGTATTTACTGGCTGAAATATAAACTTCCTGCTTTTCATCACCAAAACCGGAGATAATCCTTCCTTTCCCCGGCAGCGGGCGTTATGGTCAGATGGTTTCTACAACAAATCTCACGATAAAAAGTTTCAACATAGTGACAAACGGATGTTAGGTAGAATGA
12,1,11,AGACAAAAAAAGACAGGAACGTATTTACTGGCTGAAATATAAACTTCCTGCTTTTCATCACCAAAACCGGAGATAATCCTTCCTTTCCCCGGCAGCGGGCGTTATGGTCAGATGGTTTCTACAACAAATCTCACGATAAAAAGTTTCAACATAGTGACAACTTTGCACACATTATAAGCT
4,4,0,AGACAAAAAAAGACAGGAACGTATTTACTGGCTGAAATATAAACTTCCTGCTTTTCATCACCAAAACCGGAGATAATCCTTCCTTTCCCCGGCAGCGGGCGTTATGGTCAGATGGTTTCTACAACAAATCTCACGATAAAAAGTTTCAACATAGTGACAAGGACTCGGCGCCTGACGGAT
7,7,0,AGACAAAAAAAGACAGGAACGTATTTACTGGGTTAAATATGATCATCATGCTTTTCATCACTAAAACCGCAAATAATCCTGCCTTTCCCCGGCACATGGCGTTATGGTCAGATGGTTTCTGCAAAAAATCTCTCAATAAAAACTGTCAGCATACTGACTACCGTATCACCCGCTCGGGAT
3,3,0,AGACAAAAAAAGACAGGAACGTATTTACTGGGTTAAATATGATCATCATGCTTTTCATCACTAAAACCGCAAATAATCCTGCCTTTCCCCGGCACATGGCGTTATGGTCAGATGGTTTCTGCAAAAAATCTCTCAATAAAAACTGTCAGCATACTGACTACGTCAAAGAGATAACGGAAT
2,1,1,AGACAAAAAAAGACAGGAACGTATTTACTGGGTTAAATATGATCATCATGCTTTTCATCACTAAAACCGCAAATAATCCTGCCTTTCCCCGGCACATGGCGTTATGGTCAGATGGTTTCTGCAAAAAATCTCTCAATAAAAACTGTCAGCATACTGACTATTCACATTGCATTCCTGCTG
6,6,0,AGACAAAAAAAGACAGGAACGTATTTACTGGGTTAAATATGATCATCATGCTTTTCATCACTAAAACCGCAAATAATCCTGCCTTTCCCCGGCACATGGCGTTATGGTCAGATGGTTTCTGCAAAAAATCTCTCAATAAAAACTGTCAGCATACTGACTATTTGACTTTCACGCATGGAG
1,1,0,AGACAAAAAAAGACAGGAACGTATTTATGGGGTTAAATTTAATCATCCTGCTTTTCATCACAAGAACCGCAGGTAATCCTTCCTTTCCCCTGCAGGCGGCGTTATGGTCAGATGGTTTTGGCGACAAATCTCACCATAATAAGTTTCAACATACTAACTACGGCAACTTCCTCATACTTA
9,8,1,AGACAAAAAAAGACAGGAACGTATTTATGGGGTTAAATTTAATCATCCTGCTTTTCATCACAAGAACCGCAGGTAATCCTTCCTTTCCCCTGCAGGCGGCGTTATGGTCAGATGGTTTTGGCGACAAATCTCACCATAATAAGTTTCAACATACTAACTACGTGGCGTTAAGTTCTGTAG
8,7,1,AGACAAAAAAAGACAGGAACGTATTTATGGGGTTAAATTTAATCATCCTGCTTTTCATCACAAGAACCGCAGGTAATCCTTCCTTTCCCCTGCAGGCGGCGTTATGGTCAGATGGTTTTGGCGACAAATCTCACCATAATAAGTTTCAACATACTAACTAGCGCGCCATAGGAAGTCTCC
1,1,0,AGACAAAAAAAGACAGGAACGTATTTATGGGGTTAAATTTAATCATCCTGCTTTTCATCACAAGAACCGCAGGTAATCCTTCCTTTCCCCTGCAGGCGGCGTTATGGTCAGATGGTTTTGGCGACAAATCTCACCATAATAAGTTTCAACATACTAACTAGCGGAATTACACCTACATTC
1,1,0,AGACAAAAAAAGACAGGAACGTATTTATGGGGTTAAATTTAATCATCCTGCTTTTCATCACAAGAACCGCAGGTAATCCTTCCTTTCCCCTGCAGGCGGCGTTATGGTCAGATGGTTTTGGCGACAAATCTCACCATAATAAGTTTCAACATACTAACTAGTCTTCACCTCTTCGCCAAA
5,5,0,AGACAAAAAAAGACAGGAACGTCTTTACTGGGTTAAATAGACTCATCCTGCTTTTAATCCCAAAAACTGCAGATAATCCTTCCTCTCCCCGGCAGAGGGGGTTATAGTCCGATGGTCTTTCCAACCAATCTCACAACAAACAGTTTCATCATACTGACTAAGAATCTAACGTCTTGTGAT
1,0,1,AGACAAAAAAAGACAGGAACGTCTTTACTGGGTTAAATAGACTCATCCTGCTTTTAATCCCAAAAACTGCAGATAATCCTTCCTCTCCCCGGCAGAGGGGGTTATAGTCCGATGGTCTTTCCAACCAATCTCACAACAAACAGTTTCATCATACTGACTACCCTGAGTCGCCACTAATCA
2,1,1,AGACAAAAAAAGACAGGAACGTCTTTACTGGGTTAAATAGACTCATCCTGCTTTTAATCCCAAAAACTGCAGATAATCCTTCCTCTCCCCGGCAGAGGGGGTTATAGTCCGATGGTCTTTCCAACCAATCTCACAACAAACAGTTTCATCATACTGACTACTGTTGGAAGAAATATTCAC
13,3,10,AGACAAAAAAAGACAGGAACGTCTTTACTGGGTTAAATAGACTCATCCTGCTTTTAATCCCAAAAACTGCAGATAATCCTTCCTCTCCCCGGCAGAGGGGGTTATAGTCCGATGGTCTTTCCAACCAATCTCACAACAAACAGTTTCATCATACTGACTAGGATTTAGCTGACTAGGAAA
3,2,1,AGACAAAAAAAGACAGGAACGTTTTTACTGGGTTAAATATAATCATCCTGCTTTTCATCACAAAAACCGCAGATAATCCTTCATTTCCCCGGCAGCTGGCGTTATGGTCAGATGGTTTTTGGATCAAATCTCACAATAAAAAGTTTCAACATAGTGACTACCACTGCATGTAAGGTGTGT
11,3,8,AGACAAAAAAAGACAGGAACGTTTTTACTGGGTTAAATATAATCATCCTGCTTTTCATCACAAAAACCGCAGATAATCCTTCATTTCCCCGGCAGCTGGCGTTATGGTCAGATGGTTTTTGGATCAAATCTCACAATAAAAAGTTTCAACATAGTGACTAGTAGGAATAGATGCGTGTTA
7,1,6,AGACAAAAAAAGACAGGAACGTTTTTACTGGGTTAAATATAATCATCCTGCTTTTCATCACAAAAACCGCAGATAATCCTTCATTTCCCCGGCAGCTGGCGTTATGGTCAGATGGTTTTTGGATCAAATCTCACAATAAAAAGTTTCAACATAGTGACTATGGTTTTATGAGGGACATTT
3,3,0,AGACAAAAAAAGACGGGACCGTGTTTAATAGGTTAAATGTAATCATCCTTCTTTTAATCACAAAAACCGCAGATAAGCCTTCGTTTCCCCGGCTGCTGTCATTATGGTCAGTTGGTTTTTGCAACAAATCTCACAATAAAAAGTGTCGACATAGTGACTAGCTCGTAGAGACAGCCTTTG
2,2,0,AGACAAAAAAAGACGTGAACGTTTTCACTGGGTTAAATATAATCATCCTGCTTCTCACCACTAAAACCGCAGATAATTCGTCCTTTCACTGGCAGCTGGCGTTATGGTCCGATCGTTTTTGCAACAGCTCTCACAATAAAAAGTTTCAACATACTGACTAAGTAGGCGAGGACCCCCGAT
6,6,0,AGACAAAAAAAGACGTGAACGTTTTCACTGGGTTAAATATAATCATCCTGCTTCTCACCACTAAAACCGCAGATAATTCGTCCTTTCACTGGCAGCTGGCGTTATGGTCCGATCGTTTTTGCAACAGCTCTCACACTAAAAAGTTTCAACATACTGACTATTAGTTGTCAATAGGCGCCT
2,2,0,AGACAAAAAAAGAGAGGAACGTATTTACTGAGTTAAATATAATAATCCTGCGTCTCATCACAATCCCAGCTGATAATCCCTCCTTACCCCGGCATCTGGCGTTATGGTCAGATGGTTTTTGCAACGAATCTCACAATAAAAAGTTTCAAGATTCGGACTACGAGAACCACATTTTCTTCC
1,1,0,AGACAAAAAAAGAGAGGAACGTATTTACTGAGTTAAATATAATAATCCTGCGTCTCATCACAATCCCAGCTGATAATCCCTCCTTACCCCGGCATCTGGCGTTATGGTCAGATGGTTTTTGCAACGAATCTCACAATAAAAAGTTTCAAGATTCGGACTAGAAGTTATGTCTCATTTACT
5,1,4,AGACAAAAAAAGCCAGGAACGTATTTACTGAGTTATAGATAACCAACCTGCTTTTCATCACGAAAACCGTAAATAATCCTTCCTTTCTCCGACAGCTGGCGTTATGGTCAGATGGTCTATGCAACAAGACTCACAATAAAAAGTTTCAACACACTGACGACGGCGTTACACTGATCTTCC
9,3,6,AGACAAAAAAAGCCAGGAACGTATTTACTGAGTTATAGATAACCAACCTGCTTTTCATCACGAAAACCGTAAATAATCCTTCCTTTCTCCGACAGCTGGCGTTATGGTCAGATGGTCTATGCAACAAGACTCACAATAAAAAGTTTCAACACACTGACGAGGGGGTTTTCCGACATGACG
31,9,22,AGACAAAAAAAGCCAGGAACGTATTTACTGAGTTATAGATAACCAACCTGCTTTTCATCACGAAAACCGTAAATAATCCTTCCTTTCTCCGACAGCTGGCGTTATGGTCAGATGGTCTATGCAACAAGACTCACAATAAAAAGTTTCAACACACTGACGATCGTGCGACGGAAGGACGAG
4,3,1,AGACAAAAAAAGGCAGGAAGGTAATTACTGGCTTAAATATAATCGTCCCGCTTTTCATCTCAAAAACCGCATATAATCCTTCCTCTCCCCCTCAGCTAGCGTTATGGTCAGATGGTTTTTGCAACATATCTCACAATAAAATGTTGCATCCTACTGACTACGAAACCGGCGAGGTTTATA
2,2,0,AGACAAAAAAAGGCAGGAAGGTAATTACTGGCTTAAATATAATCGTCCCGCTTTTCATCTCAAAAACCGCATATAATCCTTCCTCTCCCCCTCAGCTAGCGTTATGGTCAGATGGTTTTTGCAACATATCTCACAATAAAATGTTGCATCCTACTGACTACTCCTTTCCAATTTGTAGTA
12,11,1,AGACAAAAAAAGGCAGGAAGGTAATTACTGGCTTAAATATAATCGTCCCGCTTTTCATCTCAAAAACCGCATATAATCCTTCCTCTCCCCCTCAGCTAGCGTTATGGTCAGATGGTTTTTGCAACATATCTCACAATAAAATGTTGCATCCTACTGACTAGAAAGAACTAAATGTCTGTC
16,6,10,AGACAAAAAAAGGCAGGAAGGTAATTACTGGCTTAAATATAATCGTCCCGCTTTTCATCTCAAAAACCGCATATAATCCTTCCTCTCCCCCTCAGCTAGCGTTATGGTCAGATGGTTTTTGCAACATATCTCACAATAAAATGTTGCATCCTACTGACTAGTGTCTGGTGGGAAACAAAG
1,1,0,AGACAAAAAAAGGCAGGAAGGTAATTACTGGCTTAAATATAATCGTCCCGCTTTTCATCTCAAAAACCGCATATAATCCTTCCTCTCCCCCTCAGCTAGCGTTATGGTCAGATGGTTTTTGCAACATATCTCACAATAAAATGTTGCATCCTACTGACTATATGATTTATTTCGCAACAA
10,6,4,AGACAAAAAAAGGCAGGAAGGTAATTACTGGCTTAAATATAATCGTCCCGCTTTTCATCTCAAAAACCGCATATAATCCTTCCTCTCCCCCTCAGCTAGCGTTATGGTCAGATGGTTTTTGCAACATATCTCACAATAAAATGTTGCATCCTACTGACTATCACTACATAGCAGGTGAGC
1,1,0,AGACAAAAAAAGGCAGGAAGGTAATTACTGGCTTAAATATAATCGTCCCGCTTTTCATCTCAAAAACCGCATATAATCCTTCCTCTCCCCCTCAGCTAGCGTTATGGTCAGATGGTTTTTGCAACATATCTCACAATAAAATGTTGCATCCTACTGACTATCACTAGTCAAGATAGAGAC
5,5,0,AGACAAAAAAAGGCAGGAAGGTAATTACTGGCTTAAATATAATCGTCCCGCTTTTCATCTCAAAAACCGCATATAATCCTTCCTCTCCCCCTCAGCTAGCGTTATGGTCAGATGGTTTTTGCAACATATCTCACAATAAAATGTTGCATCCTACTGACTATCCGGCTCAAGCTCCACGAC
3,3,0,AGACAAAAAAAGGCAGGAAGGTAATTACTGGCTTAAATATAATCGTCCCGCTTTTCATCTCAAAAACCGCATATAATCCTTCCTCTCCCCCTCAGCTAGCGTTATGGTCAGATGGTTTTTGCAACATATCTCACAATAAAATGTTGCATCCTACTGACTATCTGTCTACCAAGAAGTTTG
11,5,6,AGACAAAAAAAGGCAGGAAGGTAATTACTGGCTTAAATATAATCGTCCCGCTTTTCATCTCAAAAACCGCATATAATCCTTCCTCTCCCCCTCAGCTAGCGTTATGGTCAGATGGTTTTTGCAACATATCTCACAATAAAATGTTGCATCCTACTGACTATGCGGTTACAGAATCAAAAC
14,12,2,AGACAAAAAAAGGCAGGAAGGTAATTACTGGCTTAAATATAATCGTCCCGCTTTTCATCTCAAAAACCGCATATAATCCTTCCTCTCCCCCTCAGCTAGCGTTATGGTCAGATGGTTTTTGCAACATATCTCACAATAAAATGTTGCATCCTACTGACTATTCTCGGGGACCGGAGTTTG
6,6,0,AGACAAAAAAAGTCAGGGACGTATTTACTGGGTTAAATATAATCATCCTGCTTTTAATCACAAAAACCATAGATAATCCATCCATTCCCCGGCAGCTGGCGTTATGGTCAGATGGATTTTGCGACAAATGTCACAATAAAAAGTTTCAACATACTGACTAAAGGGCATCCGTGGATCTTC
3,3,0,AGACAAAAAAAGTCAGGGACGTATTTACTGGGTTAAATATAATCATCCTGCTTTTAATCACAAAAACCATAGATAATCCATCCATTCCCCGGCAGCTGGCGTTATGGTCAGATGGATTTTGCGACAAATGTCACAATAAAAAGTTTCAACATACTGACTAATAACGCCAGCCTTCGAACA
5,5,0,AGACAAAAAAAGTCAGGGACGTATTTACTGGGTTAAATATAATCATCCTGCTTTTAATCACAAAAACCATAGATAATCCATCCATTCCCCGGCAGCTGGCGTTATGGTCAGATGGATTTTGCGACAAATGTCACAATAAAAAGTTTCAACATACTGACTACGGGGTTAATTTACGAGTAA
2,2,0,AGACAAAAAAAGTCAGGGACGTATTTACTGGGTTAAATATAATCATCCTGCTTTTAATCACAAAAACCATAGATAATCCATCCATTCCCCGGCAGCTGGCGTTATGGTCAGATGGATTTTGCGACAAATGTCACAATAAAAAGTTTCAACATACTGACTAGCGTTTACATGCGCAGCAGC
3,3,0,AGACAAAAAAAGTCAGGGACGTATTTACTGGGTTAAATATAATCATCCTGCTTTTAATCACAAAAACCATAGATAATCCATCCATTCCCCGGCAGCTGGCGTTATGGTCAGATGGATTTTGCGACAAATGTCACAATAAAAAGTTTCAACATACTGACTAGTGGTTGGTGCTGCTTCAGA
4,4,0,AGACAAAAAAAGTCAGGGACGTATTTACTGGGTTAAATATAATCATCCTGCTTTTAATCACAAAAACCATAGATAATCCATCCATTCCCCGGCAGCTGGCGTTATGGTCAGATGGATTTTGCGACAAATGTCACAATAAAAAGTTTCAACATACTGACTATATAGTCTCATATGTGATCC
2,2,0,AGACAAAAAAAGTCAGGGACGTATTTACTGGGTTAAATATAATCATCCTGCTTTTAATCACAAAAACCATAGATAATCCATCCATTCCCCGGCAGCTGGCGTTATGGTCAGATGGATTTTGCGACAAATGTCACAATAAAAAGTTTCAACATACTGACTATGTTAAGGCTACGAAACCAT
1,1,0,AGACAAAAAAGCACAGAAACGTAGTTACTGGCTTAAATGTAGTCATCCTGCTATTCATCACACAAACACCAGATGATACTTCCTGTCCCCGGCAGCTGGCGTTATGGCCAGATGGTTTTTGCAACAAATCTCACACTAGAAAGTTTCAACATACTGAGTAAATTAGTATGTTTTTTCTCA
8,8,0,AGACAAAAAAGCACAGAAACGTAGTTACTGGCTTAAATGTAGTCATCCTGCTATTCATCACACAAACACCAGATGATACTTCCTGTCCCCGGCAGCTGGCGTTATGGCCAGATGGTTTTTGCAACAAATCTCACACTAGAAAGTTTCAACATACTGAGTAATCGTCGATTCACCGAAATG
2,2,0,AGACAAAAAAGCACAGAAACGTAGTTACTGGCTTAAATGTAGTCATCCTGCTATTCATCACACAAACACCAGATGATACTTCCTGTCCCCGGCAGCTGGCGTTATGGCCAGATGGTTTTTGCAACAAATCTCACACTAGAAAGTTTCAACATACTGAGTAATTCATAATCCCTTGGTTTT
1,1,0,AGACAAAAAAGCACAGAAACGTAGTTACTGGCTTAAATGTAGTCATCCTGCTATTCATCACACAAACACCAGATGATACTTCCTGTCCCCGGCAGCTGGCGTTATGGCCAGATGGTTTTTGCAACAAATCTCACACTAGAAAGTTTCAACATACTGAGTAATTTACCGTTCTTTATCATC
1,1,0,AGACAAAAAAGCACAGAAACGTAGTTACTGGCTTAAATGTAGTCATCCTGCTATTCATCACACAAACACCAGATGATACTTCCTGTCCCCGGCAGCTGGCGTTATGGCCAGATGGTTTTTGCAACAAATCTCACACTAGAAAGTTTCAACATACTGAGTACGATCAAGGAATAACAGAAG
20,20,0,AGACAAAAAAGCACAGAAACGTAGTTACTGGCTTAAATGTAGTCATCCTGCTATTCATCACACAAACACCAGATGATACTTCCTGTCCCCGGCAGCTGGCGTTATGGCCAGATGGTTTTTGCAACAAATCTCACACTAGAAAGTTTCAACATACTGAGTAGACCCGTGTTTCCCAGCGGG
2,2,0,AGACAAAAAAGCACAGAAACGTAGTTACTGGCTTAAATGTAGTCATCCTGCTATTCATCACACAAACACCAGATGATACTTCCTGTCCCCGGCAGCTGGCGTTATGGCCAGATGGTTTTTGCAACAAATCTCACACTAGAAAGTTTCAACATACTGAGTAGAGGAATGGTACATGTTTGC
6,6,0,AGACAAAAAAGCACAGAAACGTAGTTACTGGCTTAAATGTAGTCATCCTGCTATTCATCACACAAACACCAGATGATACTTCCTGTCCCCGGCAGCTGGCGTTATGGCCAGATGGTTTTTGCAACAAATCTCACACTAGAAAGTTTCAACATACTGAGTAGTGTTCCCTGCCGTGTTATT
12,12,0,AGACAAAAAAGCACAGAAACGTAGTTACTGGCTTAAATGTAGTCATCCTGCTATTCATCACACAAACACCAGATGATACTTCCTGTCCCCGGCAGCTGGCGTTATGGCCAGATGGTTTTTGCAACAAATCTCACACTAGAAAGTTTCAACATACTGAGTAGTTCTGGATCGCTTGAAGTT
3,3,0,AGACAAAAAAGCACAGAAACGTAGTTACTGGCTTAAATGTAGTCATCCTGCTATTCATCACACAAACACCAGATGATACTTCCTGTCCCCGGCAGCTGGCGTTATGGCCAGATGGTTTTTGCAACAAATCTCACACTAGAAAGTTTCAACATACTGAGTATACGTTCTGGATGATCATCG
1,1,0,AGACAAAAAAGCACAGAAACGTAGTTACTGGCTTAAATGTAGTCATCCTGCTATTCATCACACAAACACCAGATGATACTTCCTGTCCCCGGCAGCTGGCGTTATGGCCAGATGGTTTTTGCAACAAATCTCACACTAGAAAGTTTCAACATACTGAGTATAGAATGGTCCCATCAAAGT
1,1,0,AGACAAAAAAGCACAGAAACGTAGTTACTGGCTTAAATGTAGTCATCCTGCTATTCATCACACAAACACCAGATGATACTTCCTGTCCCCGGCAGCTGGCGTTATGGCCAGATGGTTTTTGCAACAAATCTCACACTAGAAAGTTTCGACATACTGAGTACATCCAGCGGGCACCTGAAA
2,2,0,AGACAAAAAAGGACAGTAACGTATTTGCTGGGTTAAATATAATGATCCTGCTTTTCATCACAAAAATCGCGGATTATCCTTCCTTTCCCCGGCAGCTGGCGTTACGGTCAGATGGTTTTTGGAACAAATATCACAATAAAGAGTTTCAACATACTGACTAAAGTTTAGGAAACGACATTA
43,11,32,AGACAAAAAAGGACAGTAACGTATTTGCTGGGTTAAATATAATGATCCTGCTTTTCATCACAAAAATCGCGGATTATCCTTCCTTTCCCCGGCAGCTGGCGTTACGGTCAGATGGTTTTTGGAACAAATATCACAATAAAGAGTTTCAACATACTGACTAGTCGAGGTGCTGGTAAGCTA
14,7,7,AGACAAAAAAGGACAGTAACGTATTTGCTGGGTTAAATATAATGATCCTGCTTTTCATCACAAAAATCGCGGATTATCCTTCCTTTCCCCGGCAGCTGGCGTTACGGTCAGATGGTTTTTGGAACAAATATCACAATAAAGAGTTTCAACATACTGACTATCCTTATCAAGTTAAGTTAT
2,2,0,AGACAAAAACAGTCAGGAACGTATTTACTGGGTTCAATATAATCATCCTGCTTTTCATCACAAAAAACGCAAATAATCCATCCTTTCCCCGGCAGATGTCGTTATGGACAGATGGTTTTAGCACAAAATCTCACAATAAAAAGTTCCAACATACTGACTATCAATAGTCCACTGGCTTGA
4,4,0,AGACAAAAACAGTCAGGAACGTATTTACTGGGTTCAATATAATCATCCTGCTTTTCATCACAAAAAATGCAAATAATCCATCCTTTCCCCGGCAGATGTCGTTATGGACAGATGGTTTTAGCACAAAATCTCACAATAAAAAGTTCCAACATACTGACTATCCATTTAAGCCTTAAAGTG
4,1,3,AGACAAAAGAAGACAGGAAAGTAATCACTGGGTTAAATAGAATCATCCTGCTTTCCATCACAATAACCGAAGATTATCCTTCCTTTCCCCGGCAGCCGGGGTTATGGTCAGAAGGATTTTGGAAGAAATCTCACAATAAAAAATTTTAACAGGCTGACGAAGGTTTCAAATTGTCCCGAG
3,3,0,AGACAAAAGGAGACAGGATCGTATTTACTGGCTAAAATATAATCACCCTGCTTTTCATCACAAAAGCCGGAGATAGTCCTTCTTTTCCCGGGCAGCTGGCGTTATGGTCCGATGATTTGTGCAACAAATCTCACACTAAAAAGTTTCAACATACCGACTAGGTTCTCGACACACAGTTAT
3,3,0,AGACAAAAGGAGACAGGATCGTATTTACTGGCTAAAATATAATCACCCTGCTTTTCATCACAAAAGCCGGAGATAGTCCTTCTTTTCCCGGGCAGCTGGCGTTATGGTCCGATGATTTGTGCAACAAATCTCACACTAAAAAGTTTCAACATACTGACTAACTAGCAATGTTCCATTTCT
9,7,2,AGACAAAAGGAGACAGGATCGTATTTACTGGCTAAAATATAATCACCCTGCTTTTCATCACAAAAGCCGGAGATAGTCCTTCTTTTCCCGGGCAGCTGGCGTTATGGTCCGATGATTTGTGCAACAAATCTCACACTAAAAAGTTTCAACATACTGACTACATTCATCAGGAATACCAAT
1,1,0,AGACAAAAGGAGACAGGATCGTATTTACTGGCTAAAATATAATCACCCTGCTTTTCATCACAAAAGCCGGAGATAGTCCTTCTTTTCCCGGGCAGCTGGCGTTATGGTCCGATGATTTGTGCAACAAATCTCACACTAAAAAGTTTCAACATACTGACTAGGGCGCGTCACGAATCAATA
2,0,2,AGACAAAGACAGCCACGAACGTATTTACTGGCTTAATTATAGTCATCCTGCTTTTCATCACAATCACCCCATATAATCCTTCCTTTCCCCGGTAGCTGGCGTTATGGTCAGATGGTTTCTTCAACAAATCTCACAGTAATAAGTGTCAACATACGGACTAACACAAATGTGGCCAGAGCC
11,5,6,AGACAAAGACAGCCACGAACGTATTTACTGGCTTAATTATAGTCATCCTGCTTTTCATCACAATCACCCCATATAATCCTTCCTTTCCCCGGTAGCTGGCGTTATGGTCAGATGGTTTCTTCAACAAATCTCACAGTAATAAGTGTCAACATACGGACTAACCCTTTACTGGAGTCGACC
3,3,0,AGACAAAGACAGCCACGAACGTATTTACTGGCTTAATTATAGTCATCCTGCTTTTCATCACAATCACCCCATATAATCCTTCCTTTCCCCGGTAGCTGGCGTTATGGTCAGATGGTTTCTTCAACAAATCTCACAGTAATAAGTGTCAACATACGGACTAATAGCTTTATGTGGAATGCA
15,12,3,AGACAAAGACAGCCACGAACGTATTTACTGGCTTAATTATAGTCATCCTGCTTTTCATCACAATCACCCCATATAATCCTTCCTTTCCCCGGTAGCTGGCGTTATGGTCAGATGGTTTCTTCAACAAATCTCACAGTAATAAGTGTCAACATACGGACTAATGACTTTCGGCGGTCCTTA
3,2,1,AGACAAAGACAGCCACGAACGTATTTACTGGCTTAATTATAGTCATCCTGCTTTTCATCACAATCACCCCATATAATCCTTCCTTTCCCCGGTAGCTGGCGTTATGGTCAGATGGTTTCTTCAACAAATCTCACAGTAATAAGTGTCAACATACGGACTACATAACGGCCGTAACAATCC
4,4,0,AGACAAAGACAGCCACGAACGTATTTACTGGCTTAATTATAGTCATCCTGCTTTTCATCACAATCACCCCATATAATCCTTCCTTTCCCCGGTAGCTGGCGTTATGGTCAGATGGTTTCTTCAACAAATCTCACAGTAATAAGTGTCAACATACGGACTACTAATTGCGAGACGGTAGAA
9,8,1,AGACAAAGACAGCCACGAACGTATTTACTGGCTTAATTATAGTCATCCTGCTTTTCATCACAATCACCCCATATAATCCTTCCTTTCCCCGGTAGCTGGCGTTATGGTCAGATGGTTTCTTCAACAAATCTCACAGTAATAAGTGTCAACATACGGACTAGCCGAAGGTCCCGCTCGGTG
5,5,0,AGACAAAGACAGCCACGAACGTATTTACTGGCTTAATTATAGTCATCCTGCTTTTCATCACAATCACCCCATATAATCCTTCCTTTCCCCGGTAGCTGGCGTTATGGTCAGATGGTTTCTTCAACAAATCTCACAGTAATAAGTGTCAACATACGGACTATTGAAACCTTTGAATCCTGA
6,5,1,AGACAAAGACAGCCACGAACGTATTTACTGGCTTAATTATAGTCATCCTGCTTTTCATCACAATCACCCCATATAATCCTTCCTTTCCCCGGTAGCTGGCGTTATGGTCAGATGGTTTCTTCAACAAATCTCACAGTAATAAGTGTCAACATACGGACTATTGGAATCACCACTCCTCCA
15,5,10,AGACAATAAAAGACAGGAACGTATTTACTGGGTTAAATATAATCATGCTGCTTTGCATCACAAAAACCGCAGATAATCCTTACTTTCCCCGGCAGCTGGCGTTAGGGTCAGATGGGTTTTGCAACAAATCTCATAGTAAAAAGTTGCAACATACTGACTAACGCTTTTCCACAACGACCC
12,5,7,AGACAATAAAAGACAGGAACGTATTTACTGGGTTAAATATAATCATGCTGCTTTGCATCACAAAAACCGCAGATAATCCTTACTTTCCCCGGCAGCTGGCGTTAGGGTCAGATGGGTTTTGCAACAAATCTCATAGTAAAAAGTTGCAACATACTGACTAAGTCCGGCACCAACGCAATC
4,2,2,AGACAATAAAAGACAGGAACGTATTTACTGGGTTAAATATAATCATGCTGCTTTGCATCACAAAAACCGCAGATAATCCTTACTTTCCCCGGCAGCTGGCGTTAGGGTCAGATGGGTTTTGCAACAAATCTCATAGTAAAAAGTTGCAACATACTGACTACTACATCTTTTTATTAGACA
3,3,0,AGACAATAAAAGACAGGAACGTATTTACTGGGTTAAATATAATCATGCTGCTTTGCATCACAAAAACCGCAGATAATCCTTACTTTCCCCGGCAGCTGGCGTTAGGGTCAGATGGGTTTTGCAACAAATCTCATAGTAAAAAGTTGCAACATACTGACTAGCCAATGCTGAGTAATTTAG
16,8,8,AGACAATAAAAGACAGGAACGTATTTACTGGGTTAAATATAATCATGCTGCTTTGCATCACAAAAACCGCAGATAATCCTTACTTTCCCCGGCAGCTGGCGTTAGGGTCAGATGGGTTTTGCAACAAATCTCATAGTAAAAAGTTGCAACATACTGACTAGCTATGATCTGTTTTATAGT
6,4,2,AGACAATAAAAGACAGGAACGTATTTACTGGGTTAAATATAATCATGCTGCTTTGCATCACAAAAACCGCAGATAATCCTTACTTTCCCCGGCAGCTGGCGTTAGGGTCAGATGGGTTTTGCAACAAATCTCATAGTAAAAAGTTGCAACATACTGACTAGGCCAACAGCACATATGTTA
8,5,3,AGACAATAAAAGACAGGAACGTATTTACTGGGTTAAATATAATCATGCTGCTTTGCATCACAAAAACCGCAGATAATCCTTACTTTCCCCGGCAGCTGGCGTTAGGGTCAGATGGGTTTTGCAACAAATCTCATAGTAAAAAGTTGCAACATACTGACTATGCGGTTCTCAAGGCATATA
2,2,0,AGACACAAAAAGACACTAACGTATTTACTGGGATAAATATAATCATCCTGCTTTTTATCATTAATACTGCTGATAAACCTTCCATTCCCCGGCAGCTCTCGTTATGGTCAGATGGTCTTTGCCACAACTCTCACAATAAAAAGTTTCAACATACTGACTTCAATGAGAGGGGATGTCGGT
2,2,0,AGACACAAAAAGACACTAACGTATTTACTGGGATAAATATAGTCATCCTGCTTTTTATCATTAATACTGCTGATAAACCTTCCATTCCCCGGCAGCTCTCGTTATGGTCAGATGGTCTTTGCCACAACTCTCACAATAAAAAGTTTCAACATACTGACTTAGACGCATATGTCTTCGGTG
5,5,0,AGACACAAAAAGACACTAACGTATTTACTGGGATAAATATAGTCATCCTGCTTTTTATCATTAATACTGCTGATAAACCTTCCATTCCCCGGCAGCTCTCGTTATGGTCAGATGGTCTTTGCCACAACTCTCACAATAAAAAGTTTCAACATACTGACTTGACACGCCGCTGCTCGATCC
2,2,0,AGACACAAAAAGACACTAACGTATTTACTGGGATAAATATAGTCATCCTGCTTTTTATCATTAATACTGCTGATAAACCTTCCATTCCCCGGCAGCTCTCGTTATGGTCAGATGGTCTTTGCCACAACTCTCACAATAAAAAGTTTCAACATACTGACTTTTTTGTCTGGATAAGTATTA
15,1,14,AGACACAAAAAGACAGGAACGTATTTACTGGGTTAAAGATAATCATATTGCCCTTCATCACAAAAACCGCAGATAATGCTACCTTTCCCTGGCATCTGGCGTTATGTTCAGCTGGGTTTTGCAAAAAATCTCACACTAAATAGTTTCAACACACTGACTACCGTCTGTGCACTGCATGAG
13,2,11,AGACACAAAAAGACAGGAACGTATTTACTGGGTTAAAGATAATCATATTGCCCTTCATCACAAAAACCGCAGATAATGCTACCTTTCCCTGGCATCTGGCGTTATGTTCAGCTGGGTTTTGCAAAAAATCTCACACTAAATAGTTTCAACACACTGACTAGATAAGCCCGTTAATCTACC
29,5,24,AGACACAAAAAGACAGGAACGTATTTACTGGGTTAAAGATAATCATATTGCCCTTCATCACAAAAACCGCAGATAATGCTACCTTTCCCTGGCATCTGGCGTTATGTTCAGCTGGGTTTTGCAAAAAATCTCACACTAAATAGTTTCAACACACTGACTAGATAATGTAACTGGGCAATG
40,3,37,AGACACAAAAAGACAGGAACGTATTTACTGGGTTAAAGATAATCATATTGCCCTTCATCACAAAAACCGCAGATAATGCTACCTTTCCCTGGCATCTGGCGTTATGTTCAGCTGGGTTTTGCAAAAAATCTCACACTAAATAGTTTCAACACACTGACTAGCCTGGGGGTCAGCTAGTTT
28,8,20,AGACACAAAAAGACAGGAACGTATTTACTGGGTTAAAGATAATCATATTGCCCTTCATCACAAAAACCGCAGATAATGCTACCTTTCCCTGGCATCTGGCGTTATGTTCAGCTGGGTTTTGCAAAAAATCTCACACTAAATAGTTTCAACACACTGACTATCATGGGTGTGTCTGTGATG
39,2,37,AGACACAAAAAGACAGGAACGTATTTACTGGGTTAAAGATAATCATATTGCCCTTCATCACAAAAACCGCAGATAATGCTACCTTTCCCTGGCATCTGGCGTTATGTTCAGCTGGGTTTTGCAAAAAATCTCACACTAAATAGTTTCAACACACTGACTATGGATAACGGCTGAAGCGTA
39,3,36,AGACACAAAAAGACAGGAACGTATTTACTGGGTTAAAGATAATCATATTGCCCTTCATCACAAAAACCGCAGATAATGCTACCTTTCCCTGGCATCTGGCGTTATGTTCAGCTGGGTTTTGCAAAAAATCTCACACTAAATAGTTTCAACACACTGACTATGTTGAAGCAAACCTCGAGT
9,1,8,AGACAGAAAAAGACAGGAACGGATTTACTGGGTTAAATATAATCATCCTGCTTTTTATCACAAAAACCACAGATAATCCTTCCTTTCCCCGGCAGCTGGCGTTATGGTCAGATGGTTGTTCCAACAAATCTCACAATAAAAAGTTTCAACATACTGACTAAAATATCGATTTCTTACCAA
7,1,6,AGACAGAAAAAGACAGGAACGGATTTACTGGGTTAAATATAATCATCCTGCTTTTTATCACAAAAACCACAGATAATCCTTCCTTTCCCCGGCAGCTGGCGTTATGGTCAGATGGTTGTTCCAACAAATCTCACAATAAAAAGTTTCAACATACTGACTAATATCATTGGGTTCTAGGTC
75,9,66,AGACAGAAAAAGACAGGAACGGATTTACTGGGTTAAATATAATCATCCTGCTTTTTATCACAAAAACCACAGATAATCCTTCCTTTCCCCGGCAGCTGGCGTTATGGTCAGATGGTTGTTCCAACAAATCTCACAATAAAAAGTTTCAACATACTGACTAGTGCAGTACTTCGTGTTATC
8,7,1,AGACAGAAAAAGACAGGAACGGATTTACTGGGTTAAATATAATCATCCTGCTTTTTATCACAAAAACCACAGATAATCCTTCCTTTCCCCGGCAGCTGGCGTTATGGTCAGATGGTTGTTCCAACAAATCTCACAATAAAAAGTTTCAACATACTGACTATATCAACGTGGATCACTGAA
24,6,18,AGACAGAAAAAGACAGGAACGGATTTACTGGGTTAAATATAATCATCCTGCTTTTTATCACAAAAACCACAGATAATCCTTCCTTTCCCCGGCAGCTGGCGTTATGGTCAGATGGTTGTTCCAACAAATCTCACAATAAAAAGTTTCAACATACTGACTATATTGCTTATGCTTAATATG
9,8,1,AGACAGAAAAAGACAGGAACGGATTTACTGGGTTAAATATAATCATCCTGCTTTTTATCACAAAAACCACAGATAATCCTTCCTTTCCCCGGCAGCTGGCGTTATGGTCAGATGGTTGTTCCAACAAATCTCACAATAAAAAGTTTCAACATACTGACTATGGGAACTATTACTTCTCCC
10,10,0,AGACAGACAAAAACAGGAACTTGTTTACCGGGTTAAAGATCTTGATCCTGCTTTTCCTCACAAAAACCGCAGATAATGCATCCTTTCCCCGGGAGCTGGCCTTATGTTCAGATGGTTCTTGCAACAAATCTAATAATGAAAAGTTCCAACATCCTGACAAGCCATTCCGATCCCAAGATC
1,1,0,AGACAGACAAAAACAGGAACTTGTTTACCGGGTTAAAGATCTTGATCCTGCTTTTCCTCACAAAAACCGCAGATAATGCATCCTTTCCCCGGGAGCTGGCCTTATGTTCAGATGGTTCTTGCAACAAATCTAATAATGAAAAGTTCCAACATCCTGACAATGTGAGCGGTCATCGGGTCT
13,13,0,AGACAGACAAAAACAGGAACTTGTTTACCGGGTTAAAGATCTTGATCCTGCTTTTCCTCACAAAAACCGCAGATAATGCATCCTTTCCCCGGGATCTGGCCTTATGTTCAGATGGTTCTTGCAACAAATCTAATAATGAAAAGTTCCAACATCCTGACAAGGTTCATTTTCTACAGTGAG
1,1,0,AGACAGGTAAAGACAGGGACGTATTTACAGGGTTAAATATAAACATCCTTCTTTTCATCACATAAACCGCAGATAATCCGTCCTTTCCCCGGCAACTGGCGTTCTGGTCATATGGTCTTTGCACCAAATCTCATATTAAAAAGTATCAATATAGTGCCTAACCAAATCGCCTCGATTACT
2,2,0,AGACAGGTAAAGACAGGGACGTATTTACAGGGTTAAATATAAACATCCTTCTTTTCATCACATAAACCGCAGATAATCCGTCCTTTCCCCGGCAACTGGCGTTCTGGTCATATGGTCTTTGCACCAAATCTCATATTAAAAAGTATCAATATAGTGCCTAAGGGCTTGCGCGCCGCTTAG
5,4,1,AGACAGGTAAAGACAGGGACGTATTTACAGGGTTAAATATAAACATCCTTCTTTTCATCACATAAACCGCAGATAATCCGTCCTTTCCCCGGCAACTGGCGTTCTGGTCATATGGTCTTTGCACCAAATCTCATATTAAAAAGTATCAATATAGTGCCTAGCACGCTCTAACCGTGCCTA
58,4,54,AGACCAAAAAAGACAGGGACTTATTTAATGGGTTAAATATAATCATCGTGCTTTGCATCAAAAAAACCGCAGATAACCCTTCCTTTCGCCGGCAACAGGTTTTATAGTAAGATGGTTTTTGCAAAAGATCTAACAATGAAGATTTTCAACAGGCTGACCAGAATACGCACGCAACTCGAC
41,3,38,AGACCAAAAAAGACAGGGACTTATTTAATGGGTTAAATATAATCATCGTGCTTTGCATCAAAAAAACCGCAGATAACCCTTCCTTTCGCCGGCAACAGGTTTTATGGTAAGATGGTTTTTGCAAAAGATCTAACAATGAAGATTTTCAACAGGCTGACCACCGAGTTTCTGGTATCTGAG
5,2,3,AGACCAAAAAAGACAGGGACTTATTTAATGGGTTAAATATAATCATCGTGCTTTGCATCAAAAAAACCGCAGATAACCCTTCCTTTCGCCGGCAACAGGTTTTATGGTAAGATGGTTTTTGCAAAAGATCTAACAATGAAGATTTTCAACAGGCTGACCACTTCGCCGGGGTGTATCCTG
6,5,1,AGACCCGAAAAGACAGGAACGTAGTTACTGCGTTAAATATAATCATCCTGCTTTTCCTCACAAAAACCGCAGATAATACTTCTTTTCCCCGGCAGCTGGCATTATGGTCAGATGGTTTTTGCAACGAATCTGACATTAAAAAGTTTCAACATACAAACTAATTTACTCGAGACTTGTGCA
1,1,0,AGACCCGAAAAGACAGGAACGTAGTTACTGCGTTAAATATAATCATCCTGCTTTTCCTCACAAAAACCGCAGATAATACTTCTTTTCCCCGGCAGCTGGCATTATGGTCAGATGGTTTTTGCAACGAATCTGACATTAAAAAGTTTCAACATACAAACTACGGGGCGGAACTCTTTACAG
5,4,1,AGACCCGAAAAGACAGGAACGTAGTTACTGCGTTAAATATAATCATCCTGCTTTTCCTCACAAAAACCGCAGATAATACTTCTTTTCCCCGGCAGCTGGCATTATGGTCAGATGGTTTTTGCAACGAATCTGACATTAAAAAGTTTCAACATACAAACTAGGTATTTGACTGGAACTTTA
1,1,0,AGACCCGAAAAGACAGGAACGTAGTTACTGCGTTAAATATAATCATCCTGCTTTTCCTCACAAAAACCGCAGATAATACTTCTTTTCCCCGGCAGCTGGCATTATGGTCAGATGGTTTTTGCAACGAATCTGACATTAAAAAGTTTCAACATACAAACTAGGTGAGTATACGCCTGGGCA
5,5,0,AGACCCGAAAAGACAGGAACGTAGTTACTGCGTTAAATATAATCATCCTGCTTTTCCTCACAAAAACCGCAGATAATACTTCTTTTCCCCGGCAGCTGGCATTATGGTCAGATGGTTTTTGCAACGAATCTGACATTAAAAAGTTTCAACATACAAACTATACCCATGTCTAGGTGAATC
3,2,1,AGACCCGAAAAGACAGGAACGTAGTTACTGCGTTAAATATAATCATCCTGCTTTTCCTCACAAAAACCGCAGATAATACTTCTTTTCCCCGGCAGCTGGCATTATGGTCAGATGGTTTTTGCAACGAATCTGACATTAAAAAGTTTCAACATACAAACTATTGATATTACGGTAACAGTT
7,2,5,AGACTAAAATAGACAGGAACGTATTTACTGGGTTAAATAGAATCATCGTGCTTTTGACCACCAAACCCCCAGATAATCATTCCCTTCCCCGGCAGCTGGCGTTATGGTCAGATGGTTTTTGCAACAATTCTCACAACAAAAAGTTTCAACGTACTGATTTAACATTTCACATTCACAACC
2,2,0,AGACTAAAATAGACAGGAACGTATTTACTGGGTTAAATAGAATCATCGTGCTTTTGACCACCAAACCCCCAGATAATCATTCCCTTCCCCGGCAGCTGGCGTTATGGTCAGATGGTTTTTGCAACAATTCTCACAACAAAAAGTTTCAACGTACTGATTTAACTGTTAGGTCCGTAAGAA
14,7,7,AGACTAAAATAGACAGGAACGTATTTACTGGGTTAAATAGAATCATCGTGCTTTTGACCACCAAACCCCCAGATAATCATTCCCTTCCCCGGCAGCTGGCGTTATGGTCAGATGGTTTTTGCAACAATTCTCACAACAAAAAGTTTCAACGTACTGATTTAGGGCAATCAGAGCTTATTT
3,3,0,AGACTAAAATAGACAGGAACGTATTTACTGGGTTAAATAGAATCATCGTGCTTTTGACCACCAAACCCCCAGATAATCATTCCCTTCCCCGGCAGCTGGCGTTATGGTCAGATGGTTTTTGCAACAATTCTCACAACAAAAAGTTTCAACGTACTGATTTATACAGCATTTATTTTTAGG
2,2,0,AGAGAAAAAAAGACAGCAACGTATTAACTCGGTTAAATATAATCGTTCTGCGTTTCATCACAAAAACGGCGGATAATCCTGCCGTTCCCCGGAAGCTGACGTCATGGTCAGATGGTTTTTGCAAAAAATCTCGCAATAAAAAGTTTCAACATACTGGCTAAATTTTAGGTCGTATATTCG
7,7,0,AGAGACAGAAAGACAGGAACGTATTTCCTGGGTTAAATATAGTCATCCCGCTTTTAATCACAAAAACCGTGGATAATCCTACCTATCCCCAGCAGCTGGCGTTATGGTCAGCTGATGTTTGCAACAAATCTCACAATATAACGTTTCACCATACTGACTACTCCCCTTTGCTAGGGACCG
1,1,0,AGAGACAGAAAGACAGGAACGTATTTCCTGGGTTAAATATAGTCATCCTGCTTTTAATCACAAAAACCGTGGATAATCCTACCTATCCCCAGCAGCTGGCGTTATGGTCAGCTGATGTTTGCAACAAATCTCACAATATAACGTTTCACCATACTGACTAAATGCAATGACCTCTATAAT
1,1,0,AGAGACAGAAAGACAGGAACGTATTTCCTGGGTTAAATATAGTCATCCTGCTTTTAATCACAAAAACCGTGGATAATCCTACCTATCCCCAGCAGCTGGCGTTATGGTCAGCTGATGTTTGCAACAAATCTCACAATATAACGTTTCACCATACTGACTAAATGCCTTGGTAATACAGCC
2,2,0,AGAGACAGAAAGACAGGAACGTATTTCCTGGGTTAAATATAGTCATCCTGCTTTTAATCACAAAAACCGTGGATAATCCTACCTATCCCCAGCAGCTGGCGTTATGGTCAGCTGATGTTTGCAACAAATCTCACAATATAACGTTTCACCATACTGACTAACACCGACCTCATGGATTTT
1,1,0,AGAGACAGAAAGACAGGAACGTATTTCCTGGGTTAAATATAGTCATCCTGCTTTTAATCACAAAAACCGTGGATAATCCTACCTATCCCCAGCAGCTGGCGTTATGGTCAGCTGATGTTTGCAACAAATCTCACAATATAACGTTTCACCATACTGACTAAGCCAAAGCACTCATCTCAA
3,3,0,AGAGACAGAAAGACAGGAACGTATTTCCTGGGTTAAATATAGTCATCCTGCTTTTAATCACAAAAACCGTGGATAATCCTACCTATCCCCAGCAGCTGGCGTTATGGTCAGCTGATGTTTGCAACAAATCTCACAATATAACGTTTCACCATACTGACTACCTCTTGGGCTTTGTTGTCG
6,6,0,AGAGACAGAAAGACAGGAACGTATTTCCTGGGTTAAATATAGTCATCCTGCTTTTAATCACAAAAACCGTGGATAATCCTACCTATCCCCAGCAGCTGGCGTTATGGTCAGCTGATGTTTGCAACAAATCTCACAATATAACGTTTCACCATACTGACTACGAAAGTCACTCGAGGGTAT
2,2,0,AGAGACAGAAAGACAGGAACGTATTTCCTGGGTTAAATATAGTCATCCTGCTTTTAATCACAAAAACCGTGGATAATCCTACCTATCCCCAGCAGCTGGCGTTATGGTCAGCTGATGTTTGCAACAAATCTCACAATATAACGTTTCACCATACTGACTACGCCGCTGTGAAAATGAAAC
12,6,6,AGAGACAGAAAGACAGGAACGTATTTCCTGGGTTAAATATAGTCATCCTGCTTTTAATCACAAAAACCGTGGATAATCCTACCTATCCCCAGCAGCTGGCGTTATGGTCAGCTGATGTTTGCAACAAATCTCACAATATAACGTTTCACCATACTGACTACGCTAGCCTCTATTCCACGA
7,5,2,AGAGACAGAAAGACAGGAACGTATTTCCTGGGTTAAATATAGTCATCCTGCTTTTAATCACAAAAACCGTGGATAATCCTACCTATCCCCAGCAGCTGGCGTTATGGTCAGCTGATGTTTGCAACAAATCTCACAATATAACGTTTCACCATACTGACTAGGGTGCGGCTTGTGGTTGTA
6,4,2,AGAGACAGAAAGACAGGAACGTATTTCCTGGGTTAAATATAGTCATCCTGCTTTTAATCACAAAAACCGTGGATAATCCTACCTATCCCCAGCAGCTGGCGTTATGGTCAGCTGATGTTTGCAACAAATCTCACAATATAACGTTTCACCATACTGACTATCCCCTGGTCTTAGTTGGCG
4,2,2,AGAGACAGAAAGACAGGAACGTATTTCCTGGGTTAAATATAGTCATCCTGCTTTTAATCACAAAAACCGTGGATAATCCTACCTATCCCCAGCAGCTGGCGTTATGGTCAGCTGATGTTTGCAACAAATCTCACAATATAACGTTTCACCATACTGACTATGTAATGGAGCATCATTTAT
60,5,55,AGATGAAAAAAGACAGGACCGTATTTTCCGGGTTAAATATAATCATCCTGCTTTTCGTCACAAAAACCGCAGATAATCCTTCCTTCCCCCCGCGTCCGGCGTTATTGTAAGATGTTTTTTGCAACAAATCTCACAATAAAACGTTTCAACATACTGAGTACCGTATACTAACAAACCTAA
11,2,9,AGCCAAAAAAAGACAATAACTTATATCCTGGGTAAAACATATTCATCCGGCTTGTCATCACAAAAACCGCAGATAATCCTTTCTTTCCCCGCCAAGTGGCGTTATGGTCAGATGGATTTTGCAACAAATCTCACAATAGAAAGTTTCAAAAGATCGACAACTGAACACTGTAACCCTATC
19,5,14,AGCCAAAAAAAGACAATAACTTATATCCTGGGTAAAACATATTCATCCGGCTTGTCATCACAAAAACCGCAGATAATCCTTTCTTTCCCCGCCAAGTGGCGTTATGGTCAGATGGATTTTGCAACAAATCTCACAATAGAAAGTTTCAAAAGATCGACAAGCAATCTCCATTTAGAAAGG
2,2,0,AGCCAAAAAAAGACATGAACGTATTTATTGGGTTAAATATAATCCTACTGCTTTCCATCATCCAAACCGCAGATAATCCCTCCCATCCCCGGCAGCTGGCGTTATGGTCAGTTGGTTATTGCAATAAATCTCACAATAAAAAGGTTCCACATACTGACTACCCCAACTCTTAGACCGTTA
8,5,3,AGCCAAAAAAAGACATGAACGTATTTATTGGGTTAAATATAATCCTACTGCTTTCCATCATCCAAACCGCAGATAATCCCTCCCATCCCCGGCAGCTGGCGTTATGGTCAGTTGGTTATTGCAATAAATCTCACAATAAAAAGGTTCCACATACTGACTAGATTCAATTAGTAAGAATCG
1,1,0,AGCCAAAAAAAGACATGAACGTATTTATTGGGTTAAATATAATCCTACTGCTTTCCATCATCCAAACCGCAGATAATCCCTCCCATCCCCGGCAGCTGGCGTTATGGTCAGTTGGTTATTGCAATAAATCTCACAATAAAAAGGTTCCACATACTGACTAGCACCATCCTGCAGCTGGAG
6,6,0,AGCCAAAAAAAGACATGAACGTATTTATTGGGTTAAATATAATCCTACTGCTTTCCATCATCCAAACCGCAGATAATCCCTCCCATCCCCGGCAGCTGGCGTTATGGTCAGTTGGTTATTGCAATAAATCTCACAATAAAAAGGTTCCACATACTGACTAGGGGGCCAGGGACTAATGTT
6,6,0,AGCCTAAAAAGGACAGGGACGCATTTACTGGGTTAAATATAATCATCCTGCTTTTCATCGCAAAAACCGCATATAATCCGTCCTTTCTCCGACAGCTGGCGTTATGGTCCGATGGTTTTAGCAACAAATTTCACAACACAAAGTTTCAACATACTGACTAACCCTGTGTTAGATACACTT
2,1,1,AGCCTAAAAAGGACAGGGACGCATTTACTGGGTTAAATATAATCATCCTGCTTTTCATCGCAAAAACCGCATATAATCCGTCCTTTCTCCGACAGCTGGCGTTATGGTCCGATGGTTTTAGCAACAAATTTCACAACACAAAGTTTCAACATACTGACTACTGTCGGCAACGAGAACCAA
3,3,0,AGCCTAAAAAGGACAGGGACGCATTTACTGGGTTAAATATAATCATCCTGCTTTTCATCGCAAAAACCGCATATAATCCGTCCTTTCTCCGACAGCTGGCGTTATGGTCCGATGGTTTTAGCAACAAATTTCACAACACAAAGTTTCAACATACTGACTAGGGCGGCCCGCTAAGTGATG
6,4,2,AGGCAAAAAAAGAAAGGAACATTTTTACTGGGTTAAATATAATTATCCAGCTTTTCATCACAAAAAGCGCAGATAATCCTTCCATTCTCCGTCATCTGGCGTTCTAGTCAGATGGTTTTTGCAACAGTTCTCACTATAAAAAGTTTCAACATACTGTCTACCAGAGGATGACAGGGGGCT
2,2,0,AGGCAAAAAAAGAAAGGAACATTTTTACTGGGTTAAATATAATTATCCAGCTTTTCATCACAAAAAGCGCAGATAATCCTTCCATTCTCCGTCATCTGGCGTTCTAGTCAGATGGTTTTTGCAACAGTTCTCACTATAAAAAGTTTCAACATACTGTCTACGGTTTTACTCGCACGATAT
13,8,5,AGGCAAAAAAAGAAAGGAACATTTTTACTGGGTTAAATATAATTATCCAGCTTTTCATCACAAAAAGCGCAGATAATCCTTCCATTCTCCGTCATCTGGCGTTCTAGTCAGATGGTTTTTGCAACAGTTCTCACTATAAAAAGTTTCAACATACTGTCTACTAGCAGGAGTGTTGATAGG
4,2,2,AGGCAAAAAAAGAAAGGAACATTTTTACTGGGTTAAATATAATTATCCAGCTTTTCATCACAAAAAGCGCAGATAATCCTTCCATTCTCCGTCATCTGGCGTTCTAGTCAGATGGTTTTTGCAACAGTTCTCACTATAAAAAGTTTCAACATACTGTCTAGAACCTCAGACCCTTTTTTT
5,2,3,AGGCAAAAAAAGAAAGGAACATTTTTACTGGGTTAAATATAATTATCCAGCTTTTCATCACAAAAAGCGCAGATAATCCTTCCATTCTCCGTCATCTGGCGTTCTAGTCAGATGGTTTTTGCAACAGTTCTCACTATAAAAAGTTTCAACATACTGTCTAGTCCTGGTAGACAAGTATGC
16,1,15,AGGCAAAAAAAGGCAAGAAATTACTAATTGGGATAATAATAATCATCCTGCTTTTCATCACAAAAACCGCAGATAATCCTTCCTTGCCCCGGCAGATGGCGTTATGGTCGGATGGTTTTTGCAACAAATCTGGCAATAACAAGTTTCAACATACTGACTAGGCAAAATCTGAATGTCAGT
34,0,34,AGGCAAAAAAAGGCAAGAAATTACTAATTGGGATAATAATAATCATCCTGCTTTTCATCACAAAAACCGCAGATAATCCTTCCTTTCCCCGGCAGATGGCGTTATGGTCGGATGGTTTTTGCAACAAATCTGGCAATAACAAGTTTCAACATACTGACTACAACGCCCTCTAGTGCGTTT
35,9,26,AGTCAAAAAAAGACAGGAACGTATTTACGGGGTTAAATATAATCATCCAGCTTTTCATCACAAAAACCGCAGATAATCCTTCCTTTCTCCTGCAGCGGACGTTATGGTCAGATGGTTTTTACAACACATCTCACAATAACAAGTTTCAACATACTGACTATCCATTCTAACGGTTTCAAA
6,2,4,AGTCAAAAAAAGACAGGAACGTATTTACGGGGTTAAATATAATCATCCAGCTTTTCATCACAAAAACCGCAGATAATCCTTCCTTTCTCCTGCAGCGGGCGTTATGGTCAGATGGTTTTTACAACACATCTCACAATAACAAGTTTCAACATACTGACTAAGGTCTAAAATGTTTCATAT
8,3,5,AGTCAAAAAAAGACAGGAACGTATTTACGGGGTTAAATATAATCATCCAGCTTTTCATCACAAAAACCGCAGATAATCCTTCCTTTCTCCTGCAGCGGGCGTTATGGTCAGATGGTTTTTACAACACATCTCACAATAACAAGTTTCAACATACTGACTACTAGAACGATACACCTGCAT
1,1,0,AGTCAAAAAAAGACAGGAACGTATTTACGGGGTTAAATATAATCATCCAGCTTTTCATCACAAAAACCGCAGATAATCCTTCCTTTCTCCTGCAGCGGGCGTTATGGTCAGATGGTTTTTACAACACATCTCACAATAACAAGTTTCAACATACTGACTATAATGGTGTTTTGAGCCAAG
9,0,9,AGTCAAAAAAAGACAGGAACGTATTTACGGGGTTAAATATAATCATCCAGCTTTTCATCACAAAAACCGCAGATAATCCTTCCTTTCTCCTGCAGCGGGCGTTATGGTCAGATGGTTTTTACAACACATCTCACAATAACAAGTTTCAACATACTGACTATCACGTGGTAGTGACACCTT
8,8,0,AGTCACAAGAAGACAGGAACGTTTTTACTGGGTAAAATATAATCATCCTGCTTTTCATCCCAAAAACCCCAGAGAATCCTTCCTTTCCCCGGCAGCCGGCGTTATGGTCAGATGTTTTTTGCACCAAATCGCACAATAAGAAGTTTCAACATACTGACGACCACAGAGATGATTATGGAT
11,11,0,AGTCACAAGAAGACAGGAACGTTTTTACTGGGTAAAATATAATCATCCTGCTTTTCATCCCAAAAACCGCAGAGAATCCTTCCTTTCCCCGGCAGCCGGCGTTATGGTCAGATGTTTTTTGCACCAAATCGCACAATAAGAAGTTTCAACATACTGACGACACATATTTAGCTCTCGCAA
6,4,2,AGTCACAAGAAGACAGGAACGTTTTTACTGGGTAAAATATAATCATCCTGCTTTTCATCCCAAAAACCGCAGAGAATCCTTCCTTTCCCCGGCAGCCGGCGTTATGGTCAGATGTTTTTTGCACCAAATCGCACAATAAGAAGTTTCAACATACTGACGAGGACCTCATACGCACGTTAT
8,7,1,AGTCACAAGAAGACAGGAACGTTTTTACTGGGTAAAATATAATCATCCTGCTTTTCATCCCAAAAACCGCAGAGAATCCTTCCTTTCCCCGGCAGCCGGCGTTATGGTCAGATGTTTTTTGCACCAAATCGCACAATAAGAAGTTTCAACATACTGACGATGGCCACGTCGCTCGCTCAT
7,7,0,AGTTAAAAAAAGACAGGGACGTATTTACTGGGTCAAATATAATCATCCTGCTTCTCATCACAAAAACCGCAGCTAATCATTCCTTTCCCCGGCAGCTGGCGTTCTCGTCAAATGGTTTTTGCAACAAATCTCACAATTACAAGTTTTTAAATACGGACTAAGGATAGTTGCGAAGCCTTT
3,3,0,AGTTAAAAAAAGACAGGGACGTATTTACTGGGTCAAATATAATCATCCTGCTTCTCATCACAAAAACCGCAGCTAATCATTCCTTTCCCCGGCAGCTGGCGTTCTCGTCAAATGGTTTTTGCAACAAATCTCACAATTACAAGTTTTTAAATACGGACTAATTCGTAGTGATGTGATAGT
3,3,0,AGTTAAAAAAAGACAGGGACGTATTTACTGGGTCAAATATAATCATCCTGCTTCTCATCACAAAAACCGCAGCTAATCATTCCTTTCCCCGGCAGCTGGCGTTCTCGTCAAATGGTTTTTGCAACAAATCTCACAATTACAAGTTTTTAAATACGGACTATCGACAAACGCAATGGTTAT
10,10,0,ATAAAAAAAAAGACAGAAACGTATATACTGGTTTAAATATAATCATCCTGCTTTTCAACGCAAAAACCGCAGATATTCCTTCATTCCCCCGTCAGCTGGCGTTAGGGTCAGATGGTTTTTGCAACAAATACCACAATAAAAAGTTGCAACATACTGACTATTACACACTCGTAGAGTGGG
38,14,24,ATAAAAAAAAAGACAGCAACGTATTTAGTTGGTTATATATAATCATCCTGCTTATCATCACAAGAATCGCAGATAATCCTTCCGTTCACCGGCAGCTGGCGTTATAGTCGGATGGGCTTTGCAATAAATCTCAGAATAAAAAGATTAAACATACTGACTGAGGCCATATGCTCTCGGAGT
6,0,6,ATAAAAAAAAAGACAGCAACGTATTTAGTTGGTTATATATAATCATCCTGCTTATCATCACAAGAATCGCAGATAATCCTTCCGTTCACCGGCAGCTGGCGTTATAGTCGGATGGGCTTTGCAATAAATCTCAGAATAAAAAGATTAAACATACTGACTGGCAAGAATAGGATTTAACGG
3,3,0,ATAAAAAAAAAGACAGGAAAGTAATTACAGGGTTAACTATAAGCATCCTGCCTTTCATTACAAAAACCGGAGCTAATCCTTCCTTTCCCCGGCAGCTTGCGTTATGGCCAGATGGTTTTTCCAACCAATCTCACAATTAAAAGTTTCAACATACTGACTAAGATTTTATGTGAAGTGGTA
4,4,0,ATAAAAAAAAAGACAGGAAAGTAATTACAGGGTTAACTATAAGCATCCTGCCTTTCATTACAAAAACCGGAGCTAATCCTTCCTTTCCCCGGCAGCTTGCGTTATGGCCAGATGGTTTTTCCAACCAATCTCACAATTAAAAGTTTCAACATACTGACTAATAACTCTGTCGCTACAATG
5,5,0,ATAAAAAAAAAGACAGGAAAGTAATTACAGGGTTAACTATAAGCATCCTGCCTTTCATTACAAAAACCGGAGCTAATCCTTCCTTTCCCCGGCAGCTTGCGTTATGGCCAGATGGTTTTTCCAACCAATCTCACAATTAAAAGTTTCAACATACTGACTATTTTTCGAAAGTTTACATGC
4,4,0,ATAAAAAAAAAGACAGGAACGTATTTACTGGGCTCAATATAATCGTCTTGCTTTTCAACACAACAACCGCAGATAAACCTGCCTTTCCCCAGCCGCTGCCGTTATGGTCAGATGGTTTTTGCAACAAATCTCACAATACAAAGTTTCAACATTCTGTATCACGTCATTGTTATTCCAGCG
6,6,0,ATAAAAAAAAAGACAGGAACGTATTTACTGGGCTCAATATAATCGTCTTGCTTTTCAACACAACAACCGCAGATAAACCTGCCTTTCCCCAGCCGCTGCCGTTATGGTCAGATGGTTTTTGCAACAAATCTCACAATACAAAGTTTCAACATTCTGTATCACTTGTGGAGCATTTCGTGT
1,1,0,ATAAAAAAAAAGACAGGAACGTATTTACTGGGCTCAATATAATCGTCTTGCTTTTCAACACAACAACCGCAGATAAACCTGCCTTTCCCCAGCCGCTGCCGTTATGGTCAGATGGTTTTTGCAACAAATCTCACAATACAAAGTTTCAACATTCTGTATCAGGCTGCCCATCAGTATGCG
4,4,0,ATAAAAAAAAAGACAGGAACGTATTTACTGGGCTCAATATAATCGTCTTGCTTTTCAACACAACAACCGCAGATAAACCTGCCTTTCCCCAGCCGCTGCCGTTATGGTCAGATGGTTTTTGCAACAAATCTCACAATACAAAGTTTCAACATTCTGTATCCGCGTTGGTACCCAATCAAG
2,2,0,ATAAAAAAAAAGACAGGAACGTATTTACTGGGCTCAATATAATCGTCTTGCTTTTCAACACAACAACCGCAGATAAACCTGCCTTTCCCCAGCCGCTGCCGTTATGGTCAGATGGTTTTTGCAACAAATCTCACAATACAAAGTTTCAACATTCTGTATCGTTACCGCAGTCGAGCTAAG
1,1,0,ATAAAAAAAAAGACAGGAACGTTTTTACTGGGTTAAATATAATCATCCTGGTTGTCAGCACAACAACCGCAGATGATCCTTCCTTTCCCCTGTAGCTGGCGTTATGGTCAGAAGATCTTTGCAACTAATCTTACAATAAAACGTTTCATAATACTCACTAAGAAAGTCGATTGCACGGGT
2,2,0,ATAAAAAAAAAGACAGGAACGTTTTTACTGGGTTAAATATAATCATCCTGGTTGTCAGCACAACAACCGCAGATGATCCTTCCTTTCCCCTGTAGCTGGCGTTATGGTCAGAAGATCTTTGCAACTAATCTTACAATAAAACGTTTCATAATACTCACTACCTCCTCCGCTATAATGTCC
4,3,1,ATAAAAAAAAAGACAGGAACGTTTTTACTGGGTTAAATATAATCATCCTGGTTGTCAGCACAACAACCGCAGATGATCCTTCCTTTCCCCTGTAGCTGGCGTTATGGTCAGAAGATCTTTGCAACTAATCTTACAATAAAACGTTTCATAATACTCACTACTACCGGCGCCACTTTTATC
17,17,0,ATAAAAAAAAAGACAGGAACGTTTTTACTGGGTTAAATATAATCATCCTGGTTGTCAGCACAACAACCGCAGATGATCCTTCCTTTCCCCTGTAGCTGGCGTTATGGTCAGAAGATCTTTGCAACTAATCTTACAATAAAACGTTTCATAATACTCACTAGGGTACCAGCACTTCATCGG
4,4,0,ATAAAAAAAAAGACAGGGACGTACTAACTGGGTGAAATATAATCATCCTGCTTTTCATCAGAAGAACCGCAGATCATCTTTCCTTTCCCCGGCAGCTCGCTTTATGGTCACATGCTTTTTGCAAAAAATAGCACAATAAAAAGTTTCTAAATACTGAATATGCAAGCAGAGTCCTCGGCG
8,2,6,ATAAAAAAAAAGACAGGTACGTATTTACTGGGTCAAATTTAATTATCCTGCTTTTCATCACAAAAACCTCATGTATCCCTACCGTTGCCTGGCTGCTGGCGTAGTGGTCTGATATTGTTTGCAACACATCAGACAATAAAAAGTTTCTACATAATGACTACAGCATAACAAGTCGTACGT
4,4,0,ATAAAAAAAAAGACAGGTACGTATTTACTGGGTCAAATTTAATTATCCTGCTTTTCATCACAAAAACCTCATGTATCCCTACCGTTGCCTGGCTGCTGGCGTAGTGGTCTGATATTGTTTGCAACACATCAGACAATAAAAAGTTTCTACATAATGACTACCTGCTAAATTGTATACGCA
4,3,1,ATAAAAAAAAAGACAGGTACGTATTTACTGGGTCAAATTTAATTATCCTGCTTTTCATCACAAAAACCTCATGTATCCCTACCGTTGCCTGGCTGCTGGCGTAGTGGTCTGATATTGTTTGCAACACATCAGACAATAAAAAGTTTCTACATAATGACTACGCAGGCAGCATTACGGTAA
6,2,4,ATAAAAAAAAAGACAGGTACGTATTTACTGGGTCAAATTTAATTATCCTGCTTTTCATCACAAAAACCTCATGTATCCCTACCGTTGCCTGGCTGCTGGCGTAGTGGTCTGATATTGTTTGCAACACATCAGACAATAAAAAGTTTCTACATAATGACTATGTAAGTTGCTGAACATTCG
3,1,2,ATAAAAAAAAAGACAGGTACGTATTTACTGGGTCAAATTTAATTATCCTGCTTTTCATCACAAAAACCTCATTTATCCCTACCGTTGCCTGGCTGCTGGCGTAGTGGTCTGATATTGTTTGCAACACATCAGACAATAAAAAGTTTCTACATAATGACTATACGACCTATTCGGAATCAA
67,4,63,ATAAAAAAAAAGACAGTAACGTATTTACTGGATCAAATATAATCATCCTGCTTTTCATCACAAAAACCGCAGATAATCCTTCCTTTCCCCAGCAGCTCGCGTTATGGTTAGATGGTTTTTGCAACAAATCTCACAATAGGAAGTTTCAACATACTGACTACAATCTATGTTGCGATCTAT
3,3,0,ATAAAAAAAAAGACTGGAACGTAATTACTCGGTTAAATATAATCATCCTGCTATTCATCACAAGATCCCCCGATAATCCTTCCTTTCCCCGGCAGCTGGCGTTAGGGTCAGATGGATTTTCAAACACATGTCGCAATAAAAAGTTTCACCATACAGACTAACAAGCAGCTGTGTTTTCCG
6,1,5,ATAAAAAAAAAGACTGGAACGTAATTACTCGGTTAAATATAATCATCCTGCTATTCATCACAAGATCCCCCGATAATCCTTCCTTTCCCCGGCAGCTGGCGTTAGGGTCAGATGGATTTTCAAACACATGTCGCAATAAAAAGTTTCACCATACAGACTAATTTGTTGGGTTGGACTAGT
4,4,0,ATAAAAAAAAAGAGAGAAACGTATTTACTGGGTTAAATATAATCATCATGCTTTTCATCACAAACAGCGGAGATGATCCTTCCAGTCCCCGGATGCTGACGTTATGGTCAGATGGTTTTTGCAACAAAGCTAACAATAAATAGTTTCAACATACTGACTAACCACAGTGACGCATATCAT
1,1,0,ATAAAAAAAAAGAGAGAAACGTATTTACTGGGTTAAATATAATCATCATGCTTTTCATCACAAACAGCGGAGATGATCCTTCCAGTCCCCGGATGCTGACGTTATGGTCAGATGGTTTTTGCAACAAAGCTAACAATAAATAGTTTCAACATACTGACTAGCCGACCAGTGTACTCTACG
2,2,0,ATAAAAAAAAAGAGAGAAACGTATTTACTGGGTTAAATATAATCATCATGCTTTTCATCACAAACAGCGGAGATGATCCTTCCAGTCCCCGGATGCTGACGTTATGGTCAGATGGTTTTTGCAACAAAGCTAACAATAAATAGTTTCAACATACTGACTAGTCCGGATCTTAAGTGAGTA
1,1,0,ATAAAAAAAAAGAGAGAAACGTATTTACTGGGTTAAATATAATCATCATGCTTTTCATCACAAACAGCGGAGATGATCCTTCCAGTCCCCGGATGCTGACGTTATGGTCAGATGGTTTTTGCAACAAAGCTAACAATAAATAGTTTCAACATACTGACTATCATTTCTGGGAATTCTTTA
4,4,0,ATAAAAAAAAAGAGAGAAACGTATTTACTGGGTTAAATATAATCATCATGCTTTTCATCACAAACAGCGGAGATGATCCTTCCAGTCCCCGGATGCTGACGTTATGGTCAGATGGTTTTTGCAACAAAGCTAACAATAAATAGTTTCAACATACTGACTATGGTCGATACCTTGTGTTCG
3,3,0,ATAAAAAAAAAGAGAGAAACGTATTTACTGGGTTAAATATAATCATCATGCTTTTCATCACAAACAGCGGAGATGATCCTTCCAGTCCCCGGATGCTGACGTTATGGTCAGATGGTTTTTGCAACAAAGCTAACAATAAATAGTTTCAACATACTGACTATGGTTCTATCTCGTATGTGC
2,2,0,ATAAAAAAAAAGAGAGAAACGTATTTACTGGGTTAAATATAATCATCATGCTTTTCATCACAAACAGCGGAGATGATCCTTCCAGTCCCCGGATGCTGACGTTATGGTCAGATGGTTTTTGCAACAAAGCTAACAATAAATAGTTTCAACATACTGACTATGTATGCAGTTCCACCGTCG
1,1,0,ATAAAAAAAAAGAGAGAAACGTATTTACTGGGTTAAATATAATCATCATGCTTTTCATCACAAACAGCGGAGATGATCCTTCCAGTCCCCGGATGCTGACGTTATGGTCAGATGGTTTTTGCAACAAAGCTAACAATAAATAGTTTCAACATACTGACTATTTATAAGATACCGCTCGTT
1,1,0,ATAAAAAAAAAGGCAGGAACGTATTTACTGGATTAAATATAATCCACCTGCTTTTCATCACAAAAGCAGCAGATAATCCTTCCTTTACCCGGCAGCTGGCGTCATGGTCAGATGGTTTTTGCAAAAAATCTAACAAGAAAAAGTTCCAAGATACTGTCTATGTGCCCGCTTCTTCAAGAT
1,1,0,ATAAAAAAAAAGGCAGGAACGTATTTACTGGATTAAATATAATCCACCTGCTTTTCATCACAAAAGCAGCAGATAATCCTTCCTTTACCCGGCAGCTGGCGTCATGGTCAGATGGTTTTTGCAACAAATCTAACAAGAAAAAGTTCCAAGATACTGTCTAACGTACTACTCTACTTCCAA
1,1,0,ATAAAAAAAAAGGCAGGAACGTATTTACTGGATTAAATATAATCCACCTGCTTTTCATCACAAAAGCAGCAGATAATCCTTCCTTTACCCGGCAGCTGGCGTCATGGTCAGATGGTTTTTGCAACAAATCTAACAAGAAAAAGTTCCAAGATACTGTCTACTTCCCAGCCTCGCTCGCTG
11,3,8,ATAAAAAAAAAGTCTTGAACGTATATACTGGGTTAAATATAATCAGCCTGCATTTCATCACAAAGGCCGCAGATAATCCTACCTTTCCCCGGCAGCTTGCGTAATGGTCAGATGGTTTTTGCAACAAATCTCTGCATGAAAAGTTTCAACAAACTGACTAAACAGCAGAGGTCTTATCTA
7,7,0,ATAAAAAAAAAGTCTTGAACGTATATACTGGGTTAAATATAATCAGCCTGCATTTCATCACAAAGGCCGCAGATAATCCTACCTTTCCCCGGCAGCTTGCGTAATGGTCAGATGGTTTTTGCAACAAATCTCTGCATGAAAAGTTTCAACAAACTGACTAAGCTTGATTGATCTGACTAA
16,5,11,ATAAAAAAAAAGTCTTGAACGTATATACTGGGTTAAATATAATCAGCCTGCATTTCATCACAAAGGCCGCAGATAATCCTACCTTTCCCCGGCAGCTTGCGTAATGGTCAGATGGTTTTTGCAACAAATCTCTGCATGAAAAGTTTCAACAAACTGACTACCAGTTATGTTAATCACGGG
7,2,5,ATAAAAAAAAAGTCTTGAACGTATATACTGGGTTAAATATAATCAGCCTGCATTTCATCACAAAGGCCGCAGATAATCCTACCTTTCCCCGGCAGCTTGCGTAATGGTCAGATGGTTTTTGCAACAAATCTCTGCATGAAAAGTTTCAACAAACTGACTACCTTAGACGAACAGTAACTA
23,7,16,ATAAAAAAAAAGTCTTGAACGTATATACTGGGTTAAATATAATCAGCCTGCATTTCATCACAAAGGCCGCAGATAATCCTACCTTTCCCCGGCAGCTTGCGTAATGGTCAGATGGTTTTTGCAACAAATCTCTGCATGAAAAGTTTCAACAAACTGACTAGTCGCGGGTTATTGTGGCTG
3,2,1,ATAAAAAAAAAGTCTTGAACGTATATACTGGGTTAAATATAATCAGCCTGCATTTCATCACAAAGGCCGCAGATAATCCTACCTTTCCCCGGCAGCTTGCGTAATGGTCAGATGGTTTTTGCAACAAATCTCTGCATGAAAAGTTTCAACAAACTGACTAGTTATCTTGTTCCTGACTCT
4,2,2,ATAAAAAAAAAGTCTTGAACGTATATACTGGGTTAAATATAATCAGCCTGCATTTCATCACAAAGGCCGCAGATAATCCTACCTTTCCCCGGCAGCTTGCGTAATGGTCAGATGGTTTTTGCAACAAATCTCTGCATGAAAAGTTTCAACAAACTGACTATCGTTGGAGTTGCATATAGA
20,5,15,ATAAAAAAAAAGTCTTGAACGTATATACTGGGTTAAATATAATCAGCCTGCATTTCATCACAAAGGCCGCAGATAATCCTACCTTTCCCCGGCAGCTTGCGTAATGGTCAGATGGTTTTTGCAACAAATCTCTGCATGAAAAGTTTCAACAAACTGACTATTCGCTAAGAAGGGTTACTG
1,1,0,ATAAAAAAAAAGTCTTGAACGTATATACTGGGTTAAATATAATCAGCCTGCATTTCATCACAAAGGCCGCAGATAATCCTACCTTTCCCCGGCAGCTTGCGTAATGGTCAGATGGTTTTTGCAACAAATCTCTGCATGAAAAGTTTCAACAAACTGACTATTCTAGCGCCGATACGGATG
2,2,0,ATAAAAAAAAGGACAGGAACGTATTTACTGGGTTCAATATAATCATCCTGCTTTTCAGCACAAGAACCGCCGATAATCCTGCCATTCCCCGGCTGCTGGCGTTCTGGTCAGATGGTTGTTGCAGCAAAGCTCACAATAACAAGTTGCTAGATACAGTCTAATCCAGGTAGTGACCGCGTT
1,1,0,ATAAAAAAAAGGACAGGAACGTATTTACTGGGTTCAATATAATCATCCTGCTTTTCAGCACAAGAACCGCCGATAATCCTGCCATTCCCCGGCTGCTGGCGTTCTGGTCAGATGGTTGTTGCAGCAAAGCTCACAATAACAAGTTGCTAGATACAGTCTACAGGTGTGTAAGTAGGCGTT
10,8,2,ATAAAAAAAAGGACAGGAACGTATTTACTGGGTTCAATATAATCATCCTGCTTTTCAGCACAAGAACCGCCGATAATCCTGCCATTCCCCGGCTGCTGGCGTTCTGGTCAGATGGTTGTTGCAGCAAAGCTCACAATAACAAGTTGCTAGATACAGTCTACCCTCTATACCTTTGTGACG
1,1,0,ATAAAAAAAAGGACAGGAACGTATTTACTGGGTTCAATATAATCATCCTGCTTTTCAGCACAAGAACCGCCGATAATCCTGCCATTCCCCGGCTGCTGGCGTTCTGGTCAGATGGTTGTTGCAGCAAAGCTCACAATAACAAGTTGCTAGATACAGTCTACGTTTGGTACGCAATGTACC
2,2,0,ATAAAAAAAAGGACAGGAACGTATTTACTGGGTTCAATATAATCATCCTGCTTTTCAGCACAAGAACCGCCGATAATCCTGCCATTCCCCGGCTGCTGGCGTTCTGGTCAGATGGTTGTTGCAGCAAAGCTCACAATAACAAGTTGCTAGATACAGTCTAGCATTTACTCCCTGTGATGG
11,11,0,ATAAAAAAAAGGACAGGAACGTATTTACTGGGTTCAATATAATCATCCTGCTTTTCAGCACAAGAACCGCCGATAATCCTGCCATTCCCCGGCTGCTGGCGTTCTGGTCAGATGGTTGTTGCAGCAAAGCTCACAATAACAAGTTGCTAGATACAGTCTAGTCAGATTAATGCACTCCTG
4,4,0,ATAAAAAAAATATCAGGAACGTATTTAGTGGGTTTAATATAATCACTCTGCTTGTCATCACGAAGACTGCAGATAATCCTTCCTTTCACCGGCAGCTGACGTTTTGGTCAGATGGTTTTTGCAACAAAGCTCACAATAAAAAGTTTCAACATACTGACTAAGCCGGCGGGCCTGGCCACC
2,2,0,ATAAAAAAAATATCAGGAACGTATTTAGTGGGTTTAATATAATCACTCTGCTTGTCATCACGAAGACTGCAGATAATCCTTCCTTTCACCGGCAGCTGACGTTTTGGTCAGATGGTTTTTGCAACAAAGCTCACAATAAAAAGTTTCAACATACTGACTAATGGCGGCTTCCGGACATCA
3,3,0,ATAAAAAAAATATCAGGAACGTATTTAGTGGGTTTAATATAATCACTCTGCTTGTCATCACGAAGACTGCAGATAATCCTTCCTTTCACCGGCAGCTGACGTTTTGGTCAGATGGTTTTTGCAACAAAGCTCACAATAAAAAGTTTCAACATACTGACTAATGTGAAGTCGAATTGGTTA
2,2,0,ATAAAAAAAATATCAGGAACGTATTTAGTGGGTTTAATATAATCACTCTGCTTGTCATCACGAAGACTGCAGATAATCCTTCCTTTCACCGGCAGCTGACGTTTTGGTCAGATGGTTTTTGCAACAAAGCTCACAATAAAAAGTTTCAACATACTGACTAGACGCTAAAAGAGTATTTTA
1,1,0,ATAAAAAAAATATCAGGAACGTATTTAGTGGGTTTAATATAATCACTCTGCTTGTCATCACGAAGACTGCAGATAATCCTTCCTTTCACCGGCAGCTGACGTTTTGGTCAGATGGTTTTTGCAACAAAGCTCACAATAAAAAGTTTCAACATACTGACTATAGTGTGAGTCTTGCAAAGG
6,6,0,ATAAAAAAAATATCAGGAACGTATTTAGTGGGTTTAATATAATCACTCTGCTTGTCATCACGAAGACTGCAGATAATCCTTCCTTTCACCGGCAGCTGACGTTTTGGTCAGATGGTTTTTGCAACAAAGCTCACAATAAAAAGTTTCAACATACTGACTATTGTTATGAGTGGGTCAAGT
43,7,36,ATAAAAAAAATGATACGAGCGTATTTACTGGGTTAAATGTAATCATCCTGCTTTTCATCACAAAAACCGGAGATCATCCTTCCATTCCCGGGCAGCTTACGTTATGGTCAGATGGTTTGTGCAACAAATCTCACAATAGAAAGTTTCAACTTACTGACTACCCGATGTGTACATTGTCTA
61,0,61,ATAAAAAAAATGATACGAGCGTATTTACTGGGTTAAATGTAATCATCCTGCTTTTCATCACAAAAACCGGAGATCATCCTTCCATTCCCGGGCAGCTTACGTTATGGTCAGATGGTTTGTGCAACAAATCTCACAATAGAAAGTTTCAACTTACTGACTACGGGACGGGTGTTCTTATAG
5,1,4,ATAAAAAAAATGATACGAGCGTATTTACTGGGTTAAATGTAATCATCCTGCTTTTCATCACAAAAACCGGAGATCATCCTTCCATTCCCGGGCAGCTTACGTTATGGTCAGATGGTTTGTGCAACAAATCTCACAATAGAAAGTTTCAACTTACTGACTATCTGAGTGGTCATTCCCACA
1,1,0,ATAAAAAAACAGACACGAACTTAATTACAGTGTTAAATATAATGATCCTGCATTTCATCACAAAAACTGCAGATAATCCTTCCTTTCCCCGGCAACTGGAGTTATGGACAGATGGTGTTTGCAGAAAATCTCATAATAAAGAGGTTCAACATACTGAGTAATATGTGCATTCATACGAAA
6,2,4,ATAAAAAACAAGACAAGAACGTATTGTCTGGGTTAAATAGAATCGTCCTGCTTTTCATCACAAAAATCGCAGATGAGCCGTCTTTTCTCCGGCGGCGGGCGTTATGGCCAGATGGTTTTTGCTACAAATCTCACAATAAAAAGTATCAACAAATTGACTACCCGTTGAAGTGCATTCCGT
1,1,0,ATAAAAAACAAGACAAGAACGTATTGTCTGGGTTAAATAGAATCGTCCTGCTTTTCATCACAAAAATCGCAGATGAGCCGTCTTTTCTCCGGCGGCGGGCGTTATGGCCAGATGGTTTTTGCTACAAATCTCACAATAAAAAGTATCAACATACTGACTTCTGCTGTAATGCGTATCAAG
4,4,0,ATAAAAAAGAATACAAGAACGTATTTTCTGGGTTAAACATAATCATCCTGCTTTTCATCATAAAAATCGCTGATAATCCTTCATTTCCCCGGCAGCTGGCGTTATGGTCCGGTGGTTTTTTCAACAGATCTCGCTATAAAAAGTTTCCCCATCCTGACTGAACCTTGGTAACAATCTCCT
2,0,2,ATAAAAAAGAATACAAGAACGTATTTTCTGGGTTAAACATAATCATCCTGCTTTTCATCATAAAAATCGCTGATAATCCTTCATTTCCCCGGCAGCTGGCGTTATGGTCCGGTGGTTTTTTCAACAGATCTCGCTATAAAAAGTTTCCCCATCCTGACTGAATTCTCATATTTTAGGACC
12,8,4,ATAAAAAAGAATACAAGAACGTATTTTCTGGGTTAAACATAATCATCCTGCTTTTCATCATAAAAATCGCTGATAATCCTTCATTTCCCCGGCAGCTGGCGTTATGGTCCGGTGGTTTTTTCAACAGATCTCGCTATAAAAAGTTTCCCCATCCTGACTGAGAAGGATTTGTATGGGTCC
14,14,0,ATAAAAAAGAATACAAGAACGTATTTTCTGGGTTAAACATAATCATCCTGCTTTTCATCATAAAAATCGCTGATAATCCTTCATTTCCCCGGCAGCTGGCGTTATGGTCCGGTGGTTTTTTCAACAGATCTCGCTATAAAAAGTTTCCCCATCCTGACTGATAGTACTTCCCTACTAAGA
2,1,1,ATAAAAAAGAATACAAGAACGTATTTTCTGGGTTAAACATAATCATCCTGCTTTTCATCATAAAAATCGCTGATAATCCTTCATTTCCCCGGCAGCTGGCGTTATGGTCCGGTGGTTTTTTCAACAGATCTCGCTATAAAAAGTTTCCCCATCCTGACTGCCCTTCCCAGAGGGTAATAT
2,0,2,ATAAAAAAGAATACAAGAACGTATTTTCTGGGTTAAACATAATCATCCTGCTTTTCATCATAAAAATCGCTGATAATCCTTCATTTCCCCGGCAGCTGGCGTTATGGTCCGGTGGTTTTTTCAACAGATCTCGCTATAAAAAGTTTCCCCATCCTGACTGCCGTCCCCCCTTCAGACTAC
1,1,0,ATAAAAAAGAATACAAGAACGTATTTTCTGGGTTAAACATAATCATCCTGCTTTTCATCATAAAAATCGCTGATAATCCTTCATTTCCCCGGCAGCTGGCGTTATGGTCCGGTGGTTTTTTCAACAGATCTCGCTATAAAAAGTTTCCCCATCCTGACTGGATGGCGCAACCTCAGCCAA
3,3,0,ATAAAAAAGAATACAAGAACGTATTTTCTGGGTTAAACATAATCATCCTGCTTTTCATCATAAAAATCGCTGATAATCCTTCATTTCCCCGGCAGCTGGCGTTATGGTCCGGTGGTTTTTTCAACAGATCTCGCTATAAAAAGTTTCCCCATCCTGACTGGCCTACAGTGTTGAGTCAGA
21,19,2,ATAAAAAAGAATACAAGAACGTATTTTCTGGGTTAAACATAATCATCCTGCTTTTCATCATAAAAATCGCTGATAATCCTTCATTTCCCCGGCAGCTGGCGTTATGGTCCGGTGGTTTTTTCAACAGATCTCGCTATAAAAAGTTTCCCCATCCTGACTGGGGCGGACTCTGACCCTTGG
4,4,0,ATAAAAAAGAATACAAGAACGTATTTTCTGGGTTAAACATAATCATCCTGCTTTTCATCATAAAAATCGCTGATAATCCTTCATTTCCCCGGCAGCTGGCGTTATGGTCCGGTGGTTTTTTCAACAGATCTCGCTATAAAAAGTTTCCCCATCCTGACTGTATAAGAGATAAGTTTTTTG
3,3,0,ATAAAAAAGAATACAAGAACGTATTTTCTGGGTTAAACATAATCATCCTGCTTTTCATCATAAAAATCGCTGATAATCCTTCATTTCCCCGGCAGCTGGCGTTATGGTCCGGTGGTTTTTTCAACAGATCTCGCTATAAAAAGTTTCCCCATCCTGACTGTCAGTTTACTTTCATTTTAT
6,6,0,ATAAAAAAGAATACAAGAACGTATTTTCTGGGTTAAACATAATCATCCTGCTTTTCATCATAAAAATCGCTGATAATCCTTCATTTCCCCGGCAGCTGGCGTTATGGTCCGGTGGTTTTTTCAACAGATCTCGCTATAAAAAGTTTCCCCATCCTGACTGTCCATTTACCGTGTTTGACG
9,9,0,ATAAAAAAGAATACAAGAACGTATTTTCTGGGTTAAACATAATCATCCTGCTTTTCATCATAAAAATCGCTGATAATCCTTCATTTCCCCGGCAGCTGGCGTTATGGTCCGGTGGTTTTTTCAACAGATCTCGCTATAAAAAGTTTCCCCATCCTGACTGTCTCGTACATCTTGCGACTG
4,4,0,ATAAAAAAGAATACAAGAACGTATTTTCTGGGTTAAACATAATCATCCTGCTTTTCATCATAAAAATCGCTGATAATCCTTCATTTCCCCGGCAGCTGGCGTTATGGTCCGGTGGTTTTTTCAACAGATCTCGCTATAAAAAGTTTCCCCATCCTGACTGTGACTCACAATAGTCTTTTC
1,1,0,ATAAAAAAGAATACAAGAACGTATTTTCTGGGTTAAACATAATCATCCTGCTTTTCATCATAAAAATCGCTGATAATCCTTCATTTCCCCGGCAGCTGGCGTTATGGTCCGGTGGTTTTTTCAACAGATCTCGCTATAAAAAGTTTCCCCATCCTGACTGTGATTAATGGCGGGCAGCCG
18,17,1,ATAAAAAAGAATACAAGAACGTATTTTCTGGGTTAAACATAATCATCCTGCTTTTCATCATAAAAATCGCTGATAATCCTTCATTTCCCCGGCAGCTGGCGTTATGGTCCGGTGGTTTTTTCAACAGATCTCGCTATAAAAAGTTTCCCCATCCTGACTGTGCATCTAGCTATGGTGGAA
1,1,0,ATAAAAAAGAATACAAGAACGTATTTTCTGGGTTAAACATAATCATCCTGCTTTTCATCATAAAAATCGCTGATAATCCTTCATTTCCCCGGCAGCTGGCGTTATGGTCCGGTGGTTTTTTCAACAGATCTCGCTATAAAAAGTTTCCCCATCCTGACTGTTTATTATAGCTATTGAGCG
3,3,0,ATAAAAAAGAATACAAGAACGTATTTTCTGGGTTAAACATAATCATCCTGCTTTTCATCATAAAAATCGCTGATAATCCTTCATTTCCCCGGCAGCTGGCGTTATGGTCCGGTGGTTTTTTCAACAGATCTCGCTCTAAAAAGTTTCCCCATCCTGACTGTCATTGGTTGAAGTTGTCGT
3,3,0,ATAAAAAAGAATACAAGAACGTATTTTCTGGGTTAAACATAATCATCCTTCTTTTCATCATAAAAATCGCTGATAATCCTTCATTTCCCCGGCAGCTGGCGTTATGGTCCGGTGGTTTTTTCAACAGATCTCGCTATAAAAAGTTTCCCCATCCTGACTGGCCGTTCCAGACCCGTCACA
35,10,25,ATAAAAACAAAGACAGGAAAGTATTTACTGGGTTACATATAAACATCCTGCTTTCCATCACAAAACCCGCGGATAATCCTCCCTTGCCCAGCCAGTTGGAGTTATGGTAAGATGGTTTTTGCAACAAATCTCACAATAAAAAGTTTCAGCATACTAACTATTCCAATCCCAATGCTCGTA
60,1,59,ATAAAAACAAAGACAGGAACGTATTTACTGGAGTAAATATAATCAACCTGCTTTTCATCACAAAAACCGCAGATTATTATTGCATTCCCCGGCAGGCGGCGGTATGATCAGCGGGTTTTTGCAACAAATCTCACAATAAAAAGTTTCAACATATTGACTAAGACGCGGTCTTCTAGCATC
5,5,0,ATAAAAACAAAGACAGGAACTTATTCAGTGGGTTAAATATAATCATACTGCTGTTCAACACAAAAACCGCAGATAATCCTTCCTTTCACCGGCAGCTGGCGTTATGGTCGGATGGTTTTTGCAACAAATCTCACAATGAAAAGTGTCAACATACTGACTAAAAACCACGCTTCAAGGGGC
2,2,0,ATAAAAACAAAGACAGGAACTTATTCAGTGGGTTAAATATAATCATACTGCTGTTCAACACAAAAACCGCAGATAATCCTTCCTTTCACCGGCAGCTGGCGTTATGGTCGGATGGTTTTTGCAACAAATCTCACAATGAAAAGTGTCAACATACTGACTACATCGCTTCCCAAAGGATGC
6,5,1,ATAAAAACAAAGACAGGAACTTATTCAGTGGGTTAAATATAATCATACTGCTGTTCAACACAAAAACCGCAGATAATCCTTCCTTTCACCGGCAGCTGGCGTTATGGTCGGATGGTTTTTGCAACAAATCTCACAATGAAAAGTGTCAACATACTGACTACTGCCACGTCAACTCCCCGG
23,13,10,ATAAAAACAAAGACAGGAACTTATTCAGTGGGTTAAATATAATCATACTGCTGTTCAACACAAAAACCGCAGATAATCCTTCCTTTCACCGGCAGCTGGCGTTATGGTCGGATGGTTTTTGCAACAAATCTCACAATGAAAAGTGTCAACATACTGACTAGGCGGTCCTTCGGTAATGTC
5,5,0,ATAAAAACAAAGACAGGAACTTATTCAGTGGGTTAAATATAATCATACTGCTGTTCAACACAAAAACCGCAGATAATCCTTCCTTTCACCGGCAGCTGGCGTTATGGTCGGATGGTTTTTGCAACAAATCTCACAATGAAAAGTGTCAACATACTGACTATGAAAGCACTAGTTTCCCAC
3,3,0,ATAAAAACAAAGACAGGTACGTATATACTTGGTTATATATAATCATCCTGTTTTTCTTCACAAGAACGGCGAATAATCCTTCCGTTCCCCCGCAGCTGGCGTTATGGTCAGATGGTTTCTGCGACAAAGATCACAAGATTAAGTTGGAACACACTGACTAAAACTGACGTAGGGAAAAAG
2,2,0,ATAAAAACAAAGACAGGTACGTATATACTTGGTTATATATAATCATCCTGTTTTTCTTCACAAGAACGGCGAATAATCCTTCCGTTCCCCCGCAGCTGGCGTTATGGTCAGATGGTTTCTGCGACAAAGATCACAAGATTAAGTTGGAACACACTGACTAAAGGTGCTACACCACTTCGT
1,1,0,ATAAAAACAAAGACAGGTACGTATATACTTGGTTATATATAATCATCCTGTTTTTCTTCACAAGAACGGCGAATAATCCTTCCGTTCCCCCGCAGCTGGCGTTATGGTCAGATGGTTTCTGCGACAAAGATCACAAGATTAAGTTGGAACACACTGACTAACTATCTCAACTACTCCGTA
3,2,1,ATAAAAACAAAGACAGGTACGTATATACTTGGTTATATATAATCATCCTGTTTTTCTTCACAAGAACGGCGAATAATCCTTCCGTTCCCCCGCAGCTGGCGTTATGGTCAGATGGTTTCTGCGACAAAGATCACAAGATTAAGTTGGAACACACTGACTAAGCCCAATTGATTGTCGATG
1,1,0,ATAAAAACAAAGACAGGTACGTATATACTTGGTTATATATAATCATCCTGTTTTTCTTCACAAGAACGGCGAATAATCCTTCCGTTCCCCCGCAGCTGGCGTTATGGTCAGATGGTTTCTGCGACAAAGATCACAAGATTAAGTTGGAACACACTGACTACAAAATGCTTAATGTTCTCA
7,4,3,ATAAAAACAAAGACAGGTACGTATATACTTGGTTATATATAATCATCCTGTTTTTCTTCACAAGAACGGCGAATAATCCTTCCGTTCCCCCGCAGCTGGCGTTATGGTCAGATGGTTTCTGCGACAAAGATCACAAGATTAAGTTGGAACACACTGACTACCGGCGTCTCTACTGTCTAC
7,3,4,ATAAAAACAAAGACAGGTACGTATATACTTGGTTATATATAATCATCCTGTTTTTCTTCACAAGAACGGCGAATAATCCTTCCGTTCCCCCGCAGCTGGCGTTATGGTCAGATGGTTTCTGCGACAAAGATCACAAGATTAAGTTGGAACACACTGACTAGGGTCTGCTTAACCGCTTAA
1,0,1,ATAAAAACAAAGACAGGTACGTATATACTTGGTTATATATAATCATCCTGTTTTTCTTCACAAGAACGGCGAATAATCCTTCCGTTCCCCCGCAGCTGGCGTTATGGTCAGATGGTTTCTGCGACAAAGATCACAAGATTAAGTTGGAACACACTGACTATCTTATCGAACTTACTACAG
11,10,1,ATAAAAAGAAATATAGGAACGTATTTACTGGGTAGTATTTAATCATCCTGCTTCTCATCACCAAAACCGCAGATAACCCTTCGTGTCCCCGGCAGCTGGCGATATGGTCTGATGGTTTTTGCAACAAATCTCCCAATAAAAATTTACAACATACTGACTCCGCCAAAACATCAGAGGTTA
1,1,0,ATAAAAAGAAATATAGGAACGTATTTACTGGGTAGTATTTAATCATCCTGCTTCTCATCACCAAAACCGCAGATAACCCTTCGTGTCCCCGGCAGCTGGCGATATGGTCTGATGGTTTTTGCAACAAATCTCCCAATAAAAATTTACAACATACTGACTCGGGATCGCAGCTTTGTCTGA
14,1,13,ATAAAATTAAAGACAGTAACGTAGTCACTGTGTTAAATATAGTCATCATGCTTTTCATCACAAAAACCGCACATAATCCTTCCTTTCCCCGCCAGCTGGCGTTATGGTTAGATGGTTTTTGCAACAAATGTCACAAGAAAAAGTTTCAACATACTGACTACTGCTATTATTGTATTTGTT
73,1,72,ATAAAATTAAAGACAGTAACGTAGTCACTGTGTTAAATATAGTCATCATGCTTTTCATCACAAAAACCGCACATAATCCTTCCTTTCCCCGCCAGCTGGCGTTATGGTTAGATGGTTTTTGCAACAAATGTCACAAGAAAAAGTTTCAACATACTGACTAGCGTGTGATGGAGCTTTCGA
3,0,3,ATAAAATTAAAGACAGTAACGTAGTCACTGTGTTAAATATAGTCATCATGCTTTTCATCACAAAAACCGCACATAATCCTTCCTTTCCCCGCCAGCTGGCGTTATGGTTAGATGGTTTTTGCAACAAATGTCACAAGAAAAAGTTTCAACATACTGACTAGTTTCCAAGCGGTATCGTCC
8,1,7,ATAAAATTAAAGACAGTAACGTAGTCACTGTGTTAAATATAGTCATCATGCTTTTCATCACAAAAACCGCACATAATCCTTCCTTTCCCCGCCAGCTGGCGTTATGGTTAGATGGTTTTTGCAACAAATGTCACAAGAAAAAGTTTCAACATACTGACTATTACTCTGAGCCGGATGTAT
1,1,0,ATAAATAAGAAGAGAGGAACGTATTTATTGGGTTAATTATAATCATCCTGCTTTTCAGCACATAAACCGCAGCTAACCGTACCTTTCCCCGACAGCTGGCGTTATGGTCAGATGGTTTTTGCGGCAAATCTCACAATACAAAGTTTCAACATAGGGACTACTTCACAAGCCACTGCCAAT
13,11,2,ATAAATAAGAAGAGAGGAACGTATTTATTGGGTTAATTATAATCATCCTGCTTTTCAGCACATAAACCGCAGCTAACCGTACCTTTCCCCGACAGCTGGCGTTATGGTCAGATGGTTTTTGCGGCAAATCTCACAATACAAAGTTTCAACATAGGGACTAGCACACACTAATTCTGCGAC
6,6,0,ATAAATAAGAAGAGAGGAACGTATTTATTGGGTTAATTATAATCATCCTGCTTTTCAGCACATAAACCGCAGCTAACCGTACCTTTCCCCGACAGCTGGCGTTATGGTCAGATGGTTTTTGCGGCAAATCTCACAATACAAAGTTTCAACATAGGGACTAGGTACTTTTACCATTACGCT
1,1,0,ATAAATAAGAAGAGAGGAACGTATTTATTGGGTTAATTATAATCATCCTGCTTTTCAGCACATAAACCGCAGCTAACCGTACCTTTCCCCGACAGCTGGCGTTATGGTCAGATGGTTTTTGCGGCAAATCTCACAATACAAAGTTTCAACATAGGGACTAGTAAAGAGCTTCGTGAAATG
11,7,4,ATAACAAAAAAGACAGGAACGTATTTAGAGAGCTAAATATAATGATCTTGCTTTAAATCACATAAACCGCAGATAATCCTACCTTTACCCGGCAGCTGGGGTTATGGTCAGATGGTTTTTGCACGAACTATCACAATGAAAATTTTCAACATACTGACTAAGGATACGGTATCCATCACC
23,2,21,ATAACAAAAAAGACAGGAATGTATTTACTGGGTTAAATATAATCGTCTTGCATCACGTCACAAAAACCACAGATGATACTTCCTTTCCGCGGCAACTGGCGTTATGGTCAGATAGTTTTTGCAACAGATCTCACAACAAAATGTTTCAACATACTGACTAATCTTTTCTGAGCACGGAAT
24,2,22,ATAACAAAAAAGACAGGAATGTATTTACTGGGTTAAATATAATCGTCTTGCATCACGTCACAAAAACCACAGATGATACTTCCTTTCCGCGGCAACTGGCGTTATGGTCAGATAGTTTTTGCAACAGATCTCACAACAAAATGTTTCAACATACTGACTAGTCGATGAAGCATTCACCTC
2,0,2,ATAACAAAAAAGACAGGAATGTATTTACTGGGTTAAATATAATCGTCTTGCATCACGTCACAAAAACCACAGATGATACTTCCTTTCCGCGGCAACTGGCGTTATGGTCAGATAGTTTTTGCAACAGATCTCACAACAAAATGTTTCAACATACTGACTATAGTACCTTAGTTCAGACCG
2,2,0,ATAATAAAGGAGACACGAACGTATTTACTGGGTTAAGTATAGTAATCCTGTTTTTCATCACGAAAACCGCAGATAATTCTTCCTTTCCCCGGTAGCTGGCGTTTTGGACAGATCGTTTTTGCTACAAATCTCACAATAAAAAGATTCAAAATACTGAGTACCGATGATGGCTTCGTCGTT
1,1,0,ATACAAAAAAAAAAAGGAACGTCTTTACTGGGTTAAATATAATCATCCTGATATTCATTGCAAAAACCGCCGATAATCCATCCGTTCCCCGGCAGCTGGCATTATGGTCCGATGGGTTTAGCAACCCATCTCACAAAAAAAAGTTTCAACATAGTCACTAGGGGTTCGAAATAGAATACG
2,1,1,ATACAAAAAAAAAAAGGAACGTCTTTACTGGGTTAAATATAATCATCCTGATATTCATTGCAAAAACCGCCGATAATCCATCCGTTCCCCGGCAGCTTGCATTATGGTCCGATGGGTTTAGCAACCCATCTCACAAAAAAAAGTTTCAACATAGTCACTAAACTAGCGGCTAAGTCCATG
4,4,0,ATACAAAAAAAAACAAGAACTTATTTGCTGGCTTAAATATAATCTTCCTGCTTTTCGTCACAAAATCCGGAGATAATCCTTCCTTTCCCCGGTAGATCGCGTTATGGGCAGATCGTTCTTCCAACAAATGTCACAATAATAAGTTTCAACATACTGACTACAGCCGTCCGATGAGACTCA
17,1,16,ATACAAAAAAAAACAGGAACATTTTTAGTGGGTTAAATATAATCAATCTGATTCTCTCCGTAAAAACCGAAGATAAGCCTTCATTTCCCCGACACCTGGCGTTATGATCAGATGGTTTTTGCAACAAATCTCACAATAAAGAGTTTCAACATACTGACTCACTGAAGGCACTGGGATCGC
24,9,15,ATACAAAAAAAAACAGGAACATTTTTAGTGGGTTAAATATAATCAATCTGATTCTCTCCGTAAAAACCGAAGATAAGCCTTCATTTCCCCGACACCTGGCGTTATGATCAGATGGTTTTTGCAACAAATCTCACAATAAAGAGTTTCAACATACTGACTCGAAAGCCCGTAGTGTGCTGA
7,1,6,ATACAAAAAAAAACAGGAACATTTTTAGTGGGTTAAATATAATCAATCTGATTCTCTCCGTAAAAACCGAAGATAAGCCTTCATTTCCCCGACACCTGGCGTTATGATCAGATGGTTTTTGCAACAAATCTCACAATAAAGAGTTTCAACATACTGACTCTCTGGGTACCGTCCTCACCA
9,5,4,ATACAAAAAAAAACAGGAACATTTTTAGTGGGTTAAATATAATCAATCTGATTCTCTCCGTAAAAACCGAAGATAAGCCTTCGTTTCCCCGACACCTGGCGTTATGATCAGATGGTTTTTGCAACAAATCTCACAATAAAGAGTTTCAACATACTGACTCATCTCCGGGCAATCACACCT
1,1,0,ATACAAAAAAAAACAGGAACGTATCCATCGGGGTGAATATTATCAACCTGCTTTTCAACACAAAACCTGGAGATAATCCTTCCTTTCCCCGCCAGCTGGCGTTATGGTCCGATGGTTTTTGCAACAAATCTTACAATAAAGCCTTTCGACATACAGACTACAACCACGAATCGCTAAGCT
8,7,1,ATACAAAAAAAAACAGGAACGTATCCATCGGGGTGAATATTATCAACCTGCTTTTCAACACAAAACCTGGAGATAATCCTTCCTTTCCCCGCCAGCTGGCGTTATGGTCCGATGGTTTTTGCAACAAATCTTACAATAAAGCCTTTCGACATACAGACTACGTATATGGGTCTAGTATCG
1,1,0,ATACAAAAAAAAACAGGAACGTATCCATCGGGGTGAATATTATCAACCTGCTTTTCAACACAAAACCTGGAGATAATCCTTCCTTTCCCCGCCAGCTGGCGTTATGGTCCGATGGTTTTTGCAACAAATCTTACAATAAAGCCTTTCGACATACAGACTACTCAGTCCGTCTGCGATAAA
9,4,5,ATACAAAAAAAAACAGGAACGTATCCATCGGGGTGAATATTATCAACCTGCTTTTCAACACAAAACCTGGAGATAATCCTTCCTTTCCCCGCCAGCTGGCGTTATGGTCCGATGGTTTTTGCAACAAATCTTACAATAAAGCCTTTCGACATACAGACTAGACATCTCGTGCGGTCCATT
6,6,0,ATACAAAAAAAAACAGGAACGTATCCATCGGGGTGAATATTATCAACCTGCTTTTCAACACAAAACCTGGAGATAATCCTTCCTTTCCCCGCCAGCTGGCGTTATGGTCCGATGGTTTTTGCAACAAATCTTACAATAAAGCCTTTCGACATACAGACTAGATCACGGTTTCTCAGCCCA
15,12,3,ATACAAAAAAAAACAGGAACGTATCTACTGGGTTAAAAATAATCATACTGTTTTTGATCACAAAAACCGCAGATAATCCATTCTCTCCCGGGCAGCTGGCGTTATGGTCAAATGGTTTTTGCAACAAATCTCACTATTAAAAGTTTCAACATACTAACTATAATGTACACTTCCATACTA
2,2,0,ATACAAAAAAAAACAGGAACGTATGTACTGGGTTAAATACAATCATCCTGCTTTTCATCACAAATACCGCAGATAGTGCTTCCTTTCCCCGCCTGCTGGCGTTATGGTCAGATGGTTTTTGCAACCAATCTCACAATAAAAAATTTCAACATACTGACTACCCATATCAACACCTCCCCT
40,7,33,ATACAAAAAAAAACAGGAACGTATGTACTGGGTTAAATACAATCATCCTGCTTTTCATCACAAATACCGCAGATAGTGCTTCCTTTCCCCGCCTGCTGGCGTTATGGTCAGATGGTTTTTGCAACCAATCTCACAATAAAAAATTTCAACATACTGACTACTCCGAAACTAGTGCAACAC
7,3,4,ATACAAAAAAAAACAGGAACGTATGTACTGGGTTAAATACAATCATCCTGCTTTTCATCACAAATACCGCAGATAGTGCTTCCTTTCCCCGCCTGCTGGCGTTATGGTCAGATGGTTTTTGCAACCAATCTCACAATAAAAAATTTCAACATACTGACTAGTAAATTCGCTTTTGTATCG
16,0,16,ATACAAAAAAAAACAGGAACGTATGTACTGGGTTAAATACAATCATCCTGCTTTTCATCACAAATACCGCAGATAGTGCTTCCTTTCCCCGCCTGCTGGCGTTATGGTCAGATGGTTTTTGCAACCAATCTCACAATAAAAAATTTCAACATACTGACTATTGTGCTATTTGATCCCAGG
3,0,3,ATACAAAAAAAAACAGGAACGTATGTACTGGGTTAAATACAATCATCCTGCTTTTCATCACAAATACCGCAGATAGTGCTTCCTTTCCCCGCCTGCTGGCGTTATGGTCAGATGGTTTTTGCAACCAATCTCACAATAAAAAATTTCAACATACTGACTATTTTCGTTGGGCCCCAAGAG
40,3,37,ATACAAAAAAAAACAGGAACGTATTTACCGGGTTAAATAAAATCTTCCTGCTCTTCCTCCAAAAAACGGCAGATAATCCTTCCTTTCCCCGGCAGCTGGTGTTAAGGTGAGATGGTGCTTGCAACAAGTCTCATAATAAAGTGTTTCAACATACTGACTAGTAAGGTGCCTGCTCGGACC
54,3,51,ATACAAAAAAAAACAGGAACGTATTTACCGGGTTAAATAAAATCTTCCTGCTCTTCCTCCAAAAAACGGCAGATAATCCTTCCTTTCCCCGGCAGCTGGTGTTAAGGTGAGATGGTGCTTGCAACAAGTCTCATAATAAAGTGTTTCAACATACTGACTATCCCAGACACTTCCTCGGAG
7,5,2,ATACAAAAAAAAACAGGAACGTATTTACTCGGTGAGATATAATCATCCTCCTTTTCATCACAAAAACCGCAGACAATCCTCCCTTTCCCCGGCCACTCGCGTTAGGGTCGGATGGTTCTTGTAACAAATCTCACAATAAACAGTTTCAATATACTGACTAAGAGCAGAACGGGGGTGCCA
5,5,0,ATACAAAAAAAAACAGGAACGTATTTACTCGGTGAGATATAATCATCCTCCTTTTCATCACAAAAACCGCAGACAATCCTCCCTTTCCCCGGCCACTCGCGTTAGGGTCGGATGGTTCTTGTAACAAATCTCACAATAAACAGTTTCAATATACTGACTAAGGTGTAGTAGTTACAACCT
1,1,0,ATACAAAAAAAAACAGGAACGTATTTACTCGGTGAGATATAATCATCCTCCTTTTCATCACAAAAACCGCAGACAATCCTCCCTTTCCCCGGCCACTCGCGTTAGGGTCGGATGGTTCTTGTAACAAATCTCACAATAAACAGTTTCAATATACTGACTACCATCGCATTTACCCCATAT
1,1,0,ATACAAAAAAAAACAGGAACGTATTTACTCGGTGAGATATAATCATCCTCCTTTTCATCACAAAAACCGCAGACAATCCTCCCTTTCCCCGGCCACTCGCGTTAGGGTCGGATGGTTCTTGTAACAAATCTCACAATAAACAGTTTCAATATACTGACTAGTTGGCTCTCATTAGGCTTC
4,3,1,ATACAAAAAAAAACAGGAACGTATTTACTCGGTGAGATATAATCATCCTCCTTTTCATCACAAAAACCGCAGACAATCCTCCCTTTCCCCGGCCACTCGCGTTAGGGTCGGATGGTTCTTGTAACAAATCTCACAATAAACAGTTTCAATATACTGACTATGGCGCTGACCTTTCATCGG
1,1,0,ATACAAAAAAAAACAGGAACGTATTTACTGGGTTAAATATAATCATCCTGCATTTCATCAGAAAAACCACAGAGAATCCTTCCTTGACCCGGCAGCTGGCGTTATTGTCAGATGGTGTTTGCAACAAATCTCACAATAAAAGGTTTCAACATGCTGACTATATCTAAGCGGTAGCCGACA
15,12,3,ATACAAAAAAAAACAGGAACGTATTTACTGGGTTAAATATAATCGTCCTGCTTTACGTCACAAAAACCGCAGATAATCCTTACTTTCCCCGGCAATAGGCGTTAGGGTCAGATGGTTTTTGTAACAAATCTCACAATAGTTAGTTGCAACATACTGACTGTCTACGCATGTGTTCGTCAT
1,1,0,ATACAAAAAAAAACAGGAGGGTTTTTACTCGGTAAAACATAACCATCCTGCCTTTCCTCCCAAAAAACGCAGATAATCCTTCCTTTCCCCAGCAGCTGGCGTAATGGTCAGATGTTTTTTGCAACAAATCTCACAATAAAAAGTGTCAACATACTGACTAAACCGCGACTCTCGACTTGG
5,5,0,ATACAAAAAAAAACAGGAGGGTTTTTACTCGGTAAAACATAACCATCCTGCCTTTCCTCCCAAAAAACGCAGATAATCCTTCCTTTCCCCAGCAGCTGGCGTAATGGTCAGATGTTTTTTGCAACAAATCTCACAATAAAAAGTGTCAACATACTGACTATCCTCTGTATGCTTGTGGGA
3,3,0,ATACAAAAAAAAACAGGAGGGTTTTTACTCGGTAAAACATAACCATCCTGCCTTTCCTCCCAAAAAACGCAGATAATCCTTCCTTTCCCCAGCAGCTGGCGTAATGGTCAGATGTTTTTTGCAACAAATCTCACAATAAAAAGTGTCAACATACTGACTATTGATAGTTCGTCGTGCTCA
2,2,0,ATACAAAAAAAAACAGGAGGGTTTTTACTCGGTAAAACATAACCATCCTGCCTTTCCTCCCAAAAAACGCAGATAATCCTTCCTTTCCCCAGCAGCTGGCGTAATGGTCAGATGTTTTTTGCAACAAATCTCACAATAAAAAGTGTCAACATACTGACTATTGCTCGTACCCGAATCCGA
3,3,0,ATACAAAAAAAAACAGGATCGTATTTACTGGGTTAACTATAATCATACTGCTTATCATCACAAAAGCCGCAGATAATCCTTCCTTTCCCCGGCAGCCGGCGTTAGGGTCAGATGGTCTTTGCAACAAATCTCACAATAAAAAGTTTCAACTTACTTACTAGTTCCTACGGAGGTTCCGTC
24,1,23,ATACAAAAAAAAACAGGCAAGTATTCAATAGGTTAAATATAATCATCCTGCTTTTCATCAAAAAAACCGCTGATAATCCTTCCTTTCCCCGGCAGCTGGCGTTTTGGTCACATGGTTTTTGCAACGAATCTCACAATAAAAAGTGTCAACATACTGACCAGCGTTATGCTGGTGACCTAT
4,4,0,ATACAAAAAAAAACAGGCAAGTATTCAATAGGTTAAATATAATCATCCTGCTTTTCATCAAAAAAACCGCTGATAATCCTTCCTTTCCCCGGCAGCTGGCGTTTTGGTCACATGGTTTTTGCAACGAATCTCACAATAAAAAGTGTCAACATACTGACCAGTATACCGGGAGAGACTCGG
1,1,0,ATACAAAAAAAAACAGGCAAGTATTCAATAGGTTAAATATAATCATCCTGCTTTTCATCAAAAAAACCGCTGATAATCCTTCCTTTCCCCGGCAGCTGGCGTTTTGGTCACATGGTTTTTGCAACGAATCTCACAATAAAAAGTGTCAACATACTGACCATATACGACATTTTAACGATG
7,7,0,ATACAAAAAAAAACAGGCAAGTATTCAATAGGTTAAATATAATCATCCTGCTTTTCATCAAAAAAACCGCTGATAATCCTTCCTTTCCCCGGCAGCTGGCGTTTTGGTCACATGGTTTTTGCAACGAATCTCACAATAAAAAGTGTCAACATACTGACCATTTTCTTTTCGCGTTTACAT
2,0,2,ATACAAAAAAAAACAGTAGCATTTTAACTTGGTTAAATATAATCATCCCGCATTTCATCACAGAAACCGCAAATGATCCTTCCATTCCCCGCCAGCTGGCGTTATGTTCAGATGGTGTTTGCAACAAGTCTCACAATAAAAAGTTTCAACAAACTGACTAGAGGTTTCTATTTGTCCTTA
5,2,3,ATACAAAAAAAATCAGGTACGTATTTACTGGATTAAATATAATCATCTTGCTTTTCATCACAAAAACCGCAGATAATCCTTCCTTTCCCCGGCAGCTGGCGTTATGGTAAGATGATTTTCGCAACAAATCTCACAATTAAAAATTACAACATACTGACTAGCTCTAACAACTATTATCAT
1,0,1,ATACAAAAAAACACAGAGACGTATTGACTGGGTTAAATATAATCATCCCGCTTTTCATCACAAAAACCACAGATAATCTTTCCTTTCCCCTGCAACTGGCGTTATGGTCAGATGATTCTTGCAACAAATCTCACAAGAAAAAGTTTTGACATACTGACTAATATAGTAAACCCGGCTACT
4,3,1,ATACAAAAAAACACAGGAACATATTTACTGGGTTACATATAATCATCCTGCTTATCATCGCAAAAACCGGAGATAACCCTTCCTATCCCCGGCAACTGGCGTTATGGTCTGATGGTTTTTGCAACAAATCTCACAAGAAAAAGTTTCAACTTACTGACTCCAATTAATCCGTGGCGACAC
1,1,0,ATACAAAAAAACACAGGAACATATTTACTGGGTTACATATAATCATCCTGCTTATCATCGCAAAAACCGGAGATAACCCTTCCTATCCCCGGCAACTGGCGTTATGGTCTGATGGTTTTTGCAACAAATCTCACAAGAAAAAGTTTCAACTTACTGACTCGCTGCCATATTGAGCCACCT
27,21,6,ATACAAAAAAACACAGGAACGTATTTACTGGGTTAAATATAATTATTCTGCTTTTCATCATAAAAACCCCAGATAATCCTTCCTTTCCCTGTCGTCTGGCGCTATGGTCACAAGTTTTTTGCAACAAATCTCACAAAAAAAATTTGCAACATACTGTCTAAATCGACAGCGAAGGCGGTT
3,3,0,ATACAAAAAAACACAGGAACGTATTTACTGGGTTAAATTTAATCATCCGGCTTTTCATCACCAAAACCGCAGATAATGCCTCCTTTCCCCGGCAGCTGGCCTTATGGTCCGATGGATTTTGCAGCAAATCTAACAACAAAAAGTTTCAACCTACTGACTCCCTGTTATGGGCCGTAGCGG
1,1,0,ATACAAAAAAACACAGGAACGTATTTACTGGGTTAAATTTAATCATCCGGCTTTTCATCACCAAAACCGCAGATAATGCCTCCTTTCCCCGGCAGCTGGCCTTATGGTCCGATGGATTTTGCAGCAAATCTAACAACAAAAAGTTTCAACCTACTGACTCCGGTAACTAGATCTTTCGGT
4,4,0,ATACAAAAAAACACAGGAACGTATTTACTGGGTTAAATTTAATCATCCGGCTTTTCATCACCAAAACCGCAGATAATGCCTCCTTTCCCCGGCAGCTGGCCTTATGGTCCGATGGATTTTGCAGCAAATCTAACAACAAAAAGTTTCAACCTACTGACTCTGTCGAGTTACCGTGTTCTA
7,2,5,ATACAAAAAAACACAGGAACGTCTTTACCGGGTTAATAATAATCATCCTGCTGTCCATCACAAAAACCGCAGGTAATCCTTTCATTCCTCCGCAGACGGCGTTATGGTCAGATGGTTTTTGCAACAAATCTCACAATTAAAAGTTTCAACATACTGACTAATTCGGATGCTTTGCCGTCG
6,4,2,ATACAAAAAAACACAGGAACGTCTTTACCGGGTTAATAATAATCATCCTGCTGTCCATCACAAAAACCGCAGGTAATCCTTTCATTCCTCCGCAGACGGCGTTATGGTCAGATGGTTTTTGCAACAAATCTCACAATTAAAAGTTTCAACATACTGACTATAGGGGGAAGGTCTAAATGT
8,1,7,ATACAAAAAAACACAGGCATGTATTTACTGGGCTAAAAATAATCATCAAGCATTTCCTCACAACAACCGCAGATAATCCTTCCTTTACCAGGCAGCTTACCTTATAGTCAGATGGCTTTTGCAACAAATATCACAATAAAGAGTTTCAAGATACTGACTAATCGTGTCATTTCGTGTTAC
5,2,3,ATACAAAAAAACACAGGCATGTATTTACTGGGCTAAAAATAATCATCAAGCATTTCCTCACAACAACCGCAGATAATCCTTCCTTTACCAGGCAGCTTACCTTATAGTCAGATGGCTTTTGCAACAAATATCACAATAAAGAGTTTCAAGATACTGACTAGCGTATAGGAGGTAAATTGG
23,5,18,ATACAAAAAAACACAGGCATGTATTTACTGGGCTAAAAATAATCATCAAGCATTTCCTCACAACAACCGCAGATAATCCTTCCTTTACCAGGCAGCTTACCTTATAGTCAGATGGCTTTTGCAACAAATATCACAATAAAGAGTTTCAAGATACTGACTATAACGTCTTCGTCTCGGCTG
4,1,3,ATACAAAAAAACACAGGCATGTATTTACTGGGCTAAAAATAATCATCAAGCATTTCCTCACAACAACCGCAGATAATCCTTCCTTTACCAGGCAGCTTACCTTATAGTCAGATGGCTTTTGCAACAAATATCACAATAAAGAGTTTCAAGATACTGACTATTAAGGTGCAGACGAACCGG
9,1,8,ATACAAAAAAACACAGTAACGTATTTTCCGGGTTAAATATTATCAACCCGTTCTTCATCACATAACCAGCAGATAATCCTTCCTTTCCCAGGCACCTAGCATTATGATGAAATGGTTTTTGCATCACATCTCACAATAAAAAGTTTCAACACCAGGACTATCTTTATCTCAAGCCCCACA
59,8,51,ATACAAAAAAACACAGTAACGTATTTTCCGGGTTAAATATTATCAACCCGTTCTTCATCACATAACCAGCAGATAATCCTTCCTTTCCCAGGCACCTAGCATTATGATGAAATGGTTTTTGCATCACATCTCACAATAAAAAGTTTCAACACCAGGACTATTTGGCGGCGGTTACGATAT
21,4,17,ATACAAAAAAACACAGTAACGTATTTTCCGGGTTAAATATTATCAACCCGTTCTTCATCACATAACCAGCAGATAATCCTTCCTTTCCCAGGCACCTAGCATTATGATGATATGGTTTTTGCATCACATCTCACAATAAAAAGTTTCAACACCAGGACTAGTTAAGCCTGTCCCCTGGCC
5,5,0,ATACAAAAAAACTCAGGAACGTATTTACTGGGTTAAATATGATCATCCCGATTGTCGTAACACAAACCGCAGATAATCCTTCCTTTCCTCGGCAGCTGGCGTTATGGTCACATGGTTTTTGGTACAAATTTCACAATTAAAAGTTTCTATATACCGACTTATGCTGCAAGACATACGATA
15,9,6,ATACAAAAAAACTCAGGAACGTATTTACTGGGTTAAATATGATCATCCCGATTGTCGTAACACAAACCGCAGATAATCCTTCCTTTCCTCGGCAGCTGGCGTTATGGTCACATGGTTTTTGGTACAAATTTCACAATTAAAAGTTTCTATATACCGACTTCTCTTTTAGTCACTGGATTC
2,1,1,ATACAAAAAAACTCAGGAACGTATTTACTGGGTTAAATATGATCATCCCGATTGTCGTAACACAAACCGCAGATAATCCTTCCTTTCCTCGGCAGCTGGCGTTATGGTCACATGGTTTTTGGTACAAATTTCACAATTAAAAGTTTCTATATACCGACTTGGTGCCCTTCAATCTGGGTT
9,9,0,ATACAAAAAAAGAAAGAACCGTATTCATTGGGTTAAATATAATCATCCAGATTTTTATCACAAAAACCGCGGATAGTCCTTCCTCGCCCCGGGAGCTGGCGTTATGGTCAAATGGTTGTTGCAACAAATCTCACAATAAAGACTTTCAACATACTGACTGAAGGGCTAACCCTTCGTAGT
14,10,4,ATACAAAAAAAGAAAGAACCGTATTCATTGGGTTAAATATAATCATCCAGATTTTTATCACAAAAACCGCGGATAGTCCTTCCTCGCCCCGGGAGCTGGCGTTATGGTCAAATGGTTGTTGCAACAAATCTCACAATAAAGACTTTCAACATACTGACTGCATTTTGCTTCTACTTTTAA
10,9,1,ATACAAAAAAAGAAAGAACCGTATTCATTGGGTTAAATATAATCATCCAGATTTTTATCACAAAAACCGCGGATAGTCCTTCCTCGCCCCGGGAGCTGGCGTTATGGTCAAATGGTTGTTGCAACAAATCTCACAATAAAGACTTTCAACATACTGACTGCGGGTCGGTGTACCATCAAA
1,1,0,ATACAAAAAAAGAAAGAACCGTATTCATTGGGTTAAATATAATCATCCAGATTTTTATCACAAAAACCGCGGATAGTCCTTCCTCGCCCCGGGAGCTGGCGTTATGGTCAAATGGTTGTTGCAACAAATCTCACAATAAAGACTTTCAACATACTGACTGGACCCGCGAGATTATCCAAA
1,1,0,ATACAAAAAAAGAAAGAACCGTATTCATTGGGTTAAATATAATCATCCAGATTTTTATCACAAAAACCGCGGATAGTCCTTCCTCGCCCCGGGAGCTGGCGTTATGGTCAAATGGTTGTTGCAACAAATCTCACAATAAAGACTTTCAACATACTGACTGGCTTCCATGGCACATACCAG
4,4,0,ATACAAAAAAAGAAAGAACCGTATTCATTGGGTTAAATATAATCATCCAGATTTTTATCACAAAAACCGCGGATAGTCCTTCCTCGCCCCGGGAGCTGGCGTTATGGTCAAATGGTTGTTGCAACAAATCTCACAATAAAGACTTTCAACATACTGACTGTATCTGTAATTAATGTGGCA
6,6,0,ATACAAAAAAAGAAAGAACCGTATTCATTGGGTTAAATATAATCATCCAGATTTTTATCACAAAAACCGCGGATAGTCCTTCCTCGCCCCGGGAGCTGGCGTTATGGTCAAATGGTTGTTGCAACAAATCTCACAATAAAGACTTTCAACATACTGACTGTCCGTGTTCTGACCTCCATG
7,5,2,ATACAAAAAAAGAAAGAACCGTATTCATTGGGTTAAATATAATCATCCAGATTTTTATCACAAAAACCGCGGATAGTCCTTCCTCGCCCCGGGAGCTGGCGTTATGGTCAAATGGTTGTTGCAACAAATCTCACAATAAAGACTTTCAACATACTGACTGTTCGGGGAGCCTAACCTTCG
1,1,0,ATACAAAAAAAGAAAGCAACGTATTTACTGGGTTCACGATAAACATCCTGCTGTTCATCACCAAAACCGCAGACAATCCTTCCGTTCACCGGCAGCTGGCGTTATGGTCAGAAGGTTCTTGCAACAAATCACACCGTGTAAAGTTTCAACATACTGTCTAATGTCTTCGGCGGGTTGGGC
1,1,0,ATACAAAAAAAGAAAGCAACGTATTTACTGGGTTCACGATAAACATCCTGCTGTTCATCACCAAAACCGCAGACAATCCTTCCGTTCACCGGCAGCTGGCGTTATGGTCAGAAGGTTCTTGCAACAAATCACACCGTGTAAAGTTTCAACATACTGTCTATTCTGGTAGGATTATCACAA
32,9,23,ATACAAAAAAAGAAAGGAACGGATTTACTGGGTTAAATAGAATGATCCTGCTTTTCTTCACAAAATCCGCAGATCATACTTCCCTTCCCCAGTAGCTGGCGTTATGGTCAGATGGTTTTTGCAACAAATCTCACTATAAAAAGTTTCCACAGACTGACTACTCTAATTCTGTGGGCTTCT
17,1,16,ATACAAAAAAAGAAAGGAACGGATTTACTGGGTTAAATAGAATGATCCTGCTTTTCTTCACAAAATCCGCAGATCATACTTCCCTTCCCCGGTAGCTGGCGTTATGGTCAGATGGTTTTTGCAACAAATCTCACTATAAAAAGTTTCCACAGACTGACTACAAGAGTCTTCTTTGGCTAG
10,5,5,ATACAAAAAAAGAAAGGAACGGATTTACTGGGTTAAATAGAATGATCCTGCTTTTCTTCACAAAATCCGCAGATCATACTTCCCTTCCCCGGTAGCTGGCGTTATGGTCAGATGGTTTTTGCAACAAATCTCACTATAAAAAGTTTCCACAGACTGACTACGAAGCGAATTGAACACGCG
20,3,17,ATACAAAAAAAGAAAGGAACGGATTTACTGGGTTAAATAGAATGATCCTGCTTTTCTTCACAAAATCCGCAGATCATACTTCCCTTCCCCGGTAGCTGGCGTTATGGTCAGATGGTTTTTGCAACAAATCTCACTATAAAAAGTTTCCACAGACTGACTAGCTCCGCAGTAGTTTGGGGC
8,3,5,ATACAAAAAAAGAAAGGAACGGATTTACTGGGTTAAATAGAATGATCCTGCTTTTCTTCACAAAATCCGCAGATCATACTTCCCTTCCCCGGTAGCTGGCGTTATGGTCAGATGGTTTTTGCAACAAATCTCACTATAAAAAGTTTCCACAGACTGACTAGGTGCTACATTCAACGTACT
2,0,2,ATACAAAAAAAGAAAGGAACGGATTTACTGGGTTAAATAGAATGATCCTGCTTTTCTTCACAAAATCCGCAGATCATACTTCCCTTCCCCGGTAGCTGGCGTTATGGTCAGATGGTTTTTGCAACAAATCTCACTATAAAAAGTTTCCACAGACTGACTAGTAATGTGCCTCACTACTAG
7,3,4,ATACAAAAAAAGAAAGGAACGGATTTACTGGGTTAAATAGAATGATCCTGCTTTTCTTCACAAAATCCGCAGATCATACTTCCCTTCCCCGGTAGCTGGCGTTATGGTCAGATGGTTTTTGCAACAAATCTCACTATAAAAAGTTTCCACAGACTGACTATCCAGGAACCAATAATGTAT
6,4,2,ATACAAAAAAAGAAAGGAACGGATTTACTGGGTTAAATAGAATGATCCTGCTTTTCTTCACAAAATCCGCAGATCATACTTCCCTTCCCCGGTAGCTGGCGTTATGGTCAGATGGTTTTTGCAACAAATCTCACTATAAAAAGTTTCCACAGACTGACTATGAGCGCAGTCAAATTTTGA
7,2,5,ATACAAAAAAAGAAAGGAACGGATTTACTGGGTTAAATAGAATGATCCTGCTTTTCTTCACAAAATCCGCAGATCATACTTCCCTTCCCCGGTAGCTGGCGTTATGGTCAGATGGTTTTTGCAACAAATCTCACTATAAAAAGTTTCCACAGACTGACTATGGTTTTTTTATTATCGCAC
2,2,0,ATACAAAAAAAGAAAGGAACGTATTTACTGGGTTAAATACAATTTTCCTACTTTTCATCACAAAAACCCCAGATAATCCTTCCTTTCCACGGCAGCTGGCGTCATGGTCAGATGGTTTTTGCAACAAATCCCACAATAAAAAGTTTCAACATACTAACTACCTGTCCATACGATTTGACG
5,5,0,ATACAAAAAAAGAAAGGAACGTATTTACTGGGTTAAATATAAGCATTCGGCTTTTCATCACATAAACCGCGGATAATACATCCTTTCCCCGGCAGATGGCGTTAGGGTCAGATCGTTTTTCCAAAAAATCTGACAATCAATAGTTTCAACACACTGACTAAAGACGATTACGGTGTTCGA
7,6,1,ATACAAAAAAAGAAAGGAACGTATTTACTGGGTTAAATATAAGCATTCGGCTTTTCATCACATAAACCGCGGATAATACATCCTTTCCCCGGCAGATGGCGTTAGGGTCAGATCGTTTTTCCAAAAAATCTGACAATCAATAGTTTCAACACACTGACTAAAGGGGTGTAGCTACGGTGA
3,3,0,ATACAAAAAAAGAAAGGAACGTATTTACTGGGTTAAATATAAGCATTCGGCTTTTCATCACATAAACCGCGGATAATACATCCTTTCCCCGGCAGATGGCGTTAGGGTCAGATCGTTTTTCCAAAAAATCTGACAATCAATAGTTTCAACACACTGACTAAAGTCGATGAACCCCTATGA
2,2,0,ATACAAAAAAAGAAAGGAACGTATTTACTGGGTTAAATATAAGCATTCGGCTTTTCATCACATAAACCGCGGATAATACATCCTTTCCCCGGCAGATGGCGTTAGGGTCAGATCGTTTTTCCAAAAAATCTGACAATCAATAGTTTCAACACACTGACTAACGTTTAACTCGATTCAACA
4,4,0,ATACAAAAAAAGAAAGGAACGTATTTACTGGGTTAAATATAAGCATTCGGCTTTTCATCACATAAACCGCGGATAATACATCCTTTCCCCGGCAGATGGCGTTAGGGTCAGATCGTTTTTCCAAAAAATCTGACAATCAATAGTTTCAACACACTGACTAATCCATTTTGGTGGACGCTC
9,9,0,ATACAAAAAAAGAAAGGAACGTATTTACTGGGTTAAATATAAGCATTCGGCTTTTCATCACATAAACCGCGGATAATACATCCTTTCCCCGGCAGATGGCGTTAGGGTCAGATCGTTTTTCCAAAAAATCTGACAATCAATAGTTTCAACACACTGACTACCTTCTTAATCATACAGGTT
1,1,0,ATACAAAAAAAGAAAGGAACGTATTTACTGGGTTAAATATAAGCATTCGGCTTTTCATCACATAAACCGCGGATAATACATCCTTTCCCCGGCAGATGGCGTTAGGGTCAGATCGTTTTTCCAAAAAATCTGACAATCAATAGTTTCAACACACTGACTACGTAGCAGGATGTAAGGTTC
1,1,0,ATACAAAAAAAGAAAGGAACGTATTTACTGGGTTAAATATAAGCATTCGGCTTTTCATCACATAAACCGCGGATAATACATCCTTTCCCCGGCAGATGGCGTTAGGGTCAGATCGTTTTTCCAAAAAATCTGACAATCAATAGTTTCAACACACTGACTAGTCTTCGGGTCCTCGATTCT
8,8,0,ATACAAAAAAAGAAAGGAACGTATTTACTGGGTTAAATATAAGCATTCGGCTTTTCATCACATAAACCGCGGATAATACATCCTTTCCCCGGCAGATGGCGTTAGGGTCAGATCGTTTTTCCAAAAAATCTGACAATCAATAGTTTCAACACACTGACTAGTTTCATTCACACTGTGCTA
2,2,0,ATACAAAAAAAGAAAGGAACGTATTTACTGGGTTAAATATAAGCATTCGGCTTTTCATCACATAAACCGCGGATAATACATCCTTTCCCCGGCAGATGGCGTTAGGGTCAGATCGTTTTTCCAAAAAATCTGACAATCAATAGTTTCAACACACTGACTATTGATCCCCCCGCTGTTACA
1,1,0,ATACAAAAAAAGAAAGGAACGTATTTACTGGGTTAAATATAATCGTCCTGGTTTCCACCACAACAACCGCAGAAAATCCTTACTTACCCTGCCAGCTGGCGCTCTGGTCACATGGTGATTGCAACAAATCTCACAATAAAAAGTTCCAACATACTGACTTAAGACGTTCCGACTATTCCC
6,6,0,ATACAAAAAAAGAAAGGAACGTATTTACTGGGTTAAATATAATCGTCCTGGTTTCCACCACAACAACCGCAGAAAATCCTTACTTACCCTGCCAGCTGGCGCTCTGGTCACATGGTGATTGCAACAAATCTCACAATAAAAAGTTCCAACATACTGACTTCAAATTCAACAGGGCTGTGG
2,2,0,ATACAAAAAAAGAAAGGAACGTATTTACTGGGTTAAATATAATCGTCCTGGTTTCCACCACAACAACCGCAGAAAATCCTTACTTACCCTGCCAGCTGGCGCTCTGGTCACATGGTGATTGCAACAAATCTCACAATAAAAAGTTCCAACATACTGACTTTGCCAGCAATGTCTCCGGTG
2,2,0,ATACAAAAAAAGAAAGGAACGTATTTGCTGGGTTAGATATAATCATCCTCCTTTTGCTCAAAAAAATCGCAGATAATCATTCCTTTCCCCGGCAGCTGGCGTTATGGTCAGATGGTTTTTGCAACTAGTCTCACAATAAAAAGTTTTAACATACGGACTAACGGATTGCTGTCACTGCTT
10,5,5,ATACAAAAAAAGAAAGGAACGTATTTGCTGGGTTAGATATAATCATCCTCCTTTTGCTCAAAAAAATCGCAGATAATCATTCCTTTCCCCGGCAGCTGGCGTTATGGTCAGATGGTTTTTGCAACTAGTCTCACAATAAAAAGTTTTAACATACGGACTATTATGGATGCACCTTTAGAT
3,3,0,ATACAAAAAAAGAAAGGAAGGTAATTAGGGGGTTCAATATAATCAACCGACTTTTCATCACAAGAACGGCAGATAATCCTTCCTTTCCCCGGCAGCTGGCGTTATGGACAGATGGCTTTTGCAACAAACCTCACAATAAAACTTTTCCGCATACTGAGTAGTCCTGATGTCATCTGATCT
1,1,0,ATACAAAAAAAGAAAGGAAGGTAATTAGGGGGTTCAATATAATCAACCGACTTTTCATCACAGGAACGGCAGATAATCCTTCCTTTCCCCGGCAGCTGGCGTTATGGACAGATGGCTTTTGCAACAAACCTCACAATAAAACTTTTCCGCATACTGAGTAATAATCGAACGTTAGCGGCT
8,8,0,ATACAAAAAAAGAAAGGAAGGTAATTAGGGGGTTCAATATAATCAACCGACTTTTCATCACAGGAACGGCAGATAATCCTTCCTTTCCCCGGCAGCTGGCGTTATGGACAGATGGCTTTTGCAACAAACCTCACAATAAAACTTTTCCGCATACTGAGTATTGCCATGTAACCTACAGAG
81,10,71,ATACAAAAAAAGAAAGGAAGGTTTTTACTAGGTTAAATATAACCATCCTGCTTTTCATCACAAACACCGCTGATAATCCTTGCATTCCCCAGCAGCTGGCGTTATGGTCAGATGGTTTTTGCATCAAATCTCACAATAAAAAGTCTCAACATACTGACTAGATGAGCTTGTCATTAGTCG
23,2,21,ATACAAAAAAAGAAAGGAAGGTTTTTACTAGGTTAAATATAACCATCCTGCTTTTCATCACAAACACCGCTGATAATCCTTGCATTCCCCGGCAGCTGGCGTTATGGTCAGATGGTTTTTGCATCAAATCTCACAATAAAAAGTCTCAACATACTGACTAGTCTATCACATCTCAAAACA
2,0,2,ATACAAAAAAAGAAAGGAAGGTTTTTACTAGGTTAAATATAACCATCCTGCTTTTCATCACAAACACCGCTGATAATCCTTGCATTCCCCGGCAGCTGGCGTTATGGTCAGATGGTTTTTGCATCAAATCTCACAATAAAAAGTCTCAACATACTGACTATTCAATACTGAGGTGGGACT
4,4,0,ATACAAAAAAAGAAAGGAATGTATTTACTGGGTTAAATATAATCTTCCTGCCTTTCATCACAAAAAGCGCAAATAATCCTTACTTTCCCCGGCAGCTGCCGTTATGCGCAGATGGTTTTTGCAACAAATCTTACAATAAAAAGGTTCAACATTCTGAGTGGATCAGTATAGCAACGCTTC
5,5,0,ATACAAAAAAAGAAAGTATACTATTTACTGGGTTAAATATGGTCATGCTGCTTTTCGTCACAAAAACCACAGAGAATCATTCCTTTCCCCGGCAGCTGGCATTTTTGTCAGGAGGTTTCTGCAACAAATCTCACAATAAAAAGATTCAAAATACTGACTACGTACGGATTCCCGTGCGGG
1,1,0,ATACAAAAAAAGACAAAAACGTTCTTTCTGGGTTAAATATAATCATCCTGCTTTTCATCACAAAAACCGCGGATAATTCTTCCGTTCCACGGCAACTGGTCTTTTGTTCAGATGCTTTTTCCAACAAGTCTCACAATAAGAAGATTCAACATACTGACAAAATTTATCCCATTCCTTGGG
6,2,4,ATACAAAAAAAGACAAAAACGTTCTTTCTGGGTTAAATATAATCATCCTGCTTTTCATCACAAAAACCGCGGATAATTCTTCCGTTCCACGGCAACTGGTCTTTTGTTCAGATGCTTTTTCCAACAAGTCTCACAATAAGAAGATTCAACATACTGACAAAGACACTAGTCTTACTATGG
2,2,0,ATACAAAAAAAGACAAAAACGTTCTTTCTGGGTTAAATATAATCATCCTGCTTTTCATCACAAAAACCGCGGATAATTCTTCCGTTCCACGGCAACTGGTCTTTTGTTCAGATGCTTTTTCCAACAAGTCTCACAATAAGAAGATTCAACATACTGACAACTGGGATCAGTGGGGTCCGC
1,1,0,ATACAAAAAAAGACAAAAACGTTCTTTCTGGGTTAAATATAATCATCCTGCTTTTCATCACAAAAACCGCGGATAATTCTTCCGTTCCACGGCAACTGGTCTTTTGTTCAGATGCTTTTTCCAACAAGTCTCACAATAAGAAGATTCAACATACTGACAACTTTGAATCGTGTCAAGCTG
5,5,0,ATACAAAAAAAGACAACAACGTGTTTACTGGGTTAAATACAATCATCCTGCTTTTGATCACAAACACCACAGCTAATCCATCCTTCCCCCGGCAGCTGGCGTGGTCGTCAGAATGTTTTTGCAACAAATCTCACAATAAAAAGTTTCAACATACTGACTAGGGTCAACCAATCAGCGAAG
5,5,0,ATACAAAAAAAGACAACAACGTGTTTACTGGGTTAAATACAATCATCCTGCTTTTGATCACAAACACCGCAGCTAATCCATCCTTCCCCCGGCAGCTGGCGTGGTCGTCAGAATGTTTTTGCAACAAATCTCACAATAAAAAGTTTCAACATACTGACTAACGTTTAGCGGCGTCTGGAT
3,3,0,ATACAAAAAAAGACAACAACGTGTTTACTGGGTTAAATACAATCATCCTGCTTTTGATCACAAACACCGCAGCTAATCCATCCTTCCCCCGGCAGCTGGCGTGGTCGTCAGAATGTTTTTGCAACAAATCTCACAATAAAAAGTTTCAACATACTGACTACCAAGGGGGCTCCACCGGTA
3,3,0,ATACAAAAAAAGACAACAACGTGTTTACTGGGTTAAATACAATCATCCTGCTTTTGATCACAAACACCGCAGCTAATCCATCCTTCCCCCGGCAGCTGGCGTGGTCGTCAGAATGTTTTTGCAACAAATCTCACAATAAAAAGTTTCAACATACTGACTAGTGACATGTGCGTGAAACAT
16,16,0,ATACAAAAAAAGACAAGAACGTATTTACTGAGTCAAATATAATGTTCCTACTTGTCATCACAAAAACCGCAGATAATCAGTGCTTTCCCCGGCAGCTCGTTTTATGGTCAGATGGTCTTTGCAAAACATCTCACAATAAGAAATTTCAATAAACTGACTAATGGAATCCATGCTTGAAGA
8,8,0,ATACAAAAAAAGACAAGAACGTATTTACTGAGTCAAATATAATGTTCCTACTTGTCATCACAAAAACCGCAGATAATCAGTGCTTTCCCCGGCAGCTCGTTTTATGGTCAGATGGTCTTTGCAAAACATCTCACAATAAGAAATTTCAATAAACTGACTATTTAGAGGGCATTACGCTAA
4,4,0,ATACAAAAAAAGACAAGAACGTGATTACTGGGTTAAATATAATTATCCGGCTTTTCTTCGCAAAAATCGCCGATAATCTTTCCCTTCCCCGGCAGCTGGCGTTATGGTTAGATGGTTTTTGCAACAAATCTCCCAATATAAAATTTCAAGATACTGACTAACTTGCCATGCCCCTTACAG
3,3,0,ATACAAAAAAAGACAAGAACGTGATTACTGGGTTAAATATAATTATCCGGCTTTTCTTCGCAAAAATCGCCGATAATCTTTCCCTTCCCCGGCAGCTGGCGTTATGGTTAGATGGTTTTTGCAACAAATCTCCCAATATAAAATTTCAAGATACTGACTAGGGAAAGGATTGGCCTGCAC
13,0,13,ATACAAAAAAAGACACGAACGTATTTTCGGGGTTAAACATAATCATCCCGCTTTTCATCACAAAAACCGCAGATAATCCTTCCTTTTCCCGGCATCTGGCGTTATGGTCACATGGTTTTTGCGACATATGTCAAAATAGTAAGTTTCAACATATTGAGTAACGTCATGGGCTTGATATCA
35,2,33,ATACAAAAAAAGACACGAACGTATTTTCGGGGTTAAACATAATCATCCCGCTTTTCATCACAAAAACCGCAGATAATCCTTCCTTTTCCCGGCATCTGGCGTTATGGTCACATGGTTTTTGCGACATATGTCAAAATAGTAAGTTTCAACATATTGAGTAATTTCCGACCGTAGCCAGAT
3,3,0,ATACAAAAAAAGACACGAGCGTATTTACACGTATAAATATAATCATCCTGCTTTTCATCATAAAAACCGCCGATAATCCTTCATTTCTCCGTCAACTGGCGTTATGGTCAGTTGGCTTTTGCAACAAATCTCACACTAAAGAGTTTCACCATACTAGCTAAAATACCGCAAGACGACATC
2,2,0,ATACAAAAAAAGACACGAGCGTATTTACACGTATAAATATAATCATCCTGCTTTTCATCATAAAAACCGCCGATAATCCTTCATTTCTCCGTCAACTGGCGTTATGGTCAGTTGGCTTTTGCAACAAATCTCACACTAAAGAGTTTCACCATACTAGCTAAAGTACGGTCATTAATAATT
7,4,3,ATACAAAAAAAGACACGAGCGTATTTACACGTATAAATATAATCATCCTGCTTTTCATCATAAAAACCGCCGATAATCCTTCATTTCTCCGTCAACTGGCGTTATGGTCAGTTGGCTTTTGCAACAAATCTCACACTAAAGAGTTTCACCATACTAGCTAACCCGGATATGTATTCAAGC
3,3,0,ATACAAAAAAAGACACGAGCGTATTTACACGTATAAATATAATCATCCTGCTTTTCATCATAAAAACCGCCGATAATCCTTCATTTCTCCGTCAACTGGCGTTATGGTCAGTTGGCTTTTGCAACAAATCTCACACTAAAGAGTTTCACCATACTAGCTAACCCTCTTACTGTAGTCTCG
1,1,0,ATACAAAAAAAGACACGAGCGTATTTACACGTATAAATATAATCATCCTGCTTTTCATCATAAAAACCGCCGATAATCCTTCATTTCTCCGTCAACTGGCGTTATGGTCAGTTGGCTTTTGCAACAAATCTCACACTAAAGAGTTTCACCATACTAGCTAAGTAGCCTATCCATGGCCAC
13,8,5,ATACAAAAAAAGACACGAGCGTATTTACACGTATAAATATAATCATCCTGCTTTTCATCATAAAAACCGCCGATAATCCTTCATTTCTCCGTCAACTGGCGTTATGGTCAGTTGGCTTTTGCAACAAATCTCACACTAAAGAGTTTCACCATACTAGCTAATCATTGAAATAACCTCGTT
3,3,0,ATACAAAAAAAGACACGAGCGTATTTACACGTATAAATATAATCATCCTGCTTTTCATCATAAAAACCGCCGATAATCCTTCATTTCTCCGTCAACTGGCGTTATGGTCAGTTGGCTTTTGCAACAAATCTCACACTAAAGAGTTTCACCATACTAGCTAATGGGCATTACTCCGACGAT
1,1,0,ATACAAAAAAAGACACGAGCGTATTTACACGTATAAATATAATCATCCTGCTTTTCATCATAAAAACCGCCGATAATCCTTCATTTCTCCGTCAACTGGCGTTATGGTCAGTTGGCTTTTGCAACAAATCTCACACTAAAGAGTTTCACCATACTAGCTAATTTAGACTATAATCTTTTC
14,12,2,ATACAAAAAAAGACACGAGCGTATTTACACGTATAAATATAATCATCCTGCTTTTCATCATAAAAACCGCCGATAATCCTTCATTTCTCCGTCAACTGGCGTTATGGTCAGTTGGCTTTTGCAACAAATCTCACACTAAAGAGTTTCACCATACTAGCTACACCCTGATTTGATGCGAAC
16,11,5,ATACAAAAAAAGACACGAGCGTATTTACACGTATAAATATAATCATCCTGCTTTTCATCATAAAAACCGCCGATAATCCTTCATTTCTCCGTCAACTGGCGTTATGGTCAGTTGGCTTTTGCAACAAATCTCACACTAAAGAGTTTCACCATACTAGCTACTACAAGGGACGGAAACTGA
2,2,0,ATACAAAAAAAGACACGAGCGTATTTACACGTATAAATATAATCATCCTGCTTTTCATCATAAAAACCGCCGATAATCCTTCATTTCTCCGTCAACTGGCGTTATGGTCAGTTGGCTTTTGCAACAAATCTCACACTAAAGAGTTTCACCATACTAGCTAGCCTTAGCAATCCATCTGGC
6,3,3,ATACAAAAAAAGACACGAGCGTATTTACACGTATAAATATAATCATCCTGCTTTTCATCATAAAAACCGCCGATAATCCTTCATTTCTCCGTCAACTGGCGTTATGGTCAGTTGGCTTTTGCAACAAATCTCACACTAAAGAGTTTCACCATACTAGCTAGTATTTGAGGTTCAAGAAGT
3,3,0,ATACAAAAAAAGACACGAGCGTATTTACACGTATAAATATAATCATCCTGCTTTTCATCATAAAAACCGCCGATAATCCTTCATTTCTCCGTCAACTGGCGTTATGGTCAGTTGGCTTTTGCAACAAATCTCACACTAAAGAGTTTCACCATACTAGCTAGTTTGGATAACAGGGGGCAG
3,2,1,ATACAAAAAAAGACACGAGCGTATTTACACGTATAAATATAATCATCCTGCTTTTCATCATAAAAACCGCCGATAATCCTTCATTTCTCCGTCAACTGGCGTTATGGTCAGTTGGCTTTTGCAACAAATCTCACACTAAAGAGTTTCACCATACTAGCTATAATAAAGTTGATACAAACG
4,4,0,ATACAAAAAAAGACACGAGCGTATTTACACGTATAAATATAATCATCCTGCTTTTCATCATAAAAACCGCCGATAATCCTTCATTTCTCCGTCAACTGGCGTTATGGTCAGTTGGCTTTTGCAACAAATCTCACACTAAAGAGTTTCACCATACTAGCTATAGAACGTTCACTCCAAGCA
6,2,4,ATACAAAAAAAGACACGAGCGTATTTACACGTATAAATATAATCATCCTGCTTTTCATCATAAAAACCGCCGATAATCCTTCATTTCTCCGTCAACTGGCGTTATGGTCAGTTGGCTTTTGCAACAAATCTCACACTAAAGAGTTTCACCATACTAGCTATGGGACCTCACAAACCTCCC
7,7,0,ATACAAAAAAAGACACGAGCGTATTTACACGTATAAATATAATCATCCTGCTTTTCATCATAAAAACCGCCGATAATCCTTCATTTCTCCGTCAACTGGCGTTATGGTCAGTTGGCTTTTGCAACAAATCTCACACTAAAGAGTTTCACCATACTAGCTATTTAAGGGGCGAAGATCAGG
7,5,2,ATACAAAAAAAGACACGAGCGTATTTACACGTATAAATATAATCATCCTGCTTTTCATCATAAAAACCGCCGATAATCCTTCATTTCTCCGTCAACTGGCGTTATGGTCAGTTGGCTTTTGCAACAAATCTCACACTAAAGAGTTTCACCATACTAGCTATTTGCGAGTGCGGCTCGATA
8,8,0,ATACAAAAAAAGACACGAGCGTATTTACACGTATAAATATAATCATCCTGCTTTTCATCATAAAAACCGCCGATAATCCTTCATTTCTCCGTCAACTGGCGTTATGGTCATTTGGCTTTTGCAACAAATCTCACACTAAAGAGTTTCACCATACTAGCTAGAGGATGTTAAAGTTCCAGG
2,2,0,ATACAAAAAAAGACAGAAACAACTTTACTGGGTTAGATATAATCGTCCTGCTTTTGATCATACAAACCGCAGCTAATCCCTCCTTTCCCCAGCAGCTGGCGATATTGTCAGAAGGTTTTTGCAACTAAACTCGCAATAAAAAGTTTCAACATACTGGATAAACATCACATGTCGCACACG
1,1,0,ATACAAAAAAAGACAGAAACAACTTTACTGGGTTAGATATAATCGTCCTGCTTTTGATCATACAAACCGCAGCTAATCCCTCCTTTCCCCAGCAGCTGGCGATATTGTCAGAAGGTTTTTGCAACTAAACTCGCAATAAAAAGTTTCAACATACTGGATAACTTAAGGCGAGGAATGGTT
1,1,0,ATACAAAAAAAGACAGAAACAACTTTACTGGGTTAGATATAATCGTCCTGCTTTTGATCATACAAACCGCAGCTAATCCCTCCTTTCCCCAGCAGCTGGCGATATTGTCAGAAGGTTTTTGCAACTAAACTCGCAATAAAAAGTTTCAACATACTGGATAAGAGCACAGGAGATAGTCTA
6,6,0,ATACAAAAAAAGACAGAAACAACTTTACTGGGTTAGATATAATCGTCCTGCTTTTGATCATACAAACCGCAGCTAATCCCTCCTTTCCCCAGCAGCTGGCGATATTGTCAGAAGGTTTTTGCAACTAAACTCGCAATAAAAAGTTTCAACATACTGGATAATCCCGGGATTTATCGCGGA
1,1,0,ATACAAAAAAAGACAGAAACAACTTTACTGGGTTAGATATAATCGTCCTGCTTTTGATCATACAAACCGCAGCTAATCCCTCCTTTCCCCAGCAGCTGGCGATATTGTCAGAAGGTTTTTGCAACTAAACTCGCAATAAAAAGTTTCAACATACTGGATATCCAACCTTTTATCGCTCCA
7,7,0,ATACAAAAAAAGACAGAAACGCATTTAGTGGGTTAAATAAAATCATACTGCTTTTCATCACAAAAACCGCGGCTAATGCTTCCTTTCCCCGGCAGCTGGCGTGATGGTCAGATGAATTTTGCAACAAATCTCCCAATAAAAATTTTCAACATACTGACTACCAAAAATGAACTTTCGCGG
1,0,1,ATACAAAAAAAGACAGAAACGTACTTACTGGGTTAAATATAATCATCCCGCTCTTCATCACAAATACCACCGATAATCCTTCCTTTCCCCGGGAGCTGGCGTTATGGTTAGATGGTTTTTCCAACAAATCTCACAGTAGACACTTTCAACATACGGACTCGAAGGGCTTATGAGTTCAAG
15,3,12,ATACAAAAAAAGACAGAAACGTACTTACTGGGTTAAATATAATCATCCCGCTCTTCATCACAAATACCGCCGATAATCCTTCCTTTCCCCGGAAGCTGGCGTTATGGTTAGATGGTTTTTCCAACAAATCTCACAGTAGACACTTTCAACATACGGACTCGTAAAGGTTACGTTGCAAGG
5,4,1,ATACAAAAAAAGACAGAAACGTACTTACTGGGTTAAATATAATCATCCCGCTCTTCATCACAAATACCGCCGATAATCCTTCCTTTCCCCGGGAGCTGGCGTTATGGTTAGATGGTTTTTCCAACAAATCTCACAGTAGACACTTTCAACATACGGACTCATGAATCTAAATTTGAGGTC
5,2,3,ATACAAAAAAAGACAGAAACGTACTTACTGGGTTAAATATAATCATCCCGCTCTTCATCACAAATACCGCCGATAATCCTTCCTTTCCCCGGGAGCTGGCGTTATGGTTAGATGGTTTTTCCAACAAATCTCACAGTAGACACTTTCAACATACGGACTCGCTCACCGTGATTCTCTACT
1,1,0,ATACAAAAAAAGACAGAAACGTACTTACTGGGTTAAATATAATCATCCCGCTCTTCATCACAAATACCGCCGATAATCCTTCCTTTCCCCGGGAGCTGGCGTTATGGTTAGATGGTTTTTCCAACAAATCTCACAGTAGACACTTTCAACATACGGACTCGTACAGGCATTGACCTAGTT
8,7,1,ATACAAAAAAAGACAGAAACGTACTTACTGGGTTAAATATAATCATCCCGCTCTTCATCACAAATACCGCCGATAATCCTTCCTTTCCCCGGGAGCTGGCGTTATGGTTAGATGGTTTTTCCAACAAATCTCACAGTAGACACTTTCAACATACGGACTCTAGTTCATCGTACGTTCCGT
1,0,1,ATACAAAAAAAGACAGAAACGTACTTCCTGCGTTAAACCTAATCATCCTGCTTTTCATCACAAAAACCGCATAGAATCCTTCCTTTCCCACGCAGATGTCGTTATGGTCAAATGGTTTTTGCAACGAATCTCACAATATAAAGTTGCAACAAACTGACTAAAATTTCCATTTGCCATGAC
48,1,47,ATACAAAAAAAGACAGAAACGTACTTCCTGCGTTAAACCTAATCATCCTGCTTTTCATCACAAAAACCGCATAGAATCCTTCCTTTCCCACGCAGATGTCGTTATGGTCAAATGGTTTTTGCAACGAATCTCACAATATAAAGTTGCAACAAACTGACTACAGGGACTGGGAAGATTTGG
1,1,0,ATACAAAAAAAGACAGAAACGTAGTTACTGGGTTAAATATAATCATTCTGCCGTTCATCTCAGAAACCGCAGATAATACGTCCTTTCGCCGGGAGCTGGCCTTGTGGTCAGCTCGTTATTGTAACAAATCTCACAATAAAAAGTTTCAGCATGCTGACTACATAGCGCTTACATAAGTCT
1,1,0,ATACAAAAAAAGACAGAAACGTAGTTACTGGGTTAAATATAATCATTCTGCCGTTCATCTCAGAAACCGCAGATAATACGTCCTTTCGCCGGGAGCTGGCCTTGTGGTCAGCTCGTTATTGTAACAAATCTCACAATAAAAAGTTTCAGCATGCTGACTAGTTTCGATTGATGTCCAGAA
1,1,0,ATACAAAAAAAGACAGAAACGTAGTTACTGGGTTAAATATAATCATTCTGCCGTTCATCTCAGAAACCGCAGATAATACGTCCTTTCGCCGGGAGCTGGCCTTGTGGTCAGCTCGTTATTGTAACAAATCTCACAATAAAAAGTTTCAGCATGCTGACTATACTCGGCATTGATTGGGCA
2,2,0,ATACAAAAAAAGACAGAAACGTAGTTACTGGGTTAAATATAATCATTCTGCCGTTCATCTCAGAAACCGCAGATAATACGTCCTTTCGCCGGGAGCTGGCCTTGTGGTCAGCTCGTTATTGTAACAAATCTCACAATAAAAAGTTTCAGCATGCTGACTATAGAGGCGTCCCCACTTGGG
2,2,0,ATACAAAAAAAGACAGAAACGTAGTTACTGGGTTAAATATAATCATTCTGCCGTTCATCTCAGAAACCGCAGATAATACGTCCTTTCGCCGGGAGCTGGCCTTGTGGTCAGCTCGTTATTGTAACAAATCTCACAATAAAAAGTTTCAGCATGCTGACTATGCTTTTCCGCGGTCAAATC
6,6,0,ATACAAAAAAAGACAGAAACGTATGTACTGTGTCAAATATCGTCACGCTGCTTTCCACGATGAAAACCGCAGATAATCCTTGCATTCCCCGGCAGCTTGCGTTATGGGCAGATGGACTTTGCAACACATCACCAAATAAAATGTTTCAAAATCCTGAGTGCATTAATGAGAATCCGGAAG
19,6,13,ATACAAAAAAAGACAGAAACGTATTTACTGGGTTAAACATAATCATCCTGCTTTTCATCCAAAAAACCACAGATAATTCTTCCTTTCCCCGGCAGATGGTGCTACGGTCAGATGGTTCTTGCAACAAACCTCACAATAGAAAGTTTCAACATCGTGACTAAACTCACCATGACCCACGCT
17,12,5,ATACAAAAAAAGACAGAAACGTATTTACTGGGTTAAATATGATCATCCTGCTTTTCGTCACAAAAACCGCAGTTAATCCTCCCTTTCCCCGGCAGAGGGCGTTATGGTCAGTTGGTTTTTACAACAACTCTCACAAGAAAAAGTTTCAACATACTGACTACGGAGCACCCGAGATTCCCC
8,6,2,ATACAAAAAAAGACAGAAACGTATTTACTGGGTTAAATATGATCATCCTGCTTTTCGTCACAAAAACCGCAGTTAATCCTCCCTTTCCCCGGCAGAGGGCGTTATGGTCAGTTGGTTTTTGCAACAACTCTCACAAGAAAAAGTTTCAACATACTGACTATGAACCAGGGCCGTATTCTG
36,3,33,ATACAAAAAAAGACAGAAACGTATTTAGTGGGCTAAAGATAATCATCCTGCTTTTCATCACAAAAACCGAAGATAATCCTTCCTTTCCCCGGCAGCTGGCGTTATGGTGAGATGGTTTTTGCAACGAATCTCACATTAATGAGTTTCAACATACTGTCTAAGTCCAGATTGTACTATGTG
65,6,59,ATACAAAAAAAGACAGAAACGTATTTAGTGGGCTAAAGATAATCATCCTGCTTTTCATCACAAAAACCGAAGATAATCCTTCCTTTCCCCGGCAGCTGGCGTTATGGTGAGATGGTTTTTGCAACGAATCTCACATTAATGAGTTTCAACATACTGTCTACCTCTAATGAAAAGGAAGTC
35,0,35,ATACAAAAAAAGACAGAAACGTATTTAGTGGGCTAAAGATAATCATCCTGCTTTTCATCACAAAAACCGAAGATAATCCTTCCTTTCCCCGGCAGCTGGCGTTATGGTGAGATGGTTTTTGCAACGAATCTCACATTAATGAGTTTCAACATACTGTCTAGTGGTTCTCTAAGCTAAACC
17,3,14,ATACAAAAAAAGACAGAAACGTATTTAGTGGGCTAAAGATAATCATCCTGCTTTTCATCACAAAAACCGAAGATAATCCTTCCTTTCCCCGGCAGCTGGCGTTATGGTGAGATGGTTTTTGCAACGAATCTCACATTAATGAGTTTCAACATACTGTCTATATAATAGTCAGAACTAAGA
5,0,5,ATACAAAAAAAGACAGAAACGTATTTAGTGGGCTAAAGATAATCATCCTGCTTTTCATCACAAAAACCGAAGATAATCCTTCCTTTCCCCGGCAGCTGGCGTTATGGTGAGATGGTTTTTGCAACGAATCTCACATTAATGAGTTTCAACATACTGTCTATCGAGATAGTCCGGACATGG
72,8,64,ATACAAAAAAAGACAGAAACGTATTTAGTGGGCTAAAGATAATCATCCTGCTTTTCATCACAAAAACCGAAGATAATCCTTCCTTTCCCCGGCAGCTGGCGTTATGGTGAGATGGTTTTTGCAACGAATCTCACATTAATGAGTTTCAACATACTGTCTATGCGAGGCCAGGTGCTGAGT
11,0,11,ATACAAAAAAAGACAGAAACGTATTTAGTGGGCTAAAGATAATCATCCTGCTTTTCATCACAAAAACCGAAGATAATCCTTCCTTTCCCCGGCAGCTGGCGTTATGGTGAGATGGTTTTTGCAACGAATCTCACATTAATGAGTTTCAACATACTGTCTATGGGGTAACTTGGTAACAAC
15,0,15,ATACAAAAAAAGACAGAAACGTATTTAGTGGGCTAAAGATAATCATCCTGCTTTTCATCACAAAAACCGAAGATAATCCTTCCTTTCCCCGGCAGCTGGCGTTATGGTGAGATGGTTTTTGCAACGAATCTCACATTAATGAGTTTCAACATACTGTCTATTAGTTAACTGTCGAATTAC
3,3,0,ATACAAAAAAAGACAGAAACGTATTTATTGGGGTAAATATAATCACACTGCTTTTCATCACAAAAACCGCAGATAATCTCTCCTGTCCCCGGCAGCAGGCGTTATGGTCGGATGGTTTTTGCTACAAATCTCACAATAAAAATTTTCAACATACTGACTAAGGATATGCGTTAGTATTTA
3,3,0,ATACAAAAAAAGACAGAAACGTATTTATTGGGGTAAATATAATCACACTGCTTTTCATCACAAAAACCGCAGATAATCTCTCCTGTCCCCGGCAGCAGGCGTTATGGTCGGATGGTTTTTGCTACAAATCTCACAATAAAAATTTTCAACATACTGACTACGTGCACGTCTCTGAGCGAT
8,5,3,ATACAAAAAAAGACAGAAACGTATTTATTGGGGTAAATATAATCACACTGCTTTTCATCACAAAAACCGCAGATAATCTCTCCTGTCCCCGGCAGCAGGCGTTATGGTCGGATGGTTTTTGCTACAAATCTCACAATAAAAATTTTCAACATACTGACTATCATGACGGTCTGGGCACCG
1,1,0,ATACAAAAAAAGACAGAAACGTATTTCCTGGGATATCTATAATCATCCTGCTTTTCATCACAAAAACCGCAGATAATCAATTCTTTCCCCGGCAGCTGGTGTTATGGTCAGATGGTTATTTCAACAAATCAAACAATAAAAATTTTCAACATACTGATTAGGTTCGCCACAGCGCTATTT
2,2,0,ATACAAAAAAAGACAGAACCGTATTTACTGGGTCAAATATAATCATCCTGCTTTTCATAACGAAGACCGCAGATAATCCTTCCTGTCCCCAGCACCTGCCGTTATGGTCAGATGGTTTTTGCAACAAATCTCACACTAATTAGTTTCGACATACTGACTAATTCCAACGTCCTCTGTAAC
5,5,0,ATACAAAAAAAGACAGAACCGTATTTACTGGGTCAAATATAATCATCCTGCTTTTCATAACGAAGACCGCAGATAATCCTTCCTGTCCCCAGCACCTGCCGTTATGGTCAGATGGTTTTTGCAACAAATCTCACACTAATTAGTTTCGACATACTGACTACAGGACGTCAGTTCTACAAG
1,1,0,ATACAAAAAAAGACAGAACCGTATTTACTGGGTCAAATATAATCATCCTGCTTTTCATAACGAAGACCGCAGATAATCCTTCCTGTCCCCAGCACCTGCCGTTATGGTCAGATGGTTTTTGCAACAAATCTCACACTAATTAGTTTCGACATACTGACTACGTGAGTCAGCTTTCCAAAC
7,7,0,ATACAAAAAAAGACAGAACCGTATTTACTGGGTCAAATATAATCATCCTGCTTTTCATAACGAAGACCGCAGATAATCCTTCCTGTCCCCAGCACCTGCCGTTATGGTCAGATGGTTTTTGCAACAAATCTCACACTAATTAGTTTCGACATACTGACTAGTAAGGATGCACATAAGGAC
3,3,0,ATACAAAAAAAGACAGAACCGTATTTACTGGGTCAAATATAATCATCCTGCTTTTCATAACGAAGACCGCAGATAATCCTTCCTGTCCCCAGCACCTGCCGTTATGGTCAGATGGTTTTTGCAACAAATCTCACACTAATTAGTTTCGACATACTGACTAGTGATCTGGGTATCCACGAA
1,1,0,ATACAAAAAAAGACAGAACCGTATTTACTGGGTCAAATATAATCATCCTGCTTTTCATAACGAAGACCGCAGATAATCCTTCCTGTCCCCAGCACCTGCCGTTATGGTCAGATGGTTTTTGCAACAAATCTCACACTAATTAGTTTCGACATACTGACTATACCTCCAGCTGTAGAGCTC
3,1,2,ATACAAAAAAAGACAGATACGTATTTACTGGATTAATTATAATCATCTTGCTTTTCATCACAAAAACCGCAGATAATCCTTCCTTGCCCCGGCAGCTGGCGTCATGGTCAGATCCTTTTTGCCACAAATCTCACAATAAAAAGGTTCTCCATACTGACTAATCGACCTGTTGTTCAGTTT
9,3,6,ATACAAAAAAAGACAGATACGTATTTACTGGATTAATTATAATCATCTTGCTTTTCATCACAAAAACCGCAGATAATCCTTCCTTGCCCCGGCAGCTGGCGTCATGGTCAGATCCTTTTTGCCACAAATCTCACAATAAAAAGGTTCTCCATACTGACTACAGTCATTTTGGGAGCCCCT
2,2,0,ATACAAAAAAAGACAGCAACCTCTTTAATGGCTCAAATATAATAATCCTGCTTTTATTCTCAAAAACCGCAGGTAATCCTTCCTTTACCCGTCAGCCGGCGTTATGGTCAGATTATTTTTGCACCGAATCTCGCAATAAAAACTTTGAACATACTGACTAAGACGTTAGGCTACACACAC
11,11,0,ATACAAAAAAAGACAGCAACCTCTTTAATGGCTCAAATATAATAATCCTGCTTTTATTCTCAAAAACCGCAGGTAATCCTTCCTTTACCCGTCAGCCGGCGTTATGGTCAGATTATTTTTGCACCGAATCTCGCAATAAAAACTTTGAACATACTGACTAATCCGTCTCAATCCTCAACC
6,6,0,ATACAAAAAAAGACAGCAACCTCTTTAATGGCTCAAATATAATAATCCTGCTTTTATTCTCAAAAACCGCAGGTAATCCTTCCTTTACCCGTCAGCCGGCGTTATGGTCAGATTATTTTTGCACCGAATCTCGCAATAAAAACTTTGAACATACTGACTAATTATTTTAGCCTCTACATC
4,1,3,ATACAAAAAAAGACAGCAACCTCTTTAATGGCTCAAATATAATAATCCTGCTTTTATTCTCAAAAACCGCAGGTAATCCTTCCTTTACCCGTCAGCCGGCGTTATGGTCAGATTATTTTTGCACCGAATCTCGCAATAAAAACTTTGAACATACTGACTACATACTCATCCGTGCCCACT
2,1,1,ATACAAAAAAAGACAGCAACCTCTTTAATGGCTCAAATATAATAATCCTGCTTTTATTCTCAAAAACCGCAGGTAATCCTTCCTTTACCCGTCAGCCGGCGTTATGGTCAGATTATTTTTGCACCGAATCTCGCAATAAAAACTTTGAACATACTGACTAGATCAGTCGGTGAAAACGTC
1,1,0,ATACAAAAAAAGACAGCAACCTCTTTAATGGCTCAAATATAATAATCCTGCTTTTATTCTCAAAAACCGCAGGTAATCCTTCCTTTACCCGTCAGCCGGCGTTATGGTCAGATTATTTTTGCACCGAATCTCGCAATAAAAACTTTGAACATACTGACTATGGCAAACGGTCCAGGATCT
19,18,1,ATACAAAAAAAGACAGCAACGTATTTACTAAGTTAAGTATAATCACCCTGCTTTTCAGCACAAAAACCGCAGATAATCCTTCGTTTCCACGGCAGTTGGCGTGTTGGTCAGATGGTTGTTACAACTAATTTCACAATACAAAGATTCAACATACTGACTAAATTGCCTATCCGAGGCCCA
1,0,1,ATACAAAAAAAGACAGCAACGTATTTACTAAGTTAAGTATAATCACCCTGCTTTTCAGCACAAAAACCGCAGATAATCCTTCGTTTCCACGGCAGTTGGCGTGTTGGTCAGATGGTTGTTACAACTAATTTCACAATACAAAGATTCAACATACTGACTACACTCTGTGCCGATATGGGC
3,3,0,ATACAAAAAAAGACAGCAACGTATTTACTAAGTTAAGTATAATCACCCTGCTTTTCAGCACAAAAACCGCAGATAATCCTTCGTTTCCACGGCAGTTGGCGTGTTGGTCAGATGGTTGTTACAACTAATTTCACAATACAAAGATTCAACATACTGACTAGCTTACCGCCGATCAAGGAA
6,3,3,ATACAAAAAAAGACAGCAACGTATTTACTAAGTTAAGTATAATCACCCTGCTTTTCAGCACAAAAACCGCAGATAATCCTTCGTTTCCACGGCAGTTGGCGTGTTGGTCAGATGGTTGTTACAACTAATTTCACAATACAAAGATTCAACATACTGACTAGTGTAGTGGCTGTACGCTGT
8,6,2,ATACAAAAAAAGACAGCAACGTATTTACTAAGTTAAGTATAATCACCCTGCTTTTCAGCACAAAAACCGCAGATAATCCTTCGTTTCCACGGCCGTTGGCGTGTTGGTCAGATGGTTGTTACAACTAATTTCACAATACAAAGATTCAACATACTGACTATTAGTATGATATAGCTAAAA
2,2,0,ATACAAAAAAAGACAGCAACGTATTTACTGGGTGAAATATAATCATCCTGCTTGTCAGTACAAAAACCGCAGATAATCCTACCTTTCCTGTGCGGCTGCCGTTATGGTCAGATGGTTTTTGCAACAAATCTCACAAAAAAAAGTTTGAAAATGCTTGTTACATCGTAACAACTCACAACT
3,3,0,ATACAAAAAAAGACAGCAACGTATTTACTGGGTTAAACATAATCATCCTGCTTTTCATCAGAAAAACCGCAGATAGTCCTGCCTTTCCCCGACACCTCGCGTTACGGGCAGATGGTTTTTGCAACAAATCTCACAATAACAAGTTTCAACATACTGAGTATAGATGGCCCTACAGAACCA
2,2,0,ATACAAAAAAAGACAGCAACGTATTTACTGGGTTAAACATAATCATCCTGCTTTTCATCAGAAAAACCGCAGATAGTCCTGCCTTTCCCCGACACCTCGCGTTACGGGCAGATGGTTTTTGCAACAAATCTCACAATAACAAGTTTCAACATACTGAGTATATCTTCATATAGTCTCATT
3,3,0,ATACAAAAAAAGACAGCAACGTATTTACTGGGTTAAACATAATCATCCTGCTTTTCATCAGAAAAACCGCAGATAGTCCTGCCTTTCCCCGACACCTCGCGTTACGGGCAGATGGTTTTTGCAACAAATCTCACAATAACAAGTTTCAACATACTGAGTATATGTCGAGTCTTCCGAAAG
5,5,0,ATACAAAAAAAGACAGCAACGTATTTACTGGGTTAATTATAATCATCCTTCTTTTCATCACAAAAACCGAAGTTCATCCTTCCTTTAACCGGCAGCTTGCGTTATGGCCAGATGGTTTTTGCAACAAATCTCACAGTAAAAAGTTTCAACATACTGTCTAAAAACGAACGTGTGATTTCA
3,3,0,ATACAAAAAAAGACAGCAACGTATTTACTGGGTTAATTATAATCATCCTTCTTTTCATCACAAAAACCGAAGTTCATCCTTCCTTTAACCGGCAGCTTGCGTTATGGCCAGATGGTTTTTGCAACAAATCTCACAGTAAAAAGTTTCAACATACTGTCTACGCCTTTGCCGTCTTCCTTC
1,1,0,ATACAAAAAAAGACAGCAACGTATTTACTGGGTTAATTATAATCATCCTTCTTTTCATCACAAAAACCGAAGTTCATCCTTCCTTTAACCGGCAGCTTGCGTTATGGCCAGATGGTTTTTGCAACAAATCTCACAGTAAAAAGTTTCAACATACTGTCTAGGAGACACCTAGCGCGATTT
9,7,2,ATACAAAAAAAGACAGCAACGTATTTACTGGGTTAATTATAATCATCCTTCTTTTCATCACAAAAACCGAAGTTCATCCTTCCTTTAACCGGCAGCTTGCGTTATGGCCAGATGGTTTTTGCAACAAATCTCACAGTAAAAAGTTTCAACATACTGTCTAGGTTTATCGCTAGAGAACGT
2,2,0,ATACAAAAAAAGACAGCAACGTATTTACTGGGTTAATTATAATCATCCTTCTTTTCATCACAAAAACCGAAGTTCATCCTTCCTTTAACCGGCAGCTTGCGTTATGGCCAGATGGTTTTTGCAACAAATCTCACAGTAAAAAGTTTCAACATACTGTCTAGTACTTATAAACGTTCAGGA
12,12,0,ATACAAAAAAAGACAGCAACGTATTTACTGGGTTAATTATAATCATCCTTCTTTTCATCACAAAAACCGAAGTTCATCCTTCCTTTAACCGGCAGCTTGCGTTATGGCCAGATGGTTTTTGCAACAAATCTCACAGTAAAAAGTTTCAACATACTGTCTATACGTTCCCTAGTGGTCAGG
13,8,5,ATACAAAAAAAGACAGCAACGTATTTACTGGGTTAATTATAATCATCCTTCTTTTCATCACAAAAACCGAAGTTCATCCTTCCTTTAACCGGCAGCTTGCGTTATGGCCAGATGGTTTTTGCAACAAATCTCACAGTAAAAAGTTTCAACATACTGTCTATTTCGTAGCCTGGTATCGCA
1,1,0,ATACAAAAAAAGACAGCAACGTCTTTACTGGGTCAAATTTAATCATCCTGCTTTCGATCATAAAAACCGCAGATAATCCTTCCTTTCCCCGGCAGTAGACTTTATGGTCAGATGGTTTTTGCAACAAACCTCACAATAAAAAGTTACAACATACTGAAGACCCCTGTTTATACACTTTTT
4,3,1,ATACAAAAAAAGACAGCAACGTCTTTACTGGGTCAAATTTAATCATCCTGCTTTCGATCATAAAAACCGCAGATAATCCTTCCTTTCCCCGGCAGTAGACTTTATGGTCAGATGGTTTTTGCAACAAACCTCACAATAAAAAGTTACAACATACTGAAGAGTGGCTGTATATTTTGTCTG
10,6,4,ATACAAAAAAAGACAGCAACGTCTTTACTGGGTCAAATTTAATCATCCTGCTTTCGATCATAAAAACCGCAGATAATCCTTCCTTTCCCCGGCAGTAGACTTTATGGTCAGATGGTTTTTGCAACAAACCTCACAATAAAAAGTTACAACATACTGAAGATTGACACAGTCCTCGGTTGG
1,1,0,ATACAAAAAAAGACAGCAACGTCTTTCCTAGATTACATATTATCATCCTGCTTTTCATCACAAACACCGCAGAATATCCTTCCTTTCCCCGGCAGCTGGCGATATGGCCAGAAGGTTTCTGCAACAAATCTCACAATCAGAAGTTTCAACATGCTCACTATGCGAATTAGTAAAGCATAG
5,3,2,ATACAAAAAAAGACAGCAACGTCTTTCCTAGATTACATATTATCATCCTGCTTTTCATCACAAACACCGCAGAATATCCTTCCTTTCCCCGGCAGCTGGCGATATGGTCAGAAGGTTTCTGCAACAAATCTCACAATCAGAAGTTTCAACATGCTCACTAGCTTCTTTGAGCCAATGGTC
6,6,0,ATACAAAAAAAGACAGCAACGTCTTTCCTAGATTACATATTATCATCCTGCTTTTCATCACAAACACCGCAGAATATCCTTCCTTTCCCCGGCAGCTGGCGATATGGTCAGAAGGTTTCTGCAACAAATCTCACAATCAGAAGTTTCAACATGCTCACTAGGGTAAGCGAGGTTTTCGTG
22,15,7,ATACAAAAAAAGACAGCAACGTCTTTCCTAGATTACATATTATCATCCTGCTTTTCATCACAAACACCGCAGAATATCCTTCCTTTCCCCGGCAGCTGGCGATATGGTCAGAAGGTTTCTGCAACAAATCTCACAATCAGAAGTTTCAACATGCTCACTATACAAAGAGGAGCGCAACAT
5,5,0,ATACAAAAAAAGACAGCAACGTCTTTCCTAGATTACATATTATCATCCTGCTTTTCATCACAAACACCGCAGAATATCCTTCCTTTCCCCGGCAGCTGGCGATATGGTCAGAAGGTTTCTGCAACAAATCTCACAATCAGAAGTTTCAACATGCTCACTATCAAAGGCTCTGATGGTGTA
1,1,0,ATACAAAAAAAGACAGCAACGTCTTTCCTAGATTACATATTATCATCCTGCTTTTCATCACAAACACCGCAGAATATCCTTCCTTTCCCCGGCAGCTGGCGATATGGTCAGAAGGTTTCTGCAACAAATCTCACAATCAGAAGTTTCAACATGCTCACTATCCACCTGAAATTGGACGGA
4,4,0,ATACAAAAAAAGACAGCAACTTATTTAATGGGTTAAATATAATCATCCTGCTTTTCATCTCAAACTATGGAGATAATCCTTCCTATCCCCGGCAGCTGGCGTTCTGGACAGATGGTTATTGCATCAAACCTCACAATAAAAAGTTTCAGCATACAGACTAATGGGGGACCTATCTTTCCG
5,5,0,ATACAAAAAAAGACAGCAACTTATTTAATGGGTTAAATATAATCATCCTGCTTTTCATCTCAAACTATGGAGATAATCCTTCCTATCCCCGGCAGCTGGCGTTCTGGACAGATGGTTATTGCATCAAACCTCACAATAAAAAGTTTCAGCATACAGACTATGGCTCATATTTGGACTCCG
14,9,5,ATACAAAAAAAGACAGGAAACGATTTCCTGGGTTATATATAATCATCCCGCTTTTCGTCGCAAAAACCGCAGATAATCGTTGCTTACCCCGGCAGCCGGCGTTATGGTCAGATGGTTCTTGCAACCAACCTCACATTAAAAAGTTTCAACATTCTGACTAAAGTGCTATTGATGTTGTAG
7,3,4,ATACAAAAAAAGACAGGAAACGATTTCCTGGGTTATATATAATCATCCCGCTTTTCGTCGCAAAAACCGCAGATAATCGTTGCTTACCCCGGCAGCCGGCGTTATGGTCAGATGGTTCTTGCAACCAACCTCACATTAAAAAGTTTCAACATTCTGACTACTCTCAGGACCTTGTTGATC
21,6,15,ATACAAAAAAAGACAGGAAACGATTTCCTGGGTTATATATAATCATCCCGCTTTTCGTCGCAAAAACCGCAGATAATCGTTGCTTACCCCGGCAGCCGGCGTTATGGTCAGATGGTTCTTGCAACCAACCTCACATTAAAAAGTTTCAACATTCTGACTAGGATTCATAGGGATGGATAC
1,1,0,ATACAAAAAAAGACAGGAAACGATTTCCTGGGTTATATATAATCATCCCGCTTTTCGTCGCAAAAACCGCAGATAATCGTTGCTTACCCCGGCAGCCGGCGTTATGGTCAGATGGTTCTTGCAACCAACCTCACATTAAAAAGTTTCAACATTCTGACTATTGTGTCTGGAACCTTGGGA
1,1,0,ATACAAAAAAAGACAGGAAACGATTTCCTGGGTTATATATAATCATCCCGCTTTTCGTCGCAAAAACCGCAGATAATCGTTGCTTACCCCGGCAGCCGGCGTTATGGTCAGATGGTTCTTGCAACCAACCTCACATTAAAAAGTTTCAACATTCTGACTATTTACCGATGCCCGTACATA
6,6,0,ATACAAAAAAAGACAGGAAAGCATTTACGGGGTTGAATAGAATCATCCTGCTGTTCATGACTAACACCCCAGATAATCCTTCCTTTCCCCGTCAGCTGGCGTTGTGATCAGATGGGTTTTGCGACAAATCTCACAATAAAAAGTTTCAAGTTACTGACTGGCGATTTCAGCCCCTTTGCC
1,1,0,ATACAAAAAAAGACAGGAAAGCATTTACGGGGTTGAATAGAATCATCCTGCTGTTCATGACTAACACCCCAGATAATCCTTCCTTTCCCCGTCAGCTGGCGTTGTGATCAGATGGGTTTTGCGACAAATCTCACAATAAAAAGTTTCAAGTTACTGACTGGGATCTTCACGCAGTCGAAT
4,4,0,ATACAAAAAAAGACAGGAAAGTACTTACTGGGTTAAATACAATCATCCTGCTTTTCATCACAAAAAACGCAGATAATCCTTGATTACCCCGGCAGCTGGCTTTAGTGACACATGGTTTCTGGAACAAATCTCACAATAAAAAGTTTTAACATACTAACCAACCACGTGATCTACTGACAC
2,2,0,ATACAAAAAAAGACAGGAAAGTACTTACTGGGTTAAATACAATCATCCTGCTTTTCATCACAAAAAACGCAGATAATCCTTGATTACCCCGGCAGCTGGCTTTAGTGACACATGGTTTCTGGAACAAATCTCACAATAAAAAGTTTTAACATACTAACCACACTCCTGCAGTCGTCGTGC
2,2,0,ATACAAAAAAAGACAGGAAAGTACTTACTGGGTTAAATACAATCATCCTGCTTTTCATCACAAAAAACGCAGATAATCCTTGATTACCCCGGCAGCTGGCTTTAGTGACACATGGTTTCTGGAACAAATCTCACAATAAAAAGTTTTAACATACTAACCACAGTTCTTTAACGCGCATAC
2,2,0,ATACAAAAAAAGACAGGAAAGTACTTACTGGGTTAAATACAATCATCCTGCTTTTCATCACAAAAAACGCAGATAATCCTTGATTACCCCGGCAGCTGGCTTTAGTGACACATGGTTTCTGGAACAAATCTCACAATAAAAAGTTTTAACATACTAACCACCAACCAAACTCTAATCTTG
2,2,0,ATACAAAAAAAGACAGGAAAGTACTTACTGGGTTAAATACAATCATCCTGCTTTTCATCACAAAAAACGCAGATAATCCTTGATTACCCCGGCAGCTGGCTTTAGTGACACATGGTTTCTGGAACAAATCTCACAATAAAAAGTTTTAACATACTAACCACTATTCGACCACTATGCCGA
1,1,0,ATACAAAAAAAGACAGGAAAGTACTTACTGGGTTAAATACAATCATCCTGCTTTTCATCACAAAAAACGCAGATAATCCTTGATTACCCCGGCAGCTGGCTTTAGTGACACATGGTTTCTGGAACAAATCTCACAATAAAAAGTTTTAACATACTAACCACTTCAAAGAGTACTAAAGGC
6,4,2,ATACAAAAAAAGACAGGAAAGTACTTACTGGGTTAAATACAATCATCCTGCTTTTCATCACAAAAAACGCAGATAATCCTTGATTACCCCGGCAGCTGGCTTTAGTGACACATGGTTTCTGGAACAAATCTCACAATAAAAAGTTTTAACATACTAACCATCCGGTATGAATCTCAACAG
2,2,0,ATACAAAAAAAGACAGGAAAGTATTTACTGGGTTAAATATAATCATCCTGATTTGCATCACAGAAACCGCAGATAATCCTTCCTTTCCCCGGCAGCTGGCGTTTAGGACAGATGGTTTTTGCAACAAATCTCCCAATGAAAAATTTAAGCATACTGACTACTAAGACCCCGATCGCTCGT
3,2,1,ATACAAAAAAAGACAGGAAAGTATTTACTGGGTTAAATATAATCATCCTGATTTGCATCACAGAAACCGCAGATAATCCTTCCTTTCCCCGGCAGCTGGCGTTTAGGACAGATGGTTTTTGCAACAAATCTCCCAATGAAAAATTTAAGCATACTGACTACTCTTTCAATCGCTAATAAC
6,4,2,ATACAAAAAAAGACAGGAAAGTATTTACTGGGTTAAATATAATCATCCTGCTGTTCATCACAAAAAACGCAGATAATCCTTCCTTTCCCTGGCAGCAGGCGTTATGGTCAGATGGTTTTTGCACCAAATCTCACAATAAATAGTTTCAACATACTGACTGTCGAATCAATGGTCAGGTTC
9,9,0,ATACAAAAAAAGACAGGAAAGTATTTTCTGGTTTAAATCTAATCACCCTGCTTTTCATGAGAAAAACCGCAGATAATCCTGCCTTTCCCCGGCTCCTGGCGTCATGGTCAGAGGGTTGTTGCAACAAATCTCACAATAAGACGATTCCGCATACTGACTAAAATCCACGAGAGTGTACAC
1,1,0,ATACAAAAAAAGACAGGAAAGTATTTTCTGGTTTAAATCTAATCACCCTGCTTTTCATGAGAAAAACCGCAGATAATCCTGCCTTTCCCCGGCTCCTGGCGTCATGGTCAGAGGGTTGTTGCAACAAATCTCACAATAAGACGATTCCGCATACTGACTAAGAATGGTGGGAATGAGCCC
1,1,0,ATACAAAAAAAGACAGGAAAGTATTTTCTGGTTTAAATCTAATCACCCTGCTTTTCATGAGAAAAACCGCAGATAATCCTGCCTTTCCCCGGCTCCTGGCGTCATGGTCAGAGGGTTGTTGCAACAAATCTCACAATAAGACGATTCCGCATACTGACTAATCGCACGCGCGATGCTACT
1,1,0,ATACAAAAAAAGACAGGAAAGTATTTTCTGGTTTAAATCTAATCACCCTGCTTTTCATGAGAAAAACCGCAGATAATCCTGCCTTTCCCCGGCTCCTGGCGTCATGGTCAGAGGGTTGTTGCAACAAATCTCACAATAAGACGATTCCGCATACTGACTACGACACAAAGTAGTGTTCCC
1,1,0,ATACAAAAAAAGACAGGAAAGTATTTTCTGGTTTAAATCTAATCACCCTGCTTTTCATGAGAAAAACCGCAGATAATCCTGCCTTTCCCCGGCTCCTGGCGTCATGGTCAGAGGGTTGTTGCAACAAATCTCACAATAAGACGATTCCGCATACTGACTAGATCCACCCGGTGTCAGCGT
6,5,1,ATACAAAAAAAGACAGGAAAGTATTTTCTGGTTTAAATCTAATCACCCTGCTTTTCATGAGAAAAACCGCAGATAATCCTGCCTTTCCCCGGCTCCTGGCGTCATGGTCAGAGGGTTGTTGCAACAAATCTCACAATAAGACGATTCCGCATACTGACTAGTGTTCCAGTCAAATTCAAG
3,3,0,ATACAAAAAAAGACAGGAAAGTATTTTCTGGTTTAAATCTAATCACCCTGCTTTTCATGAGAAAAACCGCAGATAATCCTGCCTTTCCCCGGCTCCTGGCGTCATGGTCAGAGGGTTGTTGCAACAAATCTCACAATAAGACGATTCCGCATACTGACTAGTTCGTGTCGGACTGTATCT
1,1,0,ATACAAAAAAAGACAGGAAAGTATTTTCTGGTTTAAATCTAATCACCCTGCTTTTCATGAGAAAAACCGCAGATAATCCTGCCTTTCCCCGGCTCCTGGCGTCATGGTCAGAGGGTTGTTGCAACAAATCTCACAATAAGACGATTCCGCATACTGACTATCAAATCGACAAACGAGCAA
32,24,8,ATACAAAAAAAGACAGGAACATAGTTACTGGGTTAAGTATAATAATCCTGATTTTCATGATAAAAACCGCAGATAATCTTTCCTTTCCCCGGCAGCTGGCGTTATGGTCAGATCTTTTTTGCGACGAATCTAACAATATAAAGTTTCAACATACTGACTAAATATTTTGCCAATCATCCC
9,8,1,ATACAAAAAAAGACAGGAACATATCTTCTGGGTCAATTATAATCATCCTGCGTTTCCTCACAAAAACCGCTGATAATCCTACATTTCCCCGACAGCTGGGGTTATGGTCAGATGGTTTTTGCAACAAATGTCAAAATAAAAAGTTTCAACATACTGACTAAATGGTCGGAGGTATCGACA
6,6,0,ATACAAAAAAAGACAGGAACATATCTTCTGGGTCAATTATAATCATCCTGCGTTTCCTCACAAAAACCGCTGATAATCCTACATTTCCCCGACAGCTGGGGTTATGGTCAGATGGTTTTTGCAACAAATGTCAAAATAAAAAGTTTCAACATACTGACTAACAATTCACTTACGCGGAAT
1,1,0,ATACAAAAAAAGACAGGAACATATCTTCTGGGTCAATTATAATCATCCTGCGTTTCCTCACAAAAACCGCTGATAATCCTACATTTCCCCGACAGCTGGGGTTATGGTCAGATGGTTTTTGCAACAAATGTCAAAATAAAAAGTTTCAACATACTGACTAACAGGAGTCGCTGCGTGAAA
3,3,0,ATACAAAAAAAGACAGGAACATATCTTCTGGGTCAATTATAATCATCCTGCGTTTCCTCACAAAAACCGCTGATAATCCTACATTTCCCCGACAGCTGGGGTTATGGTCAGATGGTTTTTGCAACAAATGTCAAAATAAAAAGTTTCAACATACTGACTACAAGTCCGCACTCGAGGTTA
4,4,0,ATACAAAAAAAGACAGGAACATATCTTCTGGGTCAATTATAATCATCCTGCGTTTCCTCACAAAAACCGCTGATAATCCTACATTTCCCCGACAGCTGGGGTTATGGTCAGATGGTTTTTGCAACAAATGTCAAAATAAAAAGTTTCAACATACTGACTACTGTTGTTTACCTAGTGGTT
1,1,0,ATACAAAAAAAGACAGGAACATATCTTCTGGGTCAATTATAATCATCCTGCGTTTCCTCACAAAAACCGCTGATAATCCTACATTTCCCCGACAGCTGGGGTTATGGTCAGATGGTTTTTGCAACAAATGTCAAAATAAAAAGTTTCAACATACTGACTAGAGGGACAGGTTTGTGCGAT
4,1,3,ATACAAAAAAAGACAGGAACATATCTTCTGGGTCAATTATAATCATCCTGCGTTTCCTCACAAAAACCGCTGATAATCCTACATTTCCCCGACAGCTGGGGTTATGGTCAGATGGTTTTTGCAACAAATGTCAAAATAAAAAGTTTCAACATACTGACTAGGAGCGTAATTTGTACTGCG
3,3,0,ATACAAAAAAAGACAGGAACATATTTACTGGATTAAATATAATCAGCCTGCTTGTAAGCAAAACAACCGCCGATAATCCGCCCGTTCCCCGGCAGCTTGCGTTATGGTCAGATGGTTTTTGCAACAAATCTCACAATAAAAAGTTTCAACAAACTGACTGTCACTTATCCAATACACATT
1,1,0,ATACAAAAAAAGACAGGAACATATTTACTGGATTAAATATAATCAGCCTGCTTGTAAGCACAACAACCGCCGATAATCCGCCCGTTCCCCGGCAGCTTGCGTTATGGTCAGATGGTTTTTGCAACAAATCTCACAATAAAAAGTTTCAACAAACTGACTGCCCATACTACCGAGCATGGA
1,1,0,ATACAAAAAAAGACAGGAACATATTTACTGGATTAAATATAATCAGCCTGCTTGTAAGCACAACAACCGCCGATAATCCGCCCGTTCCCCGGCAGCTTGCGTTATGGTCAGATGGTTTTTGCAACAAATCTCACAATAAAAAGTTTCAACAAACTGACTGCCTATGGATAAGTGTCTACA
1,1,0,ATACAAAAAAAGACAGGAACATATTTACTGGATTAAATATAATCAGCCTGCTTGTAAGCACAACAACCGCCGATAATCCGCCCGTTCCCCGGCAGCTTGCGTTATGGTCAGATGGTTTTTGCAACAAATCTCACAATAAAAAGTTTCAACAAACTGACTGGTGCAACCTTAGGGATTCAG
9,6,3,ATACAAAAAAAGACAGGAACATATTTACTGGATTAAATATAATCAGCCTGCTTGTAAGCACAACAACCGCCGATAATCCGCCCGTTCCCCGGCAGCTTGCGTTATGGTCAGATGGTTTTTGCAACAAATCTCACAATAAAAAGTTTCAACAAACTGACTGGTTCAATCGGTCGTCTTAAT
2,2,0,ATACAAAAAAAGACAGGAACATATTTACTGGATTAAATATAATCAGCCTGCTTGTAAGCACAACAACCGCCGATAATCCGCCCGTTCCCCGGCAGCTTGCGTTATGGTCAGATGGTTTTTGCAACAAATCTCACAATAAAAAGTTTCAACAAACTGACTGTCGTCAAATCGTTGGTCAAT
4,1,3,ATACAAAAAAAGACAGGAACATATTTACTGGATTAAATATAATCAGCCTGCTTGTAAGCACAACAACCGCCGATAATCCGCCCGTTCCCCGGCAGCTTGCGTTATGGTCAGATGGTTTTTGCAACAAATCTCACAATAAAAAGTTTCAACAAACTGACTGTGGTGCAGGATCGCCACCTC
11,11,0,ATACAAAAAAAGACAGGAACATATTTACTGGATTAAATATAATCAGCCTGCTTGTAAGCACAACAACCGCCGATAATCCGCCCGTTCCCCGGCAGCTTGCGTTATGGTCAGATGGTTTTTGCAACAAATCTCACAATAAAAAGTTTCAACAAACTGACTGTTAGCACTCCTCGTTGTTGT
2,0,2,ATACAAAAAAAGACAGGAACATATTTACTGGATTAAATATAATCAGCCTGCTTGTAAGCACAACAACCGCCGATAATCCGCCCGTTCCCCGGCAGCTTGCGTTATGGTCAGATGGTTTTTGCAACAAATCTCACAATAAAAAGTTTCAACAAACTGACTGTTCGCTTAGCACCGTCAATG
13,1,12,ATACAAAAAAAGACAGGAACATATTTCCTGGGCTAAGTATAATCTTCCTGCTTTTCATCACAAAACCCGCAGACAAACCTTCATGTCCCCGGCAGCTGGCGTTATGATCAGATAGTTTTTGCAACAAATATCACAATAAATAGTGTCAACATGCTGACTGTATGTCTATTTCGTCACTGG
9,1,8,ATACAAAAAAAGACAGGAACATATTTCCTGGGCTAAGTATAATCTTCCTGCTTTTCATCACAAAACCCGCAGACAAACCTTCATGTCCCCGGCAGCTGGCGTTATGATCAGATAGTTTTTGCAACAAATATCACAATAAATAGTGTCAACATGCTGACTGTCCAATCTTGGTTTTTGCGT
5,1,4,ATACAAAAAAAGACAGGAACATATTTCCTGGGCTAAGTATAATCTTCCTGCTTTTCATCACAAAACCCGCAGACAAACCTTCATGTCCCCGGCAGCTGGCGTTATGATCAGATAGTTTTTGCAACAAATATCACAATAAATAGTGTCAACATGCTGACTGTTCATGTCGCTTCTGCAATG
13,13,0,ATACAAAAAAAGACAGGAACCTATTTACTGGGTCAAATATAATCATCCTGCTGTTCATCACAAAAACCGCAGATAATCCTTCCTTTCCCCGGCAGCTGGCGTTTTGGTCAGATGGTTTTTGCTCCAATTCTCACAATAAAAAGTTTCAACTTTCTGTCTGATATCTGACGTTGGATGAAC
9,9,0,ATACAAAAAAAGACAGGAACCTATTTACTGGGTCAAATATAATCATCCTGCTGTTCATCACAAAAACCGCAGATAATCCTTCCTTTCCCCGGCAGCTGGCGTTTTGGTCAGATGGTTTTTGCTCCAATTCTCACAATAAAAAGTTTCAACTTTCTGTCTGGAACCTCTTTAACAACGACT
5,5,0,ATACAAAAAAAGACAGGAACCTATTTACTGGGTCAAATATAATCATCCTGCTGTTCATCACAAAAACCGCAGATAATCCTTCCTTTCCCCGGCAGCTGGCGTTTTGGTCAGATGGTTTTTGCTCCAATTCTCACAATAAAAAGTTTCAACTTTCTGTCTGGCAATGGTAGCCAGGACCGA
5,4,1,ATACAAAAAAAGACAGGAACCTATTTACTGGGTCAAATATAATCATCCTGCTGTTCATCACAAAAACCGCAGATAATCCTTCCTTTCCCCGGCAGCTGGCGTTTTGGTCAGATGGTTTTTGCTCCAATTCTCACAATAAAAAGTTTCAACTTTCTGTCTGTGTGCGTGTGAAGGGCAATT
2,2,0,ATACAAAAAAAGACAGGAACCTATTTACTGGGTTAAATATAATCATCCTGCTTTCCATCACAAAAGCCGCCAATAATCCGTCCTTCCCCCGGCAGGTGGCGTTCTGGTCAGAGGGTTTTTGCAACTAGCCTCTCAGTAAAATGTTCCAACATTCAGACTAAATATTTATGTGCGTAGGGT
6,6,0,ATACAAAAAAAGACAGGAACCTATTTACTGGGTTAAATATAATCATCCTGCTTTCCATCACAAAAGCCGCCAATAATCCGTCCTTCCCCCGGCAGGTGGCGTTCTGGTCAGAGGGTTTTTGCAACTAGCCTCTCAGTAAAATGTTCCAACATTCAGACTAGACTCAGTTTGGCCGGCTCT
7,7,0,ATACAAAAAAAGACAGGAACCTATTTACTGGGTTAAATATAATCATCCTGCTTTCCATCACAAAAGCCGCCAATAATCCGTCCTTCCCCCGGCAGGTGGCGTTCTGGTCAGAGGGTTTTTGCAACTAGCCTCTCAGTAAAATGTTCCAACATTCAGACTAGCTTTAGCCACTCTCAGGAC
4,4,0,ATACAAAAAAAGACAGGAACCTATTTACTGGGTTAAATATAATCATCCTGCTTTCCATCACAAAAGCCGCCAATAATCCGTCCTTCCCCCGGCAGGTGGCGTTCTGGTCAGAGGGTTTTTGCAACTAGCCTCTCAGTAAAATGTTCCAACATTCAGACTAGTATAATCGTTGTTTTGTTG
6,3,3,ATACAAAAAAAGACAGGAACCTATTTACTGGGTTAAATATCATCATCCTGCTTTTCATCACAAAAATCGCAGATAGTCCTTGCTTTCCCCGGCAGCTGCCGTTATGGTCAGATGGTTTTTACAACAAACCTCACAATCAAAAGTTTCAACATACTGACTAATACTCCTGGACCTCTGACA
5,0,5,ATACAAAAAAAGACAGGAACCTATTTACTGGGTTAAATATCATCATCCTGCTTTTCATCACAAAAATCGCAGATAGTCCTTGCTTTCCCCGGCAGCTGCCGTTATGGTCAGATGGTTTTTACAACAAACCTCACAATCAAAAGTTTCAACATACTGACTAGGCGCGTCAGACTAAGTTTG
15,1,14,ATACAAAAAAAGACAGGAACCTATTTACTGGGTTAAATATCATCATCCTGCTTTTCATCACAAAAATCGCAGATAGTCCTTGCTTTCCCCGGCAGCTGCCGTTATGGTCAGATGGTTTTTACAACAAACCTCACAATCAAAAGTTTCAACATACTGACTAGTTTATCCTATACCGTATAG
49,1,48,ATACAAAAAAAGACAGGAACCTATTTACTGGGTTAAATATCATCATCCTGCTTTTCATCACAAAAATCGCAGATAGTCCTTGCTTTCCCCGGCAGCTGCCGTTATGGTCAGATGGTTTTTACAACAAACCTCACAATCAAAAGTTTCAACATACTGACTATGAAGTGAAAAATACTAGGT
179,7,172,ATACAAAAAAAGACAGGAACCTATTTACTGGGTTAAATATCATCATCCTGCTTTTCATCACAAAAATCGCAGATAGTCCTTGCTTTCCCCGGCAGCTGCCGTTATGGTCAGATGGTTTTTACAACAAACCTCACAATCAAAAGTTTCAACATACTGACTATTGAAATGCATTGCAATTAG
51,4,47,ATACAAAAAAAGACAGGAACCTATTTACTGGGTTAAATATCATCATCCTGCTTTTCATCACAAAAATCGCAGATAGTCCTTGCTTTCCCCGGCAGCTGCCGTTATGGTCAGATGGTTTTTACAACAAACCTCACAATCAAAAGTTTCAACATACTGACTATTGTATTAACCTTGGCAATT
3,3,0,ATACAAAAAAAGACAGGAACCTATTTACTGGGTTCCATATACTCATCCGGCTTTTCGTCACAGAAACCGCAGATAATCCTTCCATTCCTCGGAAGCTGGTGTTATGGGCAGATAGTTTTTGCAACAAATCTCACAATAAAAAGTTTCAACATACCGACTAATTTACTGTGCGACATGTTA
1,1,0,ATACAAAAAAAGACAGGAACCTATTTACTGGGTTCCATATACTCATCCGGCTTTTCGTCACAGAAACCGCAGATAATCCTTCCATTCCTCGGAAGCTGGTGTTATGGGCAGATAGTTTTTGCAACAAATCTCACAATAAAAAGTTTCAACATACCGACTATTCCGTTCCATGACGCGTTG
5,2,3,ATACAAAAAAAGACAGGAACCTATTTACTGGTCTAAATACAACCATCCTGCGGTTCATCAAAAAAATGGGAGAGAATCCTTCCTTTACCCGGCTGCTGGCGTTATAGTCAGATGGTTTTTGCAACAAATCTCACAATAAAAAGTTTCAAGATACTGACTCGTCCAAAGGATTATGCCGAC
1,1,0,ATACAAAAAAAGACAGGAACCTATTTACTGGTCTAAATACAACCATCCTGCGGTTCATCAAAAAAATGGGAGAGAATCCTTCCTTTACCCGGCTGCTGGCGTTATGGTCAGATGGTTTTTGCAACAAATCTCACAATAAAAAGTTTCAAGATACTGACTCAGTAGGCAAACATCTGAAGG
24,19,5,ATACAAAAAAAGACAGGAACCTATTTACTGGTCTAAATACAACCATCCTGCGGTTCATCAAAAAAATGGGAGAGAATCCTTCCTTTACCCGGCTGCTGGCGTTATGGTCAGATGGTTTTTGCAACAAATCTCACAATAAAAAGTTTCAAGATACTGACTCAGTGTCATGGTTCCGCATAA
13,9,4,ATACAAAAAAAGACAGGAACCTATTTACTGGTCTAAATACAACCATCCTGCGGTTCATCAAAAAAATGGGAGAGAATCCTTCCTTTACCCGGCTGCTGGCGTTATGGTCAGATGGTTTTTGCAACAAATCTCACAATAAAAAGTTTCAAGATACTGACTCGGTACAACCTACAGTTAGAT
2,2,0,ATACAAAAAAAGACAGGAACCTATTTACTGGTCTAAATACAACCATCCTGCGGTTCATCAAAAAAATGGGAGAGAATCCTTCCTTTACCCGGCTGCTGGCGTTATGGTCAGATGGTTTTTGCAACAAATCTCACAATAAAAAGTTTCAAGATACTGACTCTAACTTTAGCGTGTGATACG
3,1,2,ATACAAAAAAAGACAGGAACCTATTTACTGGTCTAAATACAACCATCCTGCGGTTCGTCAAAAAAATGGGAGAGAATCCTTCCTTTACCCGGCTGCTGGCGTTATGGTCAGATGGTTTTTGCAACAAATCTCACAATAAAAAGTTTCAAGATACTGACTCTTTGGCTGATAACCTCTAAG
17,3,14,ATACAAAAAAAGACAGGAACGAATATACTGGGATAAATATAAGCATCCTGCTTTTCATCACAAACCCCGCAGATAATCCTTCCTTTCCCCGGCTGCTAGCGTTATGGTCAGACGGTGTTTGGAACAAATCACACAATAAGAAGCTTCATCATATTGACTATCGTGAGATTTGTTCTCAGT
8,1,7,ATACAAAAAAAGACAGGAACGAATATACTGGGATAAATATAAGCATCCTGCTTTTCATCACAAACCCCGCAGATAATCCTTCCTTTCCCCGGCTGCTGGCGTTATGGTCAGACGGTGTTTGGAACAAATCACACAATAAAAAGCTTCATCATATTGACTAGACACACCCACCGACTATTT
17,1,16,ATACAAAAAAAGACAGGAACGAATATACTGGGATAAATATAAGCATCCTGCTTTTCATCACAAACCCCGCAGATAATCCTTCCTTTCCCCGGCTGCTGGCGTTATGGTCAGACGGTGTTTGGAACAAATCACACAATAAGAAGCTTCATCATATTGACTAAAATGTCACGATATCAATGC
11,3,8,ATACAAAAAAAGACAGGAACGAATATACTGGGATAAATATAAGCATCCTGCTTTTCATCACAAACCCCGCAGATAATCCTTCCTTTCCCCGGCTGCTGGCGTTATGGTCAGACGGTGTTTGGAACAAATCACACAATAAGAAGCTTCATCATATTGACTAAACTCGGACGTGTGGAGGAA
1,1,0,ATACAAAAAAAGACAGGAACGAATATACTGGGATAAATATAAGCATCCTGCTTTTCATCACAAACCCCGCAGATAATCCTTCCTTTCCCCGGCTGCTGGCGTTATGGTCAGACGGTGTTTGGAACAAATCACACAATAAGAAGCTTCATCATATTGACTAACGGTCCGCGTGGGAGTCCG
1,0,1,ATACAAAAAAAGACAGGAACGAATATACTGGGATAAATATAAGCATCCTGCTTTTCATCACAAACCCCGCAGATAATCCTTCCTTTCCCCGGCTGCTGGCGTTATGGTCAGACGGTGTTTGGAACAAATCACACAATAAGAAGCTTCATCATATTGACTAATCTGGCGTATGGGCTATGA
3,0,3,ATACAAAAAAAGACAGGAACGAATATACTGGGATAAATATAAGCATCCTGCTTTTCATCACAAACCCCGCAGATAATCCTTCCTTTCCCCGGCTGCTGGCGTTATGGTCAGACGGTGTTTGGAACAAATCACACAATAAGAAGCTTCATCATATTGACTACACAGGACTTTCGCGTCGTT
5,3,2,ATACAAAAAAAGACAGGAACGAATATACTGGGATAAATATAAGCATCCTGCTTTTCATCACAAACCCCGCAGATAATCCTTCCTTTCCCCGGCTGCTGGCGTTATGGTCAGACGGTGTTTGGAACAAATCACACAATAAGAAGCTTCATCATATTGACTACCCTCATCTGTGTATATGAT
21,6,15,ATACAAAAAAAGACAGGAACGAATATACTGGGATAAATATAAGCATCCTGCTTTTCATCACAAACCCCGCAGATAATCCTTCCTTTCCCCGGCTGCTGGCGTTATGGTCAGACGGTGTTTGGAACAAATCACACAATAAGAAGCTTCATCATATTGACTAGCGCACAATCTATCCCACAG
5,1,4,ATACAAAAAAAGACAGGAACGAATATACTGGGATAAATATAAGCATCCTGCTTTTCATCACAAACCCCGCAGATAATCCTTCCTTTCCCCGGCTGCTGGCGTTATGGTCAGACGGTGTTTGGAACAAATCACACAATAAGAAGCTTCATCATATTGACTATAACGTTCCCGATATCATAG
16,15,1,ATACAAAAAAAGACAGGAACGAATATACTGGGATAAATATAAGCATCCTGCTTTTCATCACAAACCCCGCAGATAATCCTTCCTTTCCCCGGCTGCTGGCGTTATGGTCAGACGGTGTTTGGAACAAATCACACAATAAGAAGCTTCATCATATTGACTATAATTTACCGACCAGGACTG
19,7,12,ATACAAAAAAAGACAGGAACGAATATACTGGGATAAATATAAGCATCCTGCTTTTCATCACAAACCCCGCAGATAATCCTTCCTTTCCCCGGCTGCTGGCGTTATGGTCAGACGGTGTTTGGAACAAATCACACAATAAGAAGCTTCATCATATTGACTATACACGGGGGGGAAGCACTT
1,0,1,ATACAAAAAAAGACAGGAACGAATATACTGGGATAAATATAAGCATCCTGCTTTTCATCACAAACCCCGCAGATAATCCTTCCTTTCCCCGGCTGCTGGCGTTATGGTCAGACGGTGTTTGGAACAAATCACACAATAAGAAGCTTCATCATATTGACTATGCTCTCTTGAGGCGATCGA
7,3,4,ATACAAAAAAAGACAGGAACGAATATACTGGGATAAATATAAGCATCCTGCTTTTCATCACAAACCCCGCAGATAATCCTTCCTTTCCCCGGCTGCTGGCGTTATGGTCAGACGGTGTTTGGAACAAATCACACAATAAGAAGCTTCATCATATTGACTATTAAAGGCTAATCAGCTTTG
3,1,2,ATACAAAAAAAGACAGGAACGAATATACTGGGATAAATATAAGCATCCTGCTTTTCATCACAAACCCCGCAGATAATCCTTCCTTTCCCCGGCTGCTGGCGTTATGGTCAGACGGTGTTTGGAACAAATCACACAATAAGAAGCTTCATCATATTGACTATTCGTCTAGGCAACCGGCTG
4,3,1,ATACAAAAAAAGACAGGAACGAATATACTGGGATAAATATAAGCATCCTGCTTTTCATCACAAACCCCTCAGATAATCCTTCCTTTCCCCGGCTGCTGGCGTTATGGTCAGACGGTGTTTGGAACAAATCACACAATAAGAAGCTTCATCATATTGACTAATTTCACTGGTGTTGAAGCA
3,3,0,ATACAAAAAAAGACAGGAACGAATTTACTAACTTAAATATAATCATCCTCCTTTTCATCACAAAAACCACAGATAATCCTTGCTGTCACCGGCAGCTGGCGTTATGGTCAGATGGTTTTTGCAACAAATCTCACATTAAAAATTTTCAACATACGGACTATATTTCTGACCTGAACAGCG
15,2,13,ATACAAAAAAAGACAGGAACGAATTTACTGACTTAAATATAATCATCCTCCTTTTCATCACAAAAACCACAGATAATCCTTGCTGTCACCGGCAGCTGGCGTTATGGTCAGATGGTTTTTGCAACAAATCTCACATTAAAAATTTTCAACATACGGACTAATTTGTAAAGCGCAGTTTGC
3,0,3,ATACAAAAAAAGACAGGAACGAATTTACTGACTTAAATATAATCATCCTCCTTTTCATCACAAAAACCACAGATAATCCTTGCTGTCACCGGCAGCTGGCGTTATGGTCAGATGGTTTTTGCAACAAATCTCACATTAAAAATTTTCAACATACGGACTAGAATGGTCCTGTTACAAGAT
5,0,5,ATACAAAAAAAGACAGGAACGAATTTACTGACTTAAATATAATCATCCTCCTTTTCATCACAAAAACCACAGATAATCCTTGCTGTCACCGGCAGCTGGCGTTATGGTCAGATGGTTTTTGCAACAAATCTCACATTAAAAATTTTCAACATACGGACTAGGCTTAGCATCTGGTCATCG
22,2,20,ATACAAAAAAAGACAGGAACGAATTTACTGACTTAAATATAATCATCCTCCTTTTCATCACAAAAACCACAGATAATCCTTGCTGTCACCGGCAGCTGGCGTTATGGTCAGATGGTTTTTGCAACAAATCTCACATTAAAAATTTTCAACATACGGACTAGTAGTTATACCCTTATCTAA
3,3,0,ATACAAAAAAAGACAGGAACGAATTTACTGTGTTAAATATAAACACCCTGCTTTTCATCACAAAAACCGCAGATAGTCTCTCCTTTCCCCGGCAGCTGACGTGATGGTAAGATGGTTCTTGCACCAAATCTCACAATAAAACGTTTCAACCTACTGACTAACATCGCGCTTCATGGGGGA
2,0,2,ATACAAAAAAAGACAGGAACGAATTTACTGTGTTAAATATAAACACCCTGCTTTTCATCACAAAAACCGCAGATAGTCTCTCCTTTCCCCGGCAGCTGACGTGATGGTAAGATGGTTCTTGCACCAAATCTCACAATAAAACGTTTCAACCTACTGACTAATCGCGTCGAGTTCCATAAG
8,1,7,ATACAAAAAAAGACAGGAACGAATTTACTGTGTTAAATATAAACACCCTGCTTTTCATCACAAAAACCGCAGATAGTCTCTCCTTTCCCCGGCAGCTGACGTGATGGTAAGATGGTTCTTGCACCAAATCTCACAATAAAACGTTTCAACCTACTGACTACATTACTTCGATCGACTATT
8,2,6,ATACAAAAAAAGACAGGAACGAATTTACTGTGTTAAATATAAACACCCTGCTTTTCATCACAAAAACCGCAGATAGTCTCTCCTTTCCCCGGCAGCTGACGTGATGGTAAGATGGTTCTTGCACCAAATCTCACAATAAAACGTTTCAACCTACTGACTAGCGCCACATTTCATTTTCCC
47,8,39,ATACAAAAAAAGACAGGAACGAATTTACTGTGTTAAATATAAACACCCTGCTTTTCATCACAAAAACCGCAGATAGTCTCTCCTTTCCCCGGCAGCTGACGTGATGGTAAGATGGTTCTTGCACCAAATCTCACAATAAAACGTTTCAACCTACTGACTAGTAGGTTGGGACACGTTTCC
7,6,1,ATACAAAAAAAGACAGGAACGAATTTACTGTGTTAAATATAAACACCCTGCTTTTCATCACAAAAACCGCAGATAGTCTCTCCTTTCCCCGGCAGCTGACGTGATGGTAAGATGGTTCTTGCACCAAATCTCACAATAAAACGTTTCAACCTACTGACTATAAGCAGTATAAAGTATTCA
3,3,0,ATACAAAAAAAGACAGGAACGAATTTACTGTGTTAAATATAAACACCCTGCTTTTCATCACAAAAACCGCAGATAGTCTCTCCTTTCCCCGGCAGCTGACGTGATGGTAAGATGGTTCTTGCACCAAATCTCACAATAAAACGTTTCAACCTACTGACTATCACCCTCCTATAGGAAAAG
73,4,69,ATACAAAAAAAGACAGGAACGCATTTACTGGGTTAAATATAACCATACTGCTTTTAATCACAAAAACCGCAGGAATTCCATCCTTTCCCCGGCAACTGGCTTTATGGTAAGATGGTTATCGCGACTAATCTCACAAAAAAAAGTTTCAACATACTGGCTAAAGTCGCTCTACACGAAACT
22,3,19,ATACAAAAAAAGACAGGAACGCATTTACTGGGTTAAATATAACCATACTGCTTTTAATCACAAAAACCGCAGGAATTCCATCCTTTCCCCGGCAACTGGCTTTATGGTAAGATGGTTATCGCGACTAATCTCACAAAAAAAAGTTTCAACATACTGGCTAAGCAGAATGCCCCTTAAGCT
57,9,48,ATACAAAAAAAGACAGGAACGCATTTACTGGGTTAAATATAACCATACTGCTTTTAATCACAAAAACCGCAGGAATTCCATCCTTTCCCCGGCAACTGGCTTTATGGTAAGATGGTTATCGCGACTAATCTCACAAAAAAAAGTTTCAACATACTGGCTAAGTAAATTGGATGGCTATGG
28,1,27,ATACAAAAAAAGACAGGAACGCATTTACTGGGTTAAATATAACCATACTGCTTTTAATCACAAAAACCGCAGGAATTCCATCCTTTCCCCGGCAACTGGCTTTATGGTAAGATGGTTATCGCGACTAATCTCACAAAAAAAAGTTTCAACATACTGGCTAGCCGCTATAGAGCTTAAACG
17,5,12,ATACAAAAAAAGACAGGAACGCATTTACTGGGTTAAATATAACCATACTGCTTTTAATCACAAAAACCGCAGGAATTCCATCCTTTCCCCGGCAACTGGCTTTATGGTAAGATGGTTATCGCGACTAATCTCACAAAAAAAAGTTTCAACATACTGGCTAGTTCGAAGGTATCGACCCTG
53,6,47,ATACAAAAAAAGACAGGAACGCATTTACTGGGTTAAATATAACCATACTGCTTTTAATCACAAAAACCGCAGGAATTCCATCCTTTCCCCGGCAACTGGCTTTATGGTAAGATGGTTATCGCGACTAATCTCACAAAAAAAAGTTTCAACATACTGGCTATTGCTATCTAAAGTTACGTT
26,22,4,ATACAAAAAAAGACAGGAACGCATTTCCTTGGCTATAGATATTCATCCTGCTTCTCTGCACATCAACCGCAGATAAACCATCCTGGGCCCGGCAACTAGGGTTCTGGTCAGATGGTTTTGGCAACCAATCTCACATTAAAAGCTTACATCATACTGACTATTCCCTGCTGTTCTCAGCCC
20,19,1,ATACAAAAAAAGACAGGAACGCATTTCCTTGGCTATAGATATTCATCCTGCTTCTCTGCACATCAACCGCAGATAAACCATCCTGGGCCCGGCAACTGGGGTTCTGGTCAGATGGTTTTGGCAACCAATCTCACATTAAAAGCTTACATCATACTGACTAAACGTGCTTTCGTTATCTAG
1,1,0,ATACAAAAAAAGACAGGAACGCATTTCCTTGGCTATAGATATTCATCCTGCTTCTCTGCACATCAACCGCAGATAAACCATCCTGGGCCCGGCAACTGGGGTTCTGGTCAGATGGTTTTGGCAACCAATCTCACATTAAAAGCTTACATCATACTGACTATAGCGGAAAGGTTAATGATG
7,2,5,ATACAAAAAAAGACAGGAACGCATTTTCTGGGTTAACTATAATCATCCCGCTTTTCATCGCAAGAACGGCAGATAAACATTTTTTTCCCCGGCAGCTGGCGTCATGGTCAGCTTGTGTTTGCAGCAAGTCTTACAATAAAAAGTTTCAAGATACTTACAAACTGACTTATCTAGCTGGCT
3,1,2,ATACAAAAAAAGACAGGAACGCCTTTACTGACTTGAAGATAATCATCCTGTTTTGCATCACAAAAACCGCGGAGAATACTTCCTTTCCCCGGAAGCTGGCGTTATGATCGGATGGGTTTTGCAACAAATCTCACAAGAAAAAGCTTCAACATGCTGACTATGCCACTGGCCTCGACATAA
16,3,13,ATACAAAAAAAGACAGGAACGCCTTTACTGACTTGAAGATAATCATCCTGTTTTGCATCACAAAAACCGCGGAGAATACTTCCTTTCCCCGGAAGCTGGCGTTATGGTCGGATGGGTTTTGCAACAAATCTCACAAGAAAAAGCTTCAACATGCTGACTAAACCGGAAGTTGGCCCCCTG
38,12,26,ATACAAAAAAAGACAGGAACGCCTTTACTGACTTGAAGATAATCATCCTGTTTTGCATCACAAAAACCGCGGAGAATACTTCCTTTCCCCGGAAGCTGGCGTTATGGTCGGATGGGTTTTGCAACAAATCTCACAAGAAAAAGCTTCAACATGCTGACTAACCTCTGAGCACAGCGCGCG
30,14,16,ATACAAAAAAAGACAGGAACGCCTTTACTGACTTGAAGATAATCATCCTGTTTTGCATCACAAAAACCGCGGAGAATACTTCCTTTCCCCGGAAGCTGGCGTTATGGTCGGATGGGTTTTGCAACAAATCTCACAAGAAAAAGCTTCAACATGCTGACTAATGGTAGTTAGGGTAAGGCG
18,5,13,ATACAAAAAAAGACAGGAACGCCTTTACTGACTTGAAGATAATCATCCTGTTTTGCATCACAAAAACCGCGGAGAATACTTCCTTTCCCCGGAAGCTGGCGTTATGGTCGGATGGGTTTTGCAACAAATCTCACAAGAAAAAGCTTCAACATGCTGACTACACGTATTGGTTTGTTCAGA
6,1,5,ATACAAAAAAAGACAGGAACGCCTTTACTGACTTGAAGATAATCATCCTGTTTTGCATCACAAAAACCGCGGAGAATACTTCCTTTCCCCGGAAGCTGGCGTTATGGTCGGATGGGTTTTGCAACAAATCTCACAAGAAAAAGCTTCAACATGCTGACTAGATAGATCCCCCTGATAGGT
10,5,5,ATACAAAAAAAGACAGGAACGCCTTTACTGACTTGAAGATAATCATCCTGTTTTGCATCACAAAAACCGCGGAGAATACTTCCTTTCCCCGGAAGCTGGCGTTATGGTCGGATGGGTTTTGCAACAAATCTCACAAGAAAAAGCTTCAACATGCTGACTAGGGTTAGATCACCGGAATAT
52,3,49,ATACAAAAAAAGACAGGAACGGATTCACTGGGTTAAATATAATCATCCTGCTCTTCATCACAAAAACCGCAGAAAATCCTTCCATTCCCCCGCATGTGTCGTTATGGTCAGATGGTTTTTGGAACAAATCTCGCAATAAAAAGTTGCAACAAACTGACTAAAGTCAGATGGCACCGTTAG
12,0,12,ATACAAAAAAAGACAGGAACGGATTCACTGGGTTAAATATAATCATCCTGCTCTTCATCACAAAAACCGCAGAAAATCCTTCCATTCCCCCGCATGTGTCGTTATGGTCAGATGGTTTTTGGAACAAATCTCGCAATAAAAAGTTGCAACAAACTGACTAACAGGCAAGCATAAGTAAGT
20,1,19,ATACAAAAAAAGACAGGAACGGATTCACTGGGTTAAATATAATCATCCTGCTCTTCATCACAAAAACCGCAGAAAATCCTTCCATTCCCCCGCATGTGTCGTTATGGTCAGATGGTTTTTGGAACAAATCTCGCAATAAAAAGTTGCAACAAACTGACTACGGGCGGGCAATGATAGTAG
16,1,15,ATACAAAAAAAGACAGGAACGGATTCACTGGGTTAAATATAATCATCCTGCTCTTCATCACAAAAACCGCAGAAAATCCTTCCATTCCCCCGCATGTGTCGTTATGGTCAGATGGTTTTTGGAACAAATCTCGCAATAAAAAGTTGCAACAAACTGACTAGGACGGGTTGGTGTCCCCTG
63,0,63,ATACAAAAAAAGACAGGAACGGATTCACTGGGTTAAATATAATCATCCTGCTCTTCATCACAAAAACCGCAGAAAATCCTTCCATTCCCCCGCATGTGTCGTTATGGTCAGATGGTTTTTGGAACAAATCTCGCAATAAAAAGTTGCAACAAACTGACTATATAGGGCCTGTCTCTTATT
11,0,11,ATACAAAAAAAGACAGGAACGGATTCACTGGGTTAAATATAATCATCCTGCTCTTCATCACAAAAACCGCAGAAAATCCTTCCATTCCCCCGCATGTGTCGTTATGGTCAGATGGTTTTTGGAACAAATCTCGCAATAAAAAGTTGCAACAAACTGACTATTTAAACCCGGTTACGGTCA
4,3,1,ATACAAAAAAAGACAGGAACGGATTTACGGGGTTAAATATAATCATCCTGCTTTTCATCACTTAAACCGCAGATAATGCTTCCTTTCCCCGACAGCTGGCGTTATGCTCAGATGGTTTTTGCAACAAATCTCAGAATAAAAAGTTTCAACTTACTGACTATTCCTCCCCACATGCTGGTC
1,1,0,ATACAAAAAAAGACAGGAACGGATTTACGGGGTTAAATATAATCATCCTGCTTTTCATCACTTAAACCGCAGATAATGCTTCCTTTCCCCGGCAGCTGGCGTTATGCTCAGATGGTTTTTGCAACAAATCTCAGAATAAAAAGTTTCAACTTACTGACTAAACACTCACTCATTCATCGT
2,2,0,ATACAAAAAAAGACAGGAACGGATTTACGGGGTTAAATATAATCATCCTGCTTTTCATCACTTAAACCGCAGATAATGCTTCCTTTCCCCGGCAGCTGGCGTTATGCTCAGATGGTTTTTGCAACAAATCTCAGAATAAAAAGTTTCAACTTACTGACTAACGCGTCTTGTATTATAGGG
8,2,6,ATACAAAAAAAGACAGGAACGGATTTACGGGGTTAAATATAATCATCCTGCTTTTCATCACTTAAACCGCAGATAATGCTTCCTTTCCCCGGCAGCTGGCGTTATGCTCAGATGGTTTTTGCAACAAATCTCAGAATAAAAAGTTTCAACTTACTGACTAATCAGTACGTTGGTGCGGCT
17,10,7,ATACAAAAAAAGACAGGAACGGATTTACGGGGTTAAATATAATCATCCTGCTTTTCATCACTTAAACCGCAGATAATGCTTCCTTTCCCCGGCAGCTGGCGTTATGCTCAGATGGTTTTTGCAACAAATCTCAGAATAAAAAGTTTCAACTTACTGACTACAGCTCTTCCACCCTGCGTT
3,1,2,ATACAAAAAAAGACAGGAACGGATTTACGGGGTTAAATATAATCATCCTGCTTTTCATCACTTAAACCGCAGATAATGCTTCCTTTCCCCGGCAGCTGGCGTTATGCTCAGATGGTTTTTGCAACAAATCTCAGAATAAAAAGTTTCAACTTACTGACTACCGTCACAACATTCCTTTCG
13,4,9,ATACAAAAAAAGACAGGAACGGATTTACGGGGTTAAATATAATCATCCTGCTTTTCATCACTTAAACCGCAGATAATGCTTCCTTTCCCCGGCAGCTGGCGTTATGCTCAGATGGTTTTTGCAACAAATCTCAGAATAAAAAGTTTCAACTTACTGACTAGATACGTGAAGTTGCTACTC
4,3,1,ATACAAAAAAAGACAGGAACGGATTTACGGGGTTAAATATAATCATCCTGCTTTTCATCACTTAAACCGCAGATAATGCTTCCTTTCCCCGGCAGCTGGCGTTATGCTCAGATGGTTTTTGCAACAAATCTCAGAATAAAAAGTTTCAACTTACTGACTAGCTTCAGTCTTTTACGAACA
12,0,12,ATACAAAAAAAGACAGGAACGGATTTACTGGGTGAAATATAATCATCCTGCTTTTCTTCACACAAACTTCAGATAATCCTTCCTTTCCGTCGCAGCTGGTGTTATGGTCAGATGGTTTTTGCAACAAATCTCACAATAAAAAGTTTCAAAACTCGGAATAAGGGTCATATGAGGTCATTT
1,1,0,ATACAAAAAAAGACAGGAACGGATTTACTGGGTTAAATATGATCATCCTGCTTTTCAGCACAAAAACGTCAGATAGACCTTCCTTTCCCCGGCGGCTGGCGTTCTGTTCAGATGGTTATTGTCACAAATCTGACAATAAAAAGTTTCAACAAACCGACTAGCCGGAGCATATATGTCATA
3,1,2,ATACAAAAAAAGACAGGAACGGATTTACTGGGTTAAATATGATCATCCTGCTTTTCAGCACAAAAACGTCAGATAGACCTTCCTTTCCCCGGCGGCTGGCGTTCTGTTCAGATGGTTATTGTCACAAATCTGACAATAAAAAGTTTCAACAAACCGACTAGCCTCAGAATTCTTCAGACG
11,8,3,ATACAAAAAAAGACAGGAACGGATTTACTGGGTTAAATATGATCATCCTGCTTTTCAGCACAAAAACGTCAGATAGACCTTCCTTTCCCCGGCGGCTGGCGTTCTGTTCAGATGGTTATTGTCACAAATCTGACAATAAAAAGTTTCAACAAACCGACTATACTGGTAGGCCACCTCCAA
1,1,0,ATACAAAAAAAGACAGGAACGGATTTACTGGGTTAAATATGATCATCCTGCTTTTCAGCACAAAAACGTCAGATAGACCTTCCTTTCCCCGGCGGCTGGCGTTCTGTTCAGATGGTTATTGTCACAAATCTGACAATAAAAAGTTTCAACAAACCGACTATCGGATCAGTTCACATCGGT
3,3,0,ATACAAAAAAAGACAGGAACGGATTTACTGGGTTAAATATGATCATCCTGCTTTTCAGCACAAAAACGTCAGATAGACCTTCCTTTCCCCGGCGGCTGGCGTTCTGTTCAGATGGTTATTGTCACAAATCTGACAATAAAAAGTTTCAACAAACCGACTATGTGACCTGGTATCGAAAAA
6,6,0,ATACAAAAAAAGACAGGAACGGATTTATTGGGTTAAATATAATCATCATGCTTTTCATTACAGAAACCGCAGATAATCCTTCCTTGCCCCGGCAGCTGGCGTTATGGTCAGATGGTTTTTGCGACAAATCTCACAATACAAAGTTTCAACATACTGCCTAAAAAGTTTCTGCCAGTAAGT
3,3,0,ATACAAAAAAAGACAGGAACGGATTTATTGGGTTAAATATAATCATCATGCTTTTCATTACAGAAACCGCAGATAATCCTTCCTTGCCCCGGCAGCTGGCGTTATGGTCAGATGGTTTTTGCGACAAATCTCACAATACAAAGTTTCAACATACTGCCTAACAGTGCTTCATTCGGCATG
12,12,0,ATACAAAAAAAGACAGGAACGGATTTATTGGGTTAAATATAATCATCATGCTTTTCATTACAGAAACCGCAGATAATCCTTCCTTGCCCCGGCAGCTGGCGTTATGGTCAGATGGTTTTTGCGACAAATCTCACAATACAAAGTTTCAACATACTGCCTAACCCGCTAGGACCTTCGATC
3,3,0,ATACAAAAAAAGACAGGAACGGATTTATTGGGTTAAATATAATCATCATGCTTTTCATTACAGAAACCGCAGATAATCCTTCCTTGCCCCGGCAGCTGGCGTTATGGTCAGATGGTTTTTGCGACAAATCTCACAATACAAAGTTTCAACATACTGCCTACCCCGTTTCAGCTTAAAGGG
3,3,0,ATACAAAAAAAGACAGGAACGGATTTATTGGGTTAAATATAATCATCATGCTTTTCATTACAGAAACCGCAGATAATCCTTCCTTGCCCCGGCAGCTGGCGTTATGGTCAGATGGTTTTTGCGACAAATCTCACAATACAAAGTTTCAACATACTGCCTACCTCCCACGTTGAGCTAGAT
9,5,4,ATACAAAAAAAGACAGGAACGGATTTATTGGGTTAAATATAATCATCATGCTTTTCATTACAGAAACCGCAGATAATCCTTCCTTGCCCCGGCAGCTGGCGTTATGGTCAGATGGTTTTTGCGACAAATCTCACAATACAAAGTTTCAACATACTGCCTACTTCCAGGTTGGAGATCACG
2,2,0,ATACAAAAAAAGACAGGAACGGATTTATTGGGTTAAATATAATCATCATGCTTTTCATTACAGAAACCGCAGATAATCCTTCCTTGCCCCGGCAGCTGGCGTTATGGTCAGATGGTTTTTGCGACAAATCTCACAATACAAAGTTTCAACATACTGCCTAGCATTCCTAACTGATGGTCG
1,1,0,ATACAAAAAAAGACAGGAACGGATTTATTGGGTTAAATATAATCATCATGCTTTTCATTACAGAAACCGCAGATAATCCTTCCTTGCCCCGGCAGCTGGCGTTATGGTCAGATGGTTTTTGCGACAAATCTCACAATACAAAGTTTCAACATACTGCCTAGGAGAGTCCCCACTTGTGGG
3,3,0,ATACAAAAAAAGACAGGAACGGATTTATTGGGTTAAATATAATCATCATGCTTTTCATTACAGAAACCGCAGATAATCCTTCCTTGCCCCGGCAGCTGGCGTTATGGTCAGATGGTTTTTGCGACAAATCTCACAATACAAAGTTTCAACATACTGCCTAGGTTCCACGTTGGTCCAAAT
5,5,0,ATACAAAAAAAGACAGGAACGGATTTATTGGGTTAAATATAATCATCATGCTTTTCATTACAGAAACCGCAGATAATCCTTCCTTGCCCCGGCAGCTGGCGTTATGGTCAGATGGTTTTTGCGACAAATCTCACAATACAAAGTTTCAACATACTGCCTATATTAATCCCGGTTGTGGAT
1,1,0,ATACAAAAAAAGACAGGAACGGATTTATTGGGTTAAATATAATCATCATGCTTTTCATTACAGAAACCGCAGATAATCCTTCCTTGCCCCGGCAGCTGGCGTTATGGTCAGATGGTTTTTGCGACAAATCTCACAATACAAAGTTTCAACATACTGCCTATCGGTAGAACTGATCCACGT
3,3,0,ATACAAAAAAAGACAGGAACGGATTTCCTGGGTTAACTATAATCATCCTGCTTTTCGTGAGAAAAACCGCATATAGGCCTTCCTTTCCCCGTCAGCTGGCCTTATGGTTGGATGGTTTCGGCAAAAAATCTCACAACAAAAATTTTCAACATACTCACTACTCAAACGATACCCGTCTTC
10,10,0,ATACAAAAAAAGACAGGAACGTAAGTACTGGGATAAATTTAGTCATCCTGCTTTTCATCTCAAAAACCGCCGATACTCCTTCCGTTCCCCGGCAGCTGGCGGTATGGTCAGAAGGTTTTTGCAACAAATCTCACAATAAAAAGTTTCAACATACTGACTAGTTTTAGTTCCCAGAGCTTG
26,3,23,ATACAAAAAAAGACAGGAACGTAATTACTGGATTAAATATAATCATCCTGCTTATCATCACAAAAACTGCAGATAATCCTTCCTTTCCCCGGCACCTGGAGTTATGGTCAGATGGCTTTTGCAAAAAATCCCACAATAAAAAGTTTGAAAACACTGACCCGATAAAGCTCGTGGCAATCG
3,3,0,ATACAAAAAAAGACAGGAACGTAATTACTTGGTTATATATAATCATCCTGCTTTTCCTCACGAAAACCGCAGATGATCCTTCCTTTCCCCGGCAGCTGGCGCTATGGTCAGATTGTTTCTGCAACAAATCTCACAATAAAATGTTTCAACACACTGACTATCTATTCGAAATTATTCCTA
32,8,24,ATACAAAAAAAGACAGGAACGTACTAACTGGGTTAAATATAATCATCCTGCTTTTCATCACAAAATCCGCAGAGAATCCTTCCTTTCCCCGGCAGCTGGCGTTATGGGTAAATGCTTTTTGCACCAATTCTCACAATAAAAAGTTTCAACATACGGTCTAACAAATGTGCCAACACGGCA
1,1,0,ATACAAAAAAAGACAGGAACGTACTAACTGGGTTAAATATAATCATCCTGCTTTTCATCACAAAATCCGCAGAGAATCCTTCCTTTCCCCGGCAGCTGGCGTTATGGGTAAATGCTTTTTGCACCAATTCTCACAATAAAAAGTTTCAACATACGGTCTAATTTTTACACTTACTGTATT
4,4,0,ATACAAAAAAAGACAGGAACGTACTAACTGGGTTAAATATAATCATCCTGCTTTTCATCACAAAATCCGCAGAGAATCCTTCCTTTCCCCGGCAGCTGGCGTTATGGGTAAATGCTTTTTGCACCAATTCTCACAATAAAAAGTTTCAACATACGGTCTACCTCAAAGACTGTTTCAGGT
13,12,1,ATACAAAAAAAGACAGGAACGTACTAACTGGGTTAAATATAATCATCCTGCTTTTCATCACAAAATCCGCAGAGAATCCTTCCTTTCCCCGGCAGCTGGCGTTATGGGTAAATGCTTTTTGCACCAATTCTCACAATAAAAAGTTTCAACATACGGTCTACTAGCATACCCACAGGACAA
2,2,0,ATACAAAAAAAGACAGGAACGTACTAACTGGGTTAAATATAATCATCCTGCTTTTCATCACAAAATCCGCAGAGAATCCTTCCTTTCCCCGGCAGCTGGCGTTATGGGTAAATGCTTTTTGCACCAATTCTCACAATAAAAAGTTTCAACATACGGTCTAGAAAACCGGGCGCGAATACG
11,10,1,ATACAAAAAAAGACAGGAACGTACTAACTGGGTTAAATATAATCATCCTGCTTTTCATCACAAAATCCGCAGAGAATCCTTCCTTTCCCCGGCAGCTGGCGTTATGGGTAAATGCTTTTTGCACCAATTCTCACAATAAAAAGTTTCAACATACGGTCTAGTCGGTTAATTGTGGCTTGA
2,2,0,ATACAAAAAAAGACAGGAACGTACTAACTGGGTTAAATATAATCATCCTGCTTTTCATCACAAAATCCGCAGAGAATCCTTCCTTTCCCCGGCAGCTGGCGTTATGGGTAAATGCTTTTTGCACCAATTCTCACAATAAAAAGTTTCAACATACGGTCTAGTGTGGCGCCTTTTGATTAT
10,10,0,ATACAAAAAAAGACAGGAACGTACTTACTGGGATAAATACGATCATCCTGCGTTTCCTCACTAAAACCGCAGATGATCCTTCTTTTCCCTGGCAGCTGGCGTCATGGTCAGATGGTTGTTGCAACAAATCTCACAATAAAAAGTTGCAACATACTGACTAAAGTCCCACCAACGTGGATC
13,13,0,ATACAAAAAAAGACAGGAACGTACTTACTGGGATAAATACGATCATCCTGCGTTTCCTCACTAAAACCGCAGATGATCCTTCTTTTCCCTGGCAGCTGGCGTCATGGTCAGATGGTTGTTGCAACAAATCTCACAATAAAAAGTTGCAACATACTGACTAACCCCTCTAAGACTGCAGCG
2,2,0,ATACAAAAAAAGACAGGAACGTACTTACTGGGATAAATACGATCATCCTGCGTTTCCTCACTAAAACCGCAGATGATCCTTCTTTTCCCTGGCAGCTGGCGTCATGGTCAGATGGTTGTTGCAACAAATCTCACAATAAAAAGTTGCAACATACTGACTAAGTGCTCAATAGGAAGGCAC
2,2,0,ATACAAAAAAAGACAGGAACGTACTTACTGGGATAAATACGATCATCCTGCGTTTCCTCACTAAAACCGCAGATGATCCTTCTTTTCCCTGGCAGCTGGCGTCATGGTCAGATGGTTGTTGCAACAAATCTCACAATAAAAAGTTGCAACATACTGACTAGATTAGGTCCGTTTCGTGCC
10,10,0,ATACAAAAAAAGACAGGAACGTACTTACTGGGATAAATACGATCATCCTGCGTTTCCTCACTAAAACCGCAGATGATCCTTCTTTTCCCTGGCAGCTGGCGTCATGGTCCGATGGTTGTTGCAACAAATCTCACAATAAAAAGTTGCAACATACTGACTACACTCGTGCAGGGATTGACG
7,2,5,ATACAAAAAAAGACAGGAACGTACTTACTGGGGTAAATATGTTCATTCTGCTTTTCATCACAAAAACCGCAGATAATCCTTCTTTTCCCTGGCAGGTGACGTTATGGTCAGATGGTGTGTGCACCAAATCTCACAATCAAGAGTTACAACGTACTGACTACCTGTCCTAGGGATGTTTCA
4,1,3,ATACAAAAAAAGACAGGAACGTACTTACTGGGGTAAATATGTTCATTCTGCTTTTCATCACAAAAACCGCAGATAATCCTTCTTTTCCCTGGCAGGTGACGTTATGGTCAGATGGTGTGTGCACCAAATCTCACAATCAAGAGTTACAACGTACTGACTATAAACGAAGGTCGTGATTTC
3,0,3,ATACAAAAAAAGACAGGAACGTACTTACTGGGGTAAATATGTTCATTCTGCTTTTCATCACAAAAACCGCAGATAATCCTTCTTTTCCCTGGCAGGTGACGTTATGGTCAGATGGTGTGTGCACCAAATCTCACAATCAAGAGTTACAACGTACTGACTATCTCCAGGTAAACGGGTGAA
3,3,0,ATACAAAAAAAGACAGGAACGTACTTACTGGGTTAAAAATAATAATCCTGCTTTTCATGATAAGAACCCCAGATAATCCTTCCTGTCCCCCGGTGCTGGCGTTATGGTCAGATGCCTTTTTGCAGAAATCTCGCAATAAAAAGTTTCAACATACTGACTAGTAGTAATTTTGCTACCGCG
2,2,0,ATACAAAAAAAGACAGGAACGTACTTACTGGGTTAAAAATAATAATCCTGCTTTTCATGATAAGAACCCCAGATAATCCTTCCTGTCCCCCGGTGCTGGCGTTATGGTCAGATGCTTTTTGCAGCAAATCTCGCAATAAAAAGTTTCAACATACTGACTAACCTGATGCCGAACGTGCAA
3,3,0,ATACAAAAAAAGACAGGAACGTACTTACTGGGTTAAAAATAATAATCCTGCTTTTCATGATAAGAACCCCAGATAATCCTTCCTGTCCCCCGGTGCTGGCGTTATGGTCAGATGCTTTTTGCAGCAAATCTCGCAATAAAAAGTTTCAACATACTGACTAATCGCTGGTTTAAGGTTGAG
1,1,0,ATACAAAAAAAGACAGGAACGTACTTACTGGGTTAAAAATAATAATCCTGCTTTTCATGATAAGAACCCCAGATAATCCTTCCTGTCCCCCGGTGCTGGCGTTATGGTCAGATGCTTTTTGCAGCAAATCTCGCAATAAAAAGTTTCAACATACTGACTACACTTAAGGTGTGGCCCGAG
1,1,0,ATACAAAAAAAGACAGGAACGTACTTACTGGGTTAAAAATAATAATCCTGCTTTTCATGATAAGAACCCCAGATAATCCTTCCTGTCCCCCGGTGCTGGCGTTATGGTCAGATGCTTTTTGCAGCAAATCTCGCAATAAAAAGTTTCAACATACTGACTACGGGCTATATGCGACATATC
4,4,0,ATACAAAAAAAGACAGGAACGTACTTACTGGGTTAAAAATAATAATCCTGCTTTTCATGATAAGAACCCCAGATAATCCTTCCTGTCCCCCGGTGCTGGCGTTATGGTCAGATGCTTTTTGCAGCAAATCTCGCAATAAAAAGTTTCAACATACTGACTAGACGATCGCGTTACATTCCG
1,1,0,ATACAAAAAAAGACAGGAACGTACTTACTGGGTTAAAAATAATAATCCTGCTTTTCATGATAAGAACCCCAGATAATCCTTCCTGTCCCCCGGTGCTGGCGTTATGGTCAGATGCTTTTTGCAGCAAATCTCGCAATAAAAAGTTTCAACATACTGACTATAGCGGAACAACAAGATATC
9,6,3,ATACAAAAAAAGACAGGAACGTAGTTACTGGGTTAAGTATAATAATCCTGATTTTCATGATAAAAACCGCAGATAATCTTTCCTTTCCCCGGCAGCTGGCGTTATGGTCAGATCTTTTTTGCGACGAATCTAACAATATAAAGTTTCAACATACTGACTAACCAACCAATTCTATACCAG
8,8,0,ATACAAAAAAAGACAGGAACGTAGTTACTGGGTTAAGTATAATAATCCTGATTTTCATGATAAAAACCGCAGATAATCTTTCCTTTCCCCGGCAGCTGGCGTTATGGTCAGATCTTTTTTGCGACGAATCTAACAATATAAAGTTTCAACATACTGACTAATTATGGTGCAGACTAGCTG
6,5,1,ATACAAAAAAAGACAGGAACGTAGTTACTGGGTTAAGTATAATAATCCTGATTTTCATGATAAAAACCGCAGATAATCTTTCCTTTCCCCGGCAGCTGGCGTTATGGTCAGATCTTTTTTGCGACGAATCTAACAATATAAAGTTTCAACATACTGACTAATTTGGGACCTGGGGGACCC
6,5,1,ATACAAAAAAAGACAGGAACGTAGTTACTGGGTTAAGTATAATAATCCTGATTTTCATGATAAAAACCGCAGATAATCTTTCCTTTCCCCGGCAGCTGGCGTTATGGTCAGATCTTTTTTGCGACGAATCTAACAATATAAAGTTTCAACATACTGACTACGAATCTCTGTCATCATGTA
1,0,1,ATACAAAAAAAGACAGGAACGTATATACAGGGTTAAAAATAATCATCCTGCTTTTCCTCGCAGAAACCGCAGATAATGCTTCCTTTCCCCTGCAGCTGGCGTTATTGTCGGAGGGGTCTTGCACCAAATCTCACAATCTAAGGTTTCATCATACTGACTAAGTCACCTAGTTTTCCCCGG
5,5,0,ATACAAAAAAAGACAGGAACGTATATACAGGGTTAAAAATAATCATCCTGCTTTTCCTCGCAGAAACCGCAGATAATGCTTCCTTTCCCCTGCAGCTGGCGTTATTGTCGGAGGGGTCTTGCACCAAATCTCACAATCTAAGGTTTCATCATACTGACTAATGTTCATGGCCTCTATACT
12,5,7,ATACAAAAAAAGACAGGAACGTATATACAGGGTTAAAAATAATCATCCTGCTTTTCCTCGCAGAAACCGCAGATAATGCTTCCTTTCCCCTGCAGCTGGCGTTATTGTCGGAGGGGTCTTGCACCAAATCTCACAATCTAAGGTTTCATCATACTGACTACACCACCCATCGACTCGGTA
1,1,0,ATACAAAAAAAGACAGGAACGTATATACAGGGTTAAAAATAATCATCCTGCTTTTCCTCGCAGAAACCGCAGATAATGCTTCCTTTCCCCTGCAGCTGGCGTTATTGTCGGAGGGGTCTTGCACCAAATCTCACAATCTAAGGTTTCATCATACTGACTACGGACTAACGCGCTGGACAC
8,5,3,ATACAAAAAAAGACAGGAACGTATATACAGGGTTAAAAATAATCATCCTGCTTTTCCTCGCAGAAACCGCAGATAATGCTTCCTTTCCCCTGCAGCTGGCGTTATTGTCGGAGGGGTCTTGCACCAAATCTCACAATCTAAGGTTTCATCATACTGACTACGTCGTTACCATATGTTCAG
2,2,0,ATACAAAAAAAGACAGGAACGTATATACAGGGTTAAAAATAATCATCCTGCTTTTCCTCGCAGAAACCGCAGATAATGCTTCCTTTCCCCTGCAGCTGGCGTTATTGTCGGAGGGGTCTTGCACCAAATCTCACAATCTAAGGTTTCATCATACTGACTAGGATGCATTTTATTCAGTGG
4,1,3,ATACAAAAAAAGACAGGAACGTATATACAGGGTTAAAAATAATCATCCTGCTTTTCCTCGCAGAAACCGCAGATAATGCTTCCTTTCCCCTGCAGCTGGCGTTATTGTCGGAGGGGTCTTGCACCAAATCTCACAATCTAAGGTTTCATCATACTGACTATCAGGGCACCCTTAGCACCC
5,1,4,ATACAAAAAAAGACAGGAACGTATATACAGGGTTAAAAATAATCATCCTGCTTTTCCTCGCAGAAACCGCAGATAATGCTTCCTTTCCCCTGCAGCTGGCGTTATTGTCGGAGGGGTCTTGCACCAAATCTCACAATCTAAGGTTTCATCATACTGACTATCTCGTAATCAATTATCGCG
12,4,8,ATACAAAAAAAGACAGGAACGTATATACAGGGTTAAAAATAATCATCCTGCTTTTCCTCGCAGAAACCGCAGATAATGCTTCCTTTCCCCTGCAGCTGGCGTTATTGTCGGAGGGGTCTTGCACCAAATCTCACAATCTAAGGTTTCATCATACTGACTATCTTCTGTTAAGGCGCGATA
27,7,20,ATACAAAAAAAGACAGGAACGTATATACAGGGTTAAAAATAATCATCCTGCTTTTCCTCGCAGAAACCGCAGATAATGCTTCCTTTCCCCTGCAGCTGGCGTTATTGTCGGAGGGGTCTTGCACCAAATCTCACAATCTAAGGTTTCATCATACTGACTATGCACGACCGTAGCGACTCC
4,1,3,ATACAAAAAAAGACAGGAACGTATATACAGGGTTAAAAATAATCATCCTGCTTTTCCTCGCAGAAACCGCAGATAATGCTTCCTTTCCCCTGCAGCTGGCGTTATTGTCGGAGGGGTCTTGCACCAAATCTCACAATCTAAGGTTTCATCATACTGACTATTACCGTCCCAGGCACCTGG
10,10,0,ATACAAAAAAAGACAGGAACGTATATACAGGGTTAAATATAATCATCCTGCTTGTCATCACAAAAACCGCTGCTAACCCTTCCTAGCCCCGGCAGCTGGCGTTAGGGTCAGATGGTTCTTGCAACAAATCTCACAATAAAAAGTTTCAACATACCTACTAAATAAGGGGCAGACGCGGAT
18,16,2,ATACAAAAAAAGACAGGAACGTATATACAGGGTTAAATATAATCATCCTGCTTGTCATCACAAAAACCGCTGCTAACCCTTCCTAGCCCCGGCAGCTGGCGTTAGGGTCAGATGGTTCTTGCAACAAATCTCACAATAAAAAGTTTCAACATACCTACTAGGGAGGTACGACTATCTCAT
6,4,2,ATACAAAAAAAGACAGGAACGTATATACAGGGTTAAATATAATCATCCTGCTTGTCATCACAAAAACCGCTGCTAACCCTTCCTAGCCCCGGCAGCTGGCGTTAGGGTCAGATGGTTCTTGCAACAAATCTCACAATAAAAAGTTTCAACATACCTACTATTTCCATCCAGTGGGTATGA
3,3,0,ATACAAAAAAAGACAGGAACGTATATACAGGGTTAAATATAATCATCCTGCTTGTCATCACAAAAACCGCTGCTAACCCTTCCTAGCCCCGGCAGCTGGCGTTAGGGTCAGATGGTTCTTGCAACAAATCTCACAATAAAAAGTTTCAACATACCTACTATTTTCGACTCAAGAACAGCC
10,10,0,ATACAAAAAAAGACAGGAACGTATATACTGGGTTAAATATAATCCTCCTGCTTTGCATCACACAAACCGCAGCTGATCCTCCCTTTCCCCGGCAGCTGTCGTTATGGTCCGCTGGTTTTTGTAGCAAATCTCACAATAAAAAGTTTCAACATAATGACTAAGCAACCCAGTCGCGTATAC
1,1,0,ATACAAAAAAAGACAGGAACGTATATACTGGGTTAAATATAATCCTCCTGCTTTGCATCACACAAACCGCAGCTGATCCTCCCTTTCCCCGGCAGCTGTCGTTATGGTCCGCTGGTTTTTGTAGCAAATCTCACAATAAAAAGTTTCAACATAATGACTAATGTCACAATATGATAAGGG
1,1,0,ATACAAAAAAAGACAGGAACGTATATACTGGGTTAAATATAATCCTCCTGCTTTGCATCACACAAACCGCAGCTGATCCTCCCTTTCCCCGGCAGCTGTCGTTATGGTCCGCTGGTTTTTGTAGCAAATCTCACAATAAAAAGTTTCAACATAATGACTAGAACCTTTTCCGTGGATCTA
1,1,0,ATACAAAAAAAGACAGGAACGTATATACTGGGTTAAATATAATCCTCCTGCTTTGCATCACACAAACCGCAGCTGATCCTCCCTTTCCCCGGCAGCTGTCGTTATGGTCCGCTGGTTTTTGTAGCAAATCTCACAATAAAAAGTTTCAACATAATGACTATCGGAGACACTCCAAGTGGC
20,20,0,ATACAAAAAAAGACAGGAACGTATATACTGGGTTAAATATAATCCTCCTGCTTTGCATCACACAAACCGCAGCTGATCCTCCCTTTCCCCTGCAGCTGTCGTTATGGTCCGCTGGTTTTTGTAGCAAATCTCACAATAAAAAGTTTCAACATAATGACTACCTGAGGAGTCGATCTTCCA
14,14,0,ATACAAAAAAAGACAGGAACGTATCTACTGGGTTAAATATAATCATCCTGCTTTTCATCAGAAAAACCGCTGATAATCCTTCGTTGCCCCGGCAGCTGGCGATATGGTCAGATGGTTTTTGCCACGAATCTCACAATTAAAAGCTTCAACCTAATGAGTAAAATTACACAATCTTCCTAA
3,3,0,ATACAAAAAAAGACAGGAACGTATCTACTGGGTTAAATATAATCATCCTGCTTTTCATCAGAAAAACCGCTGATAATCCTTCGTTGCCCCGGCAGCTGGCGATATGGTCAGATGGTTTTTGCCACGAATCTCACAATTAAAAGCTTCAACCTAATGAGTAAATTAGATGGGCTCAGACAT
6,5,1,ATACAAAAAAAGACAGGAACGTATCTACTGGGTTAAATATAATCATCCTGCTTTTCATCAGAAAAACCGCTGATAATCCTTCGTTGCCCCGGCAGCTGGCGATATGGTCAGATGGTTTTTGCCACGAATCTCACAATTAAAAGCTTCAACCTAATGAGTAATTCCCGCCAGTTAGGGTGT
4,4,0,ATACAAAAAAAGACAGGAACGTATCTACTGGGTTAAATATAATCATCCTGCTTTTCATCAGAAAAACCGCTGATAATCCTTCGTTGCCCCGGCAGCTGGCGATATGGTCAGATGGTTTTTGCCACGAATCTCACAATTAAAAGCTTCAACCTAATGAGTACACCAGGCACTTACTCGAAA
3,3,0,ATACAAAAAAAGACAGGAACGTATCTACTGGGTTAAATATAATCATCCTGCTTTTCATCAGAAAAACCGCTGATAATCCTTCGTTGCCCCGGCAGCTGGCGATATGGTCAGATGGTTTTTGCCACGAATCTCACAATTAAAAGCTTCAACCTAATGAGTACCAAAGTCGCGTCGTGGATG
21,5,16,ATACAAAAAAAGACAGGAACGTATCTACTGGGTTAAATATAATCATCCTGCTTTTCATCAGAAAAACCGCTGATAATCCTTCGTTGCCCCGGCAGCTGGCGATATGGTCAGATGGTTTTTGCCACGAATCTCACAATTAAAAGCTTCAACCTAATGAGTACCCTGCATCGTACCGGGGTG
1,1,0,ATACAAAAAAAGACAGGAACGTATCTACTGGGTTAAATATAATCATCCTGCTTTTCATCAGAAAAACCGCTGATAATCCTTCGTTGCCCCGGCAGCTGGCGATATGGTCAGATGGTTTTTGCCACGAATCTCACAATTAAAAGCTTCAACCTAATGAGTAGCGACCTCAGGCACTGACCG
5,5,0,ATACAAAAAAAGACAGGAACGTATCTACTGGGTTAAATATAATCATCCTGCTTTTCATCAGAAAAACCGCTGATAATCCTTCGTTGCCCCGGCAGCTGGCGATATGGTCAGATGGTTTTTGCCACGAATCTCACAATTAAAAGCTTCAACCTAATGAGTAGTCTGAGTTTAGTGAGAGTA
4,4,0,ATACAAAAAAAGACAGGAACGTATCTACTGGGTTAAATATAATCATCCTGCTTTTCATCAGAAAAACCGCTGATAATCCTTCGTTGCCCCGGCAGCTGGCGATATGGTCAGATGGTTTTTGCCACGAATCTCACAATTAAAAGCTTCAACCTAATGAGTATATCTGAGGGGGAGTTTTTC
3,2,1,ATACAAAAAAAGACAGGAACGTATCTACTGGGTTAAATATAATCATCCTGCTTTTCATCAGAAAAACCGCTGATAATCCTTCGTTGCCCCGGCAGCTGGCGATATGGTCAGATGGTTTTTGCCACGAATCTCACAATTAAAAGCTTCAACCTAATGAGTATCCCGTTACGGTGTGGCGCG
2,1,1,ATACAAAAAAAGACAGGAACGTATCTACTGGGTTAAATATAATCATCCTGCTTTTCATCAGAAAAACCGCTGATAATCCTTCGTTGCCCCGGCAGCTGGCGATATGGTCAGATGGTTTTTGCCACGAATCTCACAATTAAAAGCTTCAACCTAATGAGTATGTGGATAACGCGGCGCTGA
12,8,4,ATACAAAAAAAGACAGGAACGTATCTACTGGGTTAAATATAATCATCTTGCTTTTCATGACTAAAACCGACGATAATCCTTCCTTTCCCAGGCAGCTGGCGTTATGGTCAGATGATTTTTGCAACAAGTCTAACAATAAAAAGTTTCAACATACTGACTACTCAATGTTCCGATCGATAT
19,3,16,ATACAAAAAAAGACAGGAACGTATCTACTGGGTTAAATATAATCATCTTGCTTTTCATGACTAAAACCGACGATAATCCTTCCTTTCCCAGGCAGCTGGCGTTATGGTCAGATGATTTTTGCAACAAGTCTAACAATAAAAAGTTTCAACATACTGACTAGATCCAAAGAGGCGATGACG
5,4,1,ATACAAAAAAAGACAGGAACGTATCTACTGGGTTAAATATAATCATCTTGCTTTTCATGACTAAAACCGACGATAATCCTTCCTTTCCCAGGCAGCTGGCGTTATGGTCAGATGATTTTTGCAACAAGTCTAACAATAAAAAGTTTCAACATACTGACTAGTAATCTCGTTGTAGTAAGT
3,0,3,ATACAAAAAAAGACAGGAACGTATCTACTGGGTTAAATATAATCATCTTGCTTTTCATGACTAAAACCGACGATAATCCTTCCTTTCCCAGGCAGCTGGCGTTATGGTCAGATGATTTTTGCAACAAGTCTAACAATAAAAAGTTTCAACATACTGACTAGTACCCTAAGATACGCAGAC
5,2,3,ATACAAAAAAAGACAGGAACGTATCTACTGGGTTACATAAAATTATCCTGCTTTCCATCACAAAAACCGCAGCTGTTCCTTCCTCTCGCCGGCAGCTGGCGTTATGGTCAGATGGTTTTGGCAACGAACCTCACAATAAAAAGTTGCAACATACTGACTAAAAGGTGCACTTGACATTTT
10,2,8,ATACAAAAAAAGACAGGAACGTATCTACTGGGTTACATAAAATTATCCTGCTTTCCATCACAAAAACCGCAGCTGTTCCTTCCTCTCGCCGGCAGCTGGCGTTATGGTCAGATGGTTTTGGCAACGAACCTCACAATAAAAAGTTGCAACATACTGACTAACCAGGGTCCTATGCATGAC
1,1,0,ATACAAAAAAAGACAGGAACGTATCTACTGGGTTACATAAAATTATCCTGCTTTCCATCACAAAAACCGCAGCTGTTCCTTCCTCTCGCCGGCAGCTGGCGTTATGGTCAGATGGTTTTGGCAACGAACCTCACAATAAAAAGTTGCAACATACTGACTAATTTCGGTAAGGTGTCTCAG
1,0,1,ATACAAAAAAAGACAGGAACGTATCTACTGGGTTACATAAAATTATCCTGCTTTCCATCACAAAAACCGCAGCTGTTCCTTCCTCTCGCCGGCAGCTGGCGTTATGGTCAGATGGTTTTGGCAACGAACCTCACAATAAAAAGTTGCAACATACTGACTACAATCGTGCAATGGTAACCG
16,6,10,ATACAAAAAAAGACAGGAACGTATCTACTGGGTTACATAAAATTATCCTGCTTTCCATCACAAAAACCGCAGCTGTTCCTTCCTCTCGCCGGCAGCTGGCGTTATGGTCAGATGGTTTTGGCAACGAACCTCACAATAAAAAGTTGCAACATACTGACTACCTGCACCACCTGCCACTGC
74,5,69,ATACAAAAAAAGACAGGAACGTATCTACTGGGTTACATAAAATTATCCTGCTTTCCATCACAAAAACCGCAGCTGTTCCTTCCTCTCGCCGGCAGCTGGCGTTATGGTCAGATGGTTTTGGCAACGAACCTCACAATAAAAAGTTGCAACATACTGACTACGATTTAGTAAAGTCTGCTA
29,2,27,ATACAAAAAAAGACAGGAACGTATCTACTGGGTTACATAAAATTATCCTGCTTTCCATCACAAAAACCGCAGCTGTTCCTTCCTCTCGCCGGCAGCTGGCGTTATGGTCAGATGGTTTTGGCAACGAACCTCACAATAAAAAGTTGCAACATACTGACTACGCCATTTCAGTGAGTGTGT
1,1,0,ATACAAAAAAAGACAGGAACGTATCTACTGGGTTACATAAAATTATCCTGCTTTCCATCACAAAAACCGCAGCTGTTCCTTCCTCTCGCCGGCAGCTGGCGTTATGGTCAGATGGTTTTGGCAACGAACCTCACAATAAAAAGTTGCAACATACTGACTAGATATCCTATTCGGCTCCGG
7,1,6,ATACAAAAAAAGACAGGAACGTATCTACTGGGTTACATAAAATTATCCTGCTTTCCATCACAAAAACCGCAGCTGTTCCTTCCTCTCGCCGGCAGCTGTCGTTATGGTCAGATGGTTTTGGCAACGAACCTCACAATAAAAAGTTGCAACATACTGACTATTTGTTCGTAGCTAAAGTGT
1,1,0,ATACAAAAAAAGACAGGAACGTATGTACTCCGTTTAATATAATCATGCGGGTGTTCATCACAAAAACCGCAGAGACTCCTTCCTTTCGCCGGCATCTGGCGTAGTGTTCATATATTTTTTGCAACAAATCTCACAATAACAAGTTTCAACATACTGGCTATCTACCGTAAATAACACACT
3,3,0,ATACAAAAAAAGACAGGAACGTATGTACTCCGTTTAATATAATCATGCGGGTGTTCATCACAAAAACCGCAGAGACTCCTTCCTTTCGCCGGCATCTGGCGTAGTGTTCATATGTTTTTTGCAACAAATCTCACAATAACAAGTTTCAACATACTGGCTAAATGCGAGACCTATGCTATA
8,6,2,ATACAAAAAAAGACAGGAACGTATGTACTCCGTTTAATATAATCATGCGGGTGTTCATCACAAAAACCGCAGAGACTCCTTCCTTTCGCCGGCATCTGGCGTAGTGTTCATATGTTTTTTGCAACAAATCTCACAATAACAAGTTTCAACATACTGGCTAACCAATAGATGCCCATCAAG
4,2,2,ATACAAAAAAAGACAGGAACGTATGTACTCCGTTTAATATAATCATGCGGGTGTTCATCACAAAAACCGCAGAGACTCCTTCCTTTCGCCGGCATCTGGCGTAGTGTTCATATGTTTTTTGCAACAAATCTCACAATAACAAGTTTCAACATACTGGCTACAAATAACACCTTGTCAGTG
12,12,0,ATACAAAAAAAGACAGGAACGTATGTACTCCGTTTAATATAATCATGCGGGTGTTCATCACAAAAACCGCAGAGACTCCTTCCTTTCGCCGGCATCTGGCGTAGTGTTCATATGTTTTTTGCAACAAATCTCACAATAACAAGTTTCAACATACTGGCTACCATAATCATTCATATGAAC
3,1,2,ATACAAAAAAAGACAGGAACGTATGTACTCCGTTTAATATAATCATGCGGGTGTTCATCACAAAAACCGCAGAGACTCCTTCCTTTCGCCGGCATCTGGCGTAGTGTTCATATGTTTTTTGCAACAAATCTCACAATAACAAGTTTCAACATACTGGCTACGTAACGAGACTGCTGCGTC
1,1,0,ATACAAAAAAAGACAGGAACGTATGTACTCCGTTTAATATAATCATGCGGGTGTTCATCACAAAAACCGCAGAGACTCCTTCCTTTCGCCGGCATCTGGCGTAGTGTTCATATGTTTTTTGCAACAAATCTCACAATAACAAGTTTCAACATACTGGCTAGGGTTTTCCCGAACGCTAGC
3,3,0,ATACAAAAAAAGACAGGAACGTATGTACTCCGTTTAATATAATCATGCGGGTGTTCATCACAAAAACCGCAGAGACTCCTTCCTTTCGCCGGCATCTGGCGTAGTGTTCATATGTTTTTTGCAACAAATCTCACAATAACAAGTTTCAACATACTGGCTAGGTCCCATAGGGAGTGAAGG
5,3,2,ATACAAAAAAAGACAGGAACGTATGTACTCCGTTTAATATAATCATGCGGGTGTTCATCACAAAAACCGCAGAGACTCCTTCCTTTCGCCGGCATCTGGCGTAGTGTTCATATGTTTTTTGCAACAAATCTCACAATAACAAGTTTCAACATACTGGCTATAGCCGGCTATAGATTATGT
4,2,2,ATACAAAAAAAGACAGGAACGTATGTACTCCGTTTAATATAATCATGCGGGTGTTCATCACAAAAACCGCAGAGACTCCTTCCTTTCGCCGGCATCTGGCGTAGTGTTCATATGTTTTTTGCAACAAATCTCACAATAACAAGTTTCAACATACTGGCTATATACTCTTCGAGAATGCGC
13,13,0,ATACAAAAAAAGACAGGAACGTATGTACTGGGTTAAATATAATCATCCTCCTATTAATCACAAAAAGCGCAGGTAATCCTACCTTTCCCCGGCAGGTGGCGTTATTGGCAGATGGTTTTTGCAACGAATCTCACAATAAACAGTCTCTTCTTACAGACCACGAGGACCCTATTACCCAAT
2,2,0,ATACAAAAAAAGACAGGAACGTATGTACTGGGTTAAATATAATCATCCTCCTATTAATCACAAAAAGCGCAGGTAATCCTACCTTTCCCCGGCAGGTGGCGTTATTGGCAGATGGTTTTTGCAACGAATCTCACAATAAACAGTCTCTTCTTACAGACCAGCTTTTCTTATCAAAACCCA
11,8,3,ATACAAAAAAAGACAGGAACGTATGTACTGGGTTAAATATAATCATCCTCCTATTAATCACAAAAAGCGCAGGTAATCCTACCTTTCCCCGGCAGGTGGCGTTATTGGCAGATGGTTTTTGCAACGAATCTCACAATAAACAGTCTCTTCTTACAGACCATGCGGATCGCTTGCAAACTA
6,6,0,ATACAAAAAAAGACAGGAACGTATGTACTGGGTTAAATATAATCATCCTCCTATTAATCACAAAAAGCGCAGGTAATCCTACCTTTCCCCGGCAGGTGGCGTTATTGGCAGATGGTTTTTGCAACGAATCTCACAATAAACAGTCTCTTCTTACAGACCATGTTTGGGCCATTGTCGACG
6,3,3,ATACAAAAAAAGACAGGAACGTATGTACTGTGTCAAATATCGTCACGCTGCTTTCCACGATGAAAACCGCAGATAATCCTTGCATTCCCCAGCAGCTTGCGTTATGGGCAGATGGACTTTGCAACACATCACCAAATAAAATGTTTCAAAATCCTGAGTGGGCTACCGGGGCCGTGGAGA
3,0,3,ATACAAAAAAAGACAGGAACGTATGTACTGTGTCAAATATCGTCACGCTGCTTTCCACGATGAAAACCGCAGATAATCCTTGCATTCCCCGGCAGCTTGCGTTATGGGCAGATGGACTTTGCAACACATCACCAAATAAAATGTTTCAAAATCCTGAGTGACAAACCCGCTGTTACTAAC
2,0,2,ATACAAAAAAAGACAGGAACGTATGTACTGTGTCAAATATCGTCACGCTGCTTTCCACGATGAAAACCGCAGATAATCCTTGCATTCCCCGGCAGCTTGCGTTATGGGCAGATGGACTTTGCAACACATCACCAAATAAAATGTTTCAAAATCCTGAGTGCCGGTGCGACATGCGGAGGT
11,6,5,ATACAAAAAAAGACAGGAACGTATGTACTGTGTCAAATATCGTCACGCTGCTTTCCACGATGAAAACCGCAGATAATCCTTGCATTCCCCGGCAGCTTGCGTTATGGGCAGATGGACTTTGCAACACATCACCAAATAAAATGTTTCAAAATCCTGAGTGCGCCGAAGGATCAGGTTCTA
3,3,0,ATACAAAAAAAGACAGGAACGTATGTACTGTGTCAAATATCGTCACGCTGCTTTCCACGATGAAAACCGCAGATAATCCTTGCATTCCCCGGCAGCTTGCGTTATGGGCAGATGGACTTTGCAACACATCACCAAATAAAATGTTTCAAAATCCTGAGTGGGTTTCGGCCTTAAGTGGTG
12,9,3,ATACAAAAAAAGACAGGAACGTATGTACTGTGTCAAATATCGTCACGCTGCTTTCCACGATGAAAACCGCAGATAATCCTTGCATTCCCCGGCAGCTTGCGTTATGGGCAGATGGACTTTGCAACACATCACCAAATAAAATGTTTCAAAATCCTGAGTGGTTCCGATAGATATACATCC
3,3,0,ATACAAAAAAAGACAGGAACGTATGTACTGTGTCAAATATCGTCACGCTGCTTTCCACGATGAAAACCGCAGATAATCCTTGCATTCCCCGGCAGCTTGCGTTATGGGCAGATGGACTTTGCAACACATCACCAAATAAAATGTTTCAAAATCCTGAGTGTCATCTGCATGCGGTTACCG
7,7,0,ATACAAAAAAAGACAGGAACGTATGTACTGTGTCAAATATCGTCACGCTGCTTTCCACGATGAAAACCGCAGATAATCCTTGCATTCCCCGGCAGCTTGCGTTATGGGCAGATGGACTTTGCAACACATCACCAAATAAAATGTTTCAAAATCCTGAGTGTGACAAACTGCCACTGAGCA
3,3,0,ATACAAAAAAAGACAGGAACGTATGTACTGTGTCAAATATCGTCACGCTGCTTTCCACGATGAAAACCGCAGATAATCCTTGCATTCCCCGGCAGCTTGCGTTATGGGCAGATGGACTTTGCAACACATCACCAAATAAAATGTTTCAAAATCCTGAGTGTTAGATAATGTGGTTCGCTA
13,12,1,ATACAAAAAAAGACAGGAACGTATGTACTGTGTCAAATATCGTCACGCTGCTTTCCACGATGAAAACCGCAGATAATCCTTGCATTCCCCGGCAGCTTGTGTTATGGGCAGATGGACTTTGCAACACATCACCAAATAAAATGTTTCAAAATCCTGAGTGTCCCACAGGAGGGTCGACGT
3,3,0,ATACAAAAAAAGACAGGAACGTATTAACTGGGTTAAATATAATCATCCTGGTTTTCAGCACAAAAACCGCAGATCATCCCTCCTTTCCCCGGCAGCTGACGTTAAGGTCAGATGGTTTTTGCACCAAATCTCACAACAAAAAGTTCGAACATACGTATTAAATCGGTCAGTGCTCTCCAG
1,1,0,ATACAAAAAAAGACAGGAACGTATTAACTGGGTTAAATATAATCATCCTGGTTTTCAGCACAAAAACCGCAGATCATCCCTCCTTTCCCCGGCAGCTGACGTTAAGGTCAGATGGTTTTTGCACCAAATCTCACAACAAAAAGTTCGAACATACGTATTAACAGGCTTCTAACTACTAAG
3,3,0,ATACAAAAAAAGACAGGAACGTATTAACTGGGTTAAATATAATCATCCTGGTTTTCAGCACAAAAACCGCAGATCATCCCTCCTTTCCCCGGCAGCTGACGTTAAGGTCAGATGGTTTTTGCACCAAATCTCACAACAAAAAGTTCGAACATACGTATTACCCCCCGTGTTCTGTAGTCG
14,14,0,ATACAAAAAAAGACAGGAACGTATTAACTGGGTTAAATATAATCATCCTGGTTTTCAGCACAAAAACCGCAGATCATCCCTCCTTTCCCCGGCAGCTGACGTTAAGGTCAGATGGTTTTTGCACCAAATCTCACAACAAAAAGTTCGAACATACGTATTATCGGGTTCTTACGATTCGCT
2,0,2,ATACAAAAAAAGACAGGAACGTATTAACTGGGTTAAATATAATCATCCTGGTTTTCAGCACAAAAACCGCAGATCATCCCTCCTTTCCCCGGCAGCTGACGTTAAGTTCAGATGGTTTTTGCACCAAATCTCACAACAAAAAGTTCGAACATACGTATTAGAAAGGGTATCGGTCTGTTT
2,2,0,ATACAAAAAAAGACAGGAACGTATTCAATGAGTTAAATGTAATCATCCTGCTTTTCATCCCAAAAACCGCAGATAATCGGTCCTTTGCCCGGCAGATGGCGTTATGGTCAGATGGTTTTTGCAACAAATCTTACAATAAAAAGCTTCAAGGTACTTACTATGTGGTCGGTCGCATACAGT
7,1,6,ATACAAAAAAAGACAGGAACGTATTCACTAGGTTAAATATAATCATCTTGCTTTTCATCACAAAAACCGCAGATATTCCTTCCTTTCCCCGTCAGCTAGCGTTATCGTCAGATGGTTTTTGCAACAAATGTCTCAAAAAAAAGTTTCAACATACTGACTAACCGATCCATACTAGCGCGT
7,0,7,ATACAAAAAAAGACAGGAACGTATTCACTAGGTTAAATATAATCATCTTGCTTTTCATCACAAAAACCGCAGATATTCCTTCCTTTCCCCGTCAGCTAGCGTTATCGTCAGATGGTTTTTGCAACAAATGTCTCAAAAAAAAGTTTCAACATACTGACTACCATCGGCGGAACTTTGATG
6,0,6,ATACAAAAAAAGACAGGAACGTATTCACTAGGTTAAATATAATCATCTTGCTTTTCATCACAAAAACCGCAGATATTCCTTCCTTTCCCCGTCAGCTAGCGTTATCGTCAGATGGTTTTTGCAACAAATGTCTCAAAAAAAAGTTTCAACATACTGACTAGGCAATAGGATCCGGGTATT
26,7,19,ATACAAAAAAAGACAGGAACGTATTCACTAGGTTAAATATAATCATCTTGCTTTTCATCACAAAAACCGCAGATATTCCTTCCTTTCCCCGTCAGCTAGCGTTATCGTCAGATGGTTTTTGCAACAAATGTCTCAAAAAAAAGTTTCAACATACTGACTATTACGATCATGATTCCTTAT
16,16,0,ATACAAAAAAAGACAGGAACGTATTCTCTGCGTTAAATACAATCGTCCAGCTTTTCATAGCGAAAACCGAAGATCATCCTGCCTTTCTCCGGCAGCATGCGCTACGGTCAGATGGTTTTTGGAACAGATTTCAGAATAAAAAGTTTCAATATCCCGACAACCAAGTCATTCGGAAGGTGC
5,5,0,ATACAAAAAAAGACAGGAACGTATTCTCTGGGTTAAATACAATCGTCCAGCTTTTCATAGCGAAAACCGAAGATCATCCTGCCTTTCTCCGGCAGCATGCGCTACGGTCAGATGGTTTTTGGAACAGATCTCACAATAAAAAGTTTCAATATCCCGACAAACGACAATCTAAATCAAGGC
8,8,0,ATACAAAAAAAGACAGGAACGTATTGACTGGGGTAAATATCATCATCCTGCTTTTCATCATAAAGACCGCTGATAATCTGTCCTTTCCCCGGCAGCTGGCGTTATGGTCAGATTGTTTTTGCCACAAATCTCACAATAAAACGGTCCCACATACTGACTAAAACGCTTCAGCTCACCACC
7,7,0,ATACAAAAAAAGACAGGAACGTATTGACTGGGGTAAATATCATCATCCTGCTTTTCATCATAAAGACCGCTGATAATCTGTCCTTTCCCCGGCAGCTGGCGTTATGGTCAGATTGTTTTTGCCACAAATCTCACAATAAAACGGTCCCACATACTGACTAAAGCGTTGATGAAACAAGTA
3,3,0,ATACAAAAAAAGACAGGAACGTATTGACTGGGGTAAATATCATCATCCTGCTTTTCATCATAAAGACCGCTGATAATCTGTCCTTTCCCCGGCAGCTGGCGTTATGGTCAGATTGTTTTTGCCACAAATCTCACAATAAAACGGTCCCACATACTGACTAAGACACGTACGTTCCCTGCC
1,1,0,ATACAAAAAAAGACAGGAACGTATTGACTGGGGTAAATATCATCATCCTGCTTTTCATCATAAAGACCGCTGATAATCTGTCCTTTCCCCGGCAGCTGGCGTTATGGTCAGATTGTTTTTGCCACAAATCTCACAATAAAACGGTCCCACATACTGACTAAGTACGAGCTGTTATCTGGA
2,2,0,ATACAAAAAAAGACAGGAACGTATTGACTGGGGTAAATATCATCATCCTGCTTTTCATCATAAAGACCGCTGATAATCTGTCCTTTCCCCGGCAGCTGGCGTTATGGTCAGATTGTTTTTGCCACAAATCTCACAATAAAACGGTCCCACATACTGACTAATTATATAGGCACGTTTGAT
4,3,1,ATACAAAAAAAGACAGGAACGTATTGACTGGGGTAAATATCATCATCCTGCTTTTCATCATAAAGACCGCTGATAATCTGTCCTTTCCCCGGCAGCTGGCGTTATGGTCAGATTGTTTTTGCCACAAATCTCACAATAAAACGGTCCCACATACTGACTAATTGCACTAGCCCGAGCGGG
6,6,0,ATACAAAAAAAGACAGGAACGTATTGACTGGGGTAAATATCATCATCCTGCTTTTCATCATAAAGACCGCTGATAATCTGTCCTTTCCCCGGCAGCTGGCGTTATGGTCAGATTGTTTTTGCCACAAATCTCACAATAAAACGGTCCCACATACTGACTACCCTTAAGGGCTCCAAATCG
2,2,0,ATACAAAAAAAGACAGGAACGTATTGACTGGGGTAAATATCATCATCCTGCTTTTCATCATAAAGACCGCTGATAATCTGTCCTTTCCCCGGCAGCTGGCGTTATGGTCAGATTGTTTTTGCCACAAATCTCACAATAAAACGGTCCCACATACTGACTAGCTGGTTGAAGGGTAAACGA
14,1,13,ATACAAAAAAAGACAGGAACGTATTGACTGGGTTAACTCTGATCATCCAGCTTATCATCACAAAAATCGCAGAAATTCCTTCCTTTCCCCGGGAGCTGGGGTTATGGTCAGTTGGTTTTTGCAACAAAACTCACAATAAAAAGTTTCAACCTACTGACTACTTTCTGTTAATTTTTGAAC
58,4,54,ATACAAAAAAAGACAGGAACGTATTGACTGGGTTAACTGTGATCATCCAGCTTATCATCACAAAAATCGCAGAAATTCCTTCCTTTCCCCGGGAGCTGGGGTTATGGTCAGTTGGTTTTTGCAACAAAACTCACAATAAAAAGTTTCAACCTACTGACTAACTAGCGAGACCTGGTTCCT
5,1,4,ATACAAAAAAAGACAGGAACGTATTGACTGGGTTAACTGTGATCATCCAGCTTATCATCACAAAAATCGCAGAAATTCCTTCCTTTCCCCGGGAGCTGGGGTTATGGTCAGTTGGTTTTTGCAACAAAACTCACAATAAAAAGTTTCAACCTACTGACTAATAGTGATGCCATTATATTC
97,19,78,ATACAAAAAAAGACAGGAACGTATTGACTGGGTTAACTGTGATCATCCAGCTTATCATCACAAAAATCGCAGAAATTCCTTCCTTTCCCCGGGAGCTGGGGTTATGGTCAGTTGGTTTTTGCAACAAAACTCACAATAAAAAGTTTCAACCTACTGACTAGTCCGCGTGTGGGGTGTTGG
3,1,2,ATACAAAAAAAGACAGGAACGTATTTAATCGGTTAAGTATAATCATCCTGCCTTTCATCGCAAAGACCGCAGATAATCCTTCCCTTCCCCGGCAATTGGCGTTAGGGTCAGATGGTTTTTGTAACAAATCTCCCAATAAAAAGTTTCAACATACTGGCTAAGGTTAACGTTGGTTCTGTT
4,2,2,ATACAAAAAAAGACAGGAACGTATTTAATCGGTTAAGTATAATCATCCTGCCTTTCATCGCAAAGACCGCAGATAATCCTTCCCTTCCCCGGCAATTGGCGTTAGGGTCAGATGGTTTTTGTAACAAATCTCCCAATAAAAAGTTTCAACATACTGGCTACCCTCACTAGGTGAAACTTA
6,6,0,ATACAAAAAAAGACAGGAACGTATTTAATCGGTTAAGTATAATCATCCTGCCTTTCATCGCAAAGACCGCAGATAATCCTTCCCTTCCCCGGCAATTGGCGTTAGGGTCAGATGGTTTTTGTAACAAATCTCCCAATAAAAAGTTTCAACATACTGGCTAGCCTCCATATACAAGATTTT
10,0,10,ATACAAAAAAAGACAGGAACGTATTTAATCGGTTAAGTATAATCATCCTGCCTTTCATCGCAAAGACCGCAGATAATCCTTCCCTTCCCCGGCAATTGGCGTTAGGGTCAGATGGTTTTTGTAACAAATCTCCCAATAAAAAGTTTCAATATACTGGCTATTTTTCACCCGTGTGGTGCT
2,1,1,ATACAAAAAAAGACAGGAACGTATTTAATGGGTTAAATATAATCATCCTGCTTTTCATCACAAAAACCGCAGACAATCCTTCCTTTCCCCGGCAGCTGGCGTTACGGTCAGATGGTTATTGCAGTAAATCTCACAATAAAAAGTTTCAACATACTAACTTATCGACCGTATCCCACCTCA
12,7,5,ATACAAAAAAAGACAGGAACGTATTTAATGGGTTAAATATAATCATCCTGCTTTTCATCACAAAAACCGCAGACAATCCTTCCTTTCCCCGGCAGCTGGCGTTACGGTCAGATGGTTATTGCAGTAAATCTCACAATAAAAAGTTTCAACATACTAACTTATCTAGACATGGGCCGATGG
1,1,0,ATACAAAAAAAGACAGGAACGTATTTAATGGGTTAAATATAATCATCCTGCTTTTCATCACAAAAACCGCAGACAATCCTTCCTTTCCCCGGCAGCTGGCGTTACGGTCAGATGGTTATTGCAGTAAATCTCACAATAAAAAGTTTCAACATACTAACTTTCGATCCGTTCTTGCTTTTC
7,3,4,ATACAAAAAAAGACAGGAACGTATTTAATGGGTTAAATATAATCATCCTGCTTTTCATCACAAAAACCGCAGACAATCCTTCCTTTCCCCGGCAGCTGGCGTTACGGTCAGATGGTTATTGCAGTAAATCTCACAATAAAAAGTTTCAACATACTAACTTTTTCCACCTAGTTCATCTCT
6,1,5,ATACAAAAAAAGACAGGAACGTATTTAATGGGTTTACTATAACCATCCTGCGTTTCATAAAAAAACCGGCAAATAATCCTTCCATCCCCCGGCAGCTGTAGTTATGGTAAGATGGTTTATGCAACAAATCTCAAAATAAAAAGTTTCAACTTGCTGACTAGCGTGCGTATTCAAGTAAGG
3,3,0,ATACAAAAAAAGACAGGAACGTATTTACCGGGCTAAATAAAATCATCCTGCTTTTCATCATAAAACCCGCAGATAATCCTTCCCTTCCCAGGCAGCTGGCGTTAAGGTCAGATGGTTTTTGCAACAAATCTCACCATAAAAAGTTTAAACATACTGACTAATGTCTATTTTTCAATCATT
17,14,3,ATACAAAAAAAGACAGGAACGTATTTACCGGGCTAAATAAAATCATCCTGCTTTTCATCATAAAACCCGCAGATAATCCTTCCCTTCCCAGGCAGCTGGCGTTAAGGTCAGATGGTTTTTGCAACAAATCTCACCATAAAAAGTTTAAACATACTGACTACACTCAACATTCAAACAGTG
4,1,3,ATACAAAAAAAGACAGGAACGTATTTACCGGGTGAAATAAAATCATCCCGCTTTACATCACAAAATCCGTAGATCCTACTTCCGTTCCCCGGAAGCTGGAGTTATGGTCAGATGGTTTTTGCAACAGATAGCACAATAAATAGTCTCTACACACGGTCTACGGATGCTCTCAAAAGCCAA
9,2,7,ATACAAAAAAAGACAGGAACGTATTTACCGGGTGAAATAAAATCATCCCGCTTTACATCACAAAATCCGTAGATCCTACTTCCGTTCCCCGGAAGCTGGAGTTATGGTCAGATGGTTTTTGCAACAGATAGCACAATAAATAGTCTCTACACACGGTCTATCCATCTATGTTACACACGG
7,7,0,ATACAAAAAAAGACAGGAACGTATTTACTAGGTAAAATATAATCAGCCTGCTTTACATTACAAAAACCGCTGATAATCCTTCCTTCCCCCGGCATCTGGCGTTATGGCCAGATGGGTTTTGCAACACATCTCACATGAAAAAGTTGCGCCATACTGACTAAAAAATCGTCAATGTGAAGG
2,2,0,ATACAAAAAAAGACAGGAACGTATTTACTAGGTAAAATATAATCAGCCTGCTTTACATTACAAAAACCGCTGATAATCCTTCCTTCCCCCGGCATCTGGCGTTATGGCCAGATGGGTTTTGCAACACATCTCACATGAAAAAGTTGCGCCATACTGACTACTGTTAAAAAAACTCTGATG
2,2,0,ATACAAAAAAAGACAGGAACGTATTTACTAGGTAAAATATAATCAGCCTGCTTTACATTACAAAAACCGCTGATAATCCTTCCTTCCCCCGGCATCTGGCGTTATGGCCAGATGGGTTTTGCAACACATCTCACATGAAAAAGTTGCGCCATACTGACTATGCACCTTATTTACGTGCGC
10,9,1,ATACAAAAAAAGACAGGAACGTATTTACTAGGTAAAATATAATCAGCCTGCTTTACATTACAAAAACCGCTGATAATCCTTCCTTCCCCCGGCATCTGGCGTTATGGCCAGATGGGTTTTGCAACACATCTCACATGAAAAAGTTGCGCCATACTGACTATTAACTCGTCGTGATTGGGC
8,8,0,ATACAAAAAAAGACAGGAACGTATTTACTAGGTTAAATTTAATCATCCTGCTTTTCATCCCAAAAGCCGCAGATAATCCCTCCTTTCCCCGGCAGCTGGCGTTATGGTCAGATTGTGTTTGCAACCAATCTCACAATAAAAAGCTTCAACATAATGATAAGCTGTTTCTACATGAACGAA
7,3,4,ATACAAAAAAAGACAGGAACGTATTTACTAGGTTAACTCTAAACATAATGCTTTTCATCACACAAACCGCAGATAATCATTCATTTCCCCGGCAGCTGGCGTTATGGTCAGAGGGTTTTTGTACCAAATCTCCCAATAAAAAGTATCAACATGCTGATTAGGGAACGGGAGGTAACAGGT
5,0,5,ATACAAAAAAAGACAGGAACGTATTTACTAGGTTGAAGATAATCATCATGCTTTACATCACAAAAACCGCAGAGAATCCTACCTTTCCCCTGCAGCTGGCGTTATGGTCAGATGGTTTTTCCAACAAATCTCACTATAAAAAGTGTCAACATACTGACTATCCTTGAGCATTAACGTTTC
4,4,0,ATACAAAAAAAGACAGGAACGTATTTACTCGGTCAAATATACCCATCCTTCTTTTCATATCATAAACCGCAGATAATCCTTTCTTTCCCGGGCAGCTAGGGTTGTGGTCAGATGGTTTTCGCAACAAATCTCACAATAAAAAATTTCAACATACTGACTAGGAGTTTTTGTCATGAGAGA
1,1,0,ATACAAAAAAAGACAGGAACGTATTTACTCGGTCAAATATACCCATCCTTCTTTTCATATCATAAACCGCAGATAATCCTTTCTTTCCCGGGCAGCTAGGGTTGTGGTCAGATGGTTTTCGCAACAAATCTCACAATAAAAAGTTTCAACATACTGACTAATAGATTGACGGGTAGGGTT
1,1,0,ATACAAAAAAAGACAGGAACGTATTTACTCGGTCAAATATACCCATCCTTCTTTTCATATCATAAACCGCAGATAATCCTTTCTTTCCCGGGCAGCTAGGGTTGTGGTCAGATGGTTTTCGCAACAAATCTCACAATAAAAAGTTTCAACATACTGACTAGAATGACCGGCCTGCCGGCG
6,6,0,ATACAAAAAAAGACAGGAACGTATTTACTCGGTCAAATATACCCATCCTTCTTTTCATATCATAAACCGCAGATAATCCTTTCTTTCCCGGGCAGCTAGGGTTGTGGTCAGATGGTTTTCGCAACAAATCTCACAATAAAAAGTTTCAACATACTGACTAGACACGAATTACACATTCAG
16,16,0,ATACAAAAAAAGACAGGAACGTATTTACTCGGTCAAATATACCCATCCTTCTTTTCATATCATAAACCGCAGATAATCCTTTCTTTCCCGGGCAGCTAGGGTTGTGGTCAGATGGTTTTCGCAACAAATCTCACAATAAAAAGTTTCAACATACTGACTATGTCCAAGGCACAGCCACTA
12,12,0,ATACAAAAAAAGACAGGAACGTATTTACTCGGTCAAATATACCCATCCTTCTTTTCATATCATAAACCGCAGATAATCCTTTCTTTCCCGGGCAGCTAGGGTTGTGGTCAGATGGTTTTCGCAACAAATCTCACAATAAAAAGTTTCAACATACTGACTATTGAATGGAGGGTCTCTTGT
13,13,0,ATACAAAAAAAGACAGGAACGTATTTACTCGGTCAAATATACCCATCCTTCTTTTCATATCATAAACCGCAGATAATCCTTTCTTTCCCGGGCAGCTAGGGTTGTGGTCAGATGGTTTTCGCAACAAATCTCACAATAAAAAGTTTCAACATACTGACTATTGGCTCCTGCTTGTTGATC
18,6,12,ATACAAAAAAAGACAGGAACGTATTTACTCGGTGAAATATAATGATGCTGCGTTTCATCACAAAATCCTCATGTAATCCTTCCTTTCCCTGGCAGCAGTCGTTATGGTCAGATGGTTTTTGCAACAAATCTCACAATTCAAAGTTTCAAGATACTTAGTTCCTTAAGTGTACGTGACAAG
3,3,0,ATACAAAAAAAGACAGGAACGTATTTACTGAGTAAAGTATAATCATCGTGTTTTTCATCACAACAAGAGCAGATAATCCTATCTTTCCCCGGCAGCAGGCTTTATGGTCAGATGTTTTTTGCACCAAACCTCACGATAACACATTTCAACATACTGACTTAGGGTACAAAAGATCTATGT
1,1,0,ATACAAAAAAAGACAGGAACGTATTTACTGAGTAAAGTATAATCATCGTGTTTTTCATCACAACAAGAGCAGATAATCCTATCTTTCCCCGGCAGCAGGCTTTATGGTCAGATGTTTTTTGCACCAAACCTCACGATAACACATTTCAACATACTGACTTATCAATAGACCGGAGACGCG
2,2,0,ATACAAAAAAAGACAGGAACGTATTTACTGAGTAAAGTATAATCATCGTGTTTTTCATCACAACAAGAGCAGATAATCCTATCTTTCCCCGGCAGCAGGCTTTATGGTCAGATGTTTTTTGCACCAAACCTCACGATAACACATTTCAACATACTGACTTGGTAAGTCTTTGACTTTGAG
2,1,1,ATACAAAAAAAGACAGGAACGTATTTACTGAGTAAAGTATAATCATCGTGTTTTTCATCACAACAAGAGCAGATAATCCTATCTTTCCCCGGCAGCAGGCTTTATGGTCAGATGTTTTTTGCACCAAACCTCACGATAACACATTTCAACATACTGACTTTCGACATTTCTCGCTGGAAC
9,2,7,ATACAAAAAAAGACAGGAACGTATTTACTGAGTTAAATATAATCATCCTGCATGTCATCACAAAAACCCCATATAGTCCTACCCTTCCCCGGCAGGTAGCGTTATGATCAAATTGTTTTTGCAAAAAATCTCACAATAAAAAGTTTCAACATATTGACGAAGTTTAAGTACCAGATCCTA
4,2,2,ATACAAAAAAAGACAGGAACGTATTTACTGAGTTAAATATAATCATCCTGCATGTCATCACAAAAACCCCATATAGTCCTACCCTTCCCCGGCAGGTAGCGTTATGATCAAATTGTTTTTGCAAAAAATCTCACAATAAAAAGTTTCAACATATTGACGACAAATCGCCCTTCCGAACGG
5,4,1,ATACAAAAAAAGACAGGAACGTATTTACTGCGTTGAATAAAACCATCCTGCTGTTCCTCACAAAAACCGCAGATAATCCTTCCTTGCCCCGGCAGCTGGCGTGACGGTAACATGGTTTTTGAAACAAATCTAACAATAAAATGTTTCAACATACTGACTACCCAAGGCGCCTGTCCAGTC
20,19,1,ATACAAAAAAAGACAGGAACGTATTTACTGCGTTGAATAAAACCATCCTGCTGTTCCTCACAAAAACCGCAGATAATCCTTCCTTGCCCCGGCAGCTGGCGTGACGGTAACATGGTTTTTGAAACAAATCTAACAATAAAATGTTTCAACATACTGACTACTCTTCTCCAATTACTTGGT
7,2,5,ATACAAAAAAAGACAGGAACGTATTTACTGCGTTGAATAAAACCATCCTGCTGTTCCTCACAAAAACCGCAGATAATCCTTCCTTGCCCCGGCAGCTGGCGTGACGGTAACATGGTTTTTGAAACAAATCTAACAATAAAATGTTTCAACATACTGACTACTTTGTTGCAGATCCCCCAC
2,2,0,ATACAAAAAAAGACAGGAACGTATTTACTGCGTTGAATAAAACCATCCTGCTGTTCCTCACAAAAACCGCAGATAATCCTTCCTTGCCCCGGCAGCTGGCGTGACGGTAACATGGTTTTTGAAACAAATCTAACAATAAAATGTTTCAACATACTGACTATACCATAGGCTACGACGAGA
3,3,0,ATACAAAAAAAGACAGGAACGTATTTACTGCGTTGAATAAAACCATCCTGCTGTTCCTCACAAAAACCGCAGATAATCCTTCCTTGCCCCGGCAGCTGGCGTGACGGTAACATGGTTTTTGAAACAAATCTAACAATAAAATGTTTCAACATACTGACTATCTACGCAAAATTCCACTCG
21,5,16,ATACAAAAAAAGACAGGAACGTATTTACTGCTTTAAATATAATCATCCTGCTTTTCATCACAAAAAGTGCAGATAATCCTTCCTTTCCCCGACACCTGGCGTTATGCTCCGATGGTATTTGCAGGAAATCTCACCATAAAAAGTTTCAAAATATTGCGTATACACAGATTGAGGTCACCG
10,2,8,ATACAAAAAAAGACAGGAACGTATTTACTGCTTTAAATATAATCATCCTGCTTTTCATCACAAAAAGTGCAGATAATCCTTCCTTTCCCCGACACCTGGCGTTATGCTCCGATGGTATTTGCAGGAAATCTCACCATAAAAAGTTTCAAAATATTGCGTATCCTGGCTACGGTCACGTAG
30,4,26,ATACAAAAAAAGACAGGAACGTATTTACTGCTTTAAATATAATCATCCTGCTTTTCATCACAAAAAGTGCAGATAATCCTTCCTTTCCCCGACACCTGGCGTTATGCTCCGATGGTATTTGCAGGAAATCTCACCATAAAAAGTTTCAAAATATTGCGTATTTGCACTAAGTGGGCTTAC
24,8,16,ATACAAAAAAAGACAGGAACGTATTTACTGGATCAAATATAATCATCCTGCTTTTCGTCACAAAAACCGCCGATAATCCTTCGTTTTTCCGGCAGTTGGCGTTAGGGTCAGATCGTTTTTGCAACAAATCTCACTATAAAAAGTTTCAACATATTGACTACATATCTGGGGCATAGCGCC
3,3,0,ATACAAAAAAAGACAGGAACGTATTTACTGGATCAAATATAATCATCCTGCTTTTCGTCACAAAAACCGCCGATAATCCTTCGTTTTTCCGGCAGTTGGCGTTAGGGTCAGATCGTTTTTGCAACAAATCTCACTATAAAAAGTTTCAACATATTGACTATAAGCCGTAATTAAAGGGAA
12,12,0,ATACAAAAAAAGACAGGAACGTATTTACTGGCTGAAATATAAACTTCCTGCTTTTCATCACCAAAACCGGAGATAATCCTTCCTTTCCCCGGCAGCGGGCGTTATGGTCAGATGGTTTCTACAACAAATCTCACGATAAAAAGTTTCAACATAGTGACAACTAGTATAACGTGAGGCGCG
16,0,16,ATACAAAAAAAGACAGGAACGTATTTACTGGCTTAAACATAATCATAGTGCTTTTCATCACAAAAACCGCAGATAATCCTTCCTTTCCTGGGTTGCTGGCGTTATGGTCAGATGGTTTCTGCAACAAATCTCGCAATACAAAGTTTCAGCATACTGACTAACCAGCCTTCGTGGGGATCT
21,0,21,ATACAAAAAAAGACAGGAACGTATTTACTGGCTTAAACATAATCATAGTGCTTTTCATCACAAAAACCGCAGATAATCCTTCCTTTCCTGGGTTGCTGGCGTTATGGTCAGATGGTTTCTGCAACAAATCTCGCAATACAAAGTTTCAGCATACTGACTATGTTCACTATCATGGCTTTG
18,0,18,ATACAAAAAAAGACAGGAACGTATTTACTGGCTTAAACATAATCATAGTGCTTTTCATCACAAAAACCGCAGATAATCCTTCCTTTCCTGGGTTGCTGGCGTTATGGTCAGATGGTTTCTGCAACAAATCTCGCAATACAAAGTTTCAGCATACTGACTATTATAGCTCCTGGAATGTTA
1,1,0,ATACAAAAAAAGACAGGAACGTATTTACTGGCTTAAATATAATCATCCTACTTTTCATCACAGAAACCGCAGATAATCCTTCCTTTCGCCGGCAACTGGCGTTATGGTCAGATGGTTTTTGCAACTAAACTCACAATAAAAAGTTTCAACATACTGACTAAAAGGGAATCCTTGCTAACC
2,2,0,ATACAAAAAAAGACAGGAACGTATTTACTGGCTTAAATATAATCATCCTACTTTTCATCACAGAAACCGCAGATAATCCTTCCTTTCGCCGGCAACTGGCGTTATGGTCAGATGGTTTTTGCAACTAAACTCACAATAAAAAGTTTCAACATACTGACTACAGTTTTAGCCGCGTGTCAA
2,2,0,ATACAAAAAAAGACAGGAACGTATTTACTGGCTTAAATATAATCATCCTACTTTTCATCACAGAAACCGCAGATAATCCTTCCTTTCGCCGGCAACTGGCGTTATGGTCAGATGGTTTTTGCAACTAAACTCACAATAAAAAGTTTCAACATACTGACTACCGGATCTCTATATTCTTTG
10,9,1,ATACAAAAAAAGACAGGAACGTATTTACTGGCTTAAATATAATCATCCTACTTTTCATCACAGAAACCGCAGATAATCCTTCCTTTCGCCGGCAACTGGCGTTATGGTCAGATGGTTTTTGCAACTAAACTCACAATAAAAAGTTTCAACATACTGACTATCGTAAATTTGTGGATTTGT
1,1,0,ATACAAAAAAAGACAGGAACGTATTTACTGGCTTCAATATAAACATCCTGCTATTCATAACAAAGGCCGCAGATAATCCTTACTTTCCCCGGCAGCTGCCGTTATGGTGAGCTGGTTTTTCCAACAAAACTCTCAATAAATAGTTCCTACATACTAACTAGCTAGACCGTGCATTGAGTG
6,6,0,ATACAAAAAAAGACAGGAACGTATTTACTGGGCGAAATATAATCATCCTGCTTTTCATCACAAAAACCGCAGATAATCCTTCATTACCCCGGCAGCTGACCTGATGGGCAGATGGTTTTTGCATCAAATCTCACAGTAAAAAGTTTCAACATACGGACTAATTGGATCGGTAGGAACACC
13,10,3,ATACAAAAAAAGACAGGAACGTATTTACTGGGCTAAATATGATCATCCTGCTTTTTATCACAAAAACCGCAGATAATCCTTACTTTCCCCGGCAGCTGGCTTTATGGCCAGATGGTTTTGGCACCAAATCTCACAGTAAAAAGTTACACCATACTAACTATAAGACTCTTGCTCGACAGG
10,8,2,ATACAAAAAAAGACAGGAACGTATTTACTGGGTAAAATATAATCATCCTAGTTCCCATTACAAAAACCGCCGATAATCCTTCCTTTCCCCGGGGGCTGGCGTTATGGTCAAGTGGTTTTTTCAATAAATCTCAAAATAATAAGTTTCAACATTCTGACTAAGTCTGCGGGCTGGGGTCAT
11,7,4,ATACAAAAAAAGACAGGAACGTATTTACTGGGTAAAATATAATCATCCTAGTTCCCATTACAAAAACCGCCGATAATCCTTCCTTTCCCCGGGGGCTGGCGTTATGGTCAAGTGGTTTTTTCAATAAATCTCAAAATAATAAGTTTCAACATTCTGACTAGCGACCGGGGTTGTCTGTAT
2,1,1,ATACAAAAAAAGACAGGAACGTATTTACTGGGTAAAATATAATCATCCTAGTTCCCATTACAAAAACCGCCGATAATCCTTCCTTTCCCCGGGGGCTGGCGTTATGGTCAAGTGGTTTTTTCAATAAATCTCAAAATAATAAGTTTCAACATTCTGACTAGTGGAAAGGCTGGACGAAAA
4,4,0,ATACAAAAAAAGACAGGAACGTATTTACTGGGTAAAATATAATCATCCTAGTTCCCATTACAAAAACCGCCGATAATCCTTCCTTTCCCCGGGGGCTGGCGTTATGGTCAAGTGGTTTTTTCAATAAATCTCAAAATAATAAGTTTCAACATTCTGACTATATGCGAGCACAATCTATCC
2,0,2,ATACAAAAAAAGACAGGAACGTATTTACTGGGTAAAATATAATCATCCTAGTTCCCATTACAAAAACCGCCGATAATCCTTCCTTTCCCCGGGGGCTGGCGTTATGGTCAAGTGGTTTTTTCAATAAATCTCAAAATAATAAGTTTCAACATTCTGACTATGGAATCTCAGGTCAAACGA
1,1,0,ATACAAAAAAAGACAGGAACGTATTTACTGGGTAAAATATAATCATCCTAGTTCCCATTACAAAAACCGCCGATAATCCTTCCTTTCCCCGGGGGGCTGCGTTATGGTCAAGTGGTTTTTTCAATAAATCTCAAAATAATAAGTTTCAACATTCTGACTATCGGATGAGAGGTGGACGCC
2,1,1,ATACAAAAAAAGACAGGAACGTATTTACTGGGTGAAATATAATCTTCCCGCTTTTCATCACGAAAACCTCAAATACTCCTTCCTTTCCCCGGCAGCTGGCGTTATGCTCAGATGGAATTTGCCTCAAATCTCACAAGAAAAAGTTTCAACATACTGTCTAAATTAGTTTCAGAGGGGTTC
13,4,9,ATACAAAAAAAGACAGGAACGTATTTACTGGGTGAAATATAATCTTCCCGCTTTTCATCACGAAAACCTCAAATACTCCTTCCTTTCCCCGGCAGCTGGCGTTATGCTCAGATGGAATTTGCCTCAAATCTCACAAGAAAAAGTTTCAACATACTGTCTAAGCGGATTTGATTCGGACAT
16,1,15,ATACAAAAAAAGACAGGAACGTATTTACTGGGTGAAATATAATCTTCCCGCTTTTCATCACGAAAACCTCAAATACTCCTTCCTTTCCCCGGCAGCTGGCGTTATGCTCAGATGGAATTTGCCTCAAATCTCACAAGAAAAAGTTTCAACATACTGTCTACAAGACTGATCGCAAGACAT
20,3,17,ATACAAAAAAAGACAGGAACGTATTTACTGGGTGAAATATAATCTTCCCGCTTTTCATCACGAAAACCTCAAATACTCCTTCCTTTCCCCGGCAGCTGGCGTTATGCTCAGATGGAATTTGCCTCAAATCTCACAAGAAAAAGTTTCAACATACTGTCTACAGTCTGATCAACCAATCAA
11,5,6,ATACAAAAAAAGACAGGAACGTATTTACTGGGTGAAATATAATCTTCCCGCTTTTCATCACGAAAACCTCAAATACTCCTTCCTTTCCCCGGCAGCTGGCGTTATGCTCAGATGGAATTTGCCTCAAATCTCACAAGAAAAAGTTTCAACATACTGTCTACTGAATTTTGGCAGGATTAT
5,2,3,ATACAAAAAAAGACAGGAACGTATTTACTGGGTGAAATATAATCTTCCCGCTTTTCATCACGAAAACCTCAAATACTCCTTCCTTTCCCCGGCAGCTGGCGTTATGCTCAGATGGAATTTGCCTCAAATCTCACAAGAAAAAGTTTCAACATACTGTCTACTTTAAGATCGAATAAGTCG
72,28,44,ATACAAAAAAAGACAGGAACGTATTTACTGGGTGAAATATAATCTTCCCGCTTTTCATCACGAAAACCTCAAATACTCCTTCCTTTCCCCGGCAGCTGGCGTTATGCTCAGATGGAATTTGCCTCAAATCTCACAAGAAAAAGTTTCAACATACTGTCTATAATATTAGCGGAACCGCGA
1,1,0,ATACAAAAAAAGACAGGAACGTATTTACTGGGTGAAATATATTCTTCCTGCTTTTCATCAGAAAAACCGCAGATAATGCTTCCTTTCCCCGGCAGCGGACGTTATGGTCAGATGGTTGTTGCTACAAATCTCGTAATAAAAAGTTTCAACATACAGACTACGAACTTTGGGTTCATGAAT
2,2,0,ATACAAAAAAAGACAGGAACGTATTTACTGGGTGAAATATATTCTTCCTGCTTTTCATCAGAAAAACCGCAGATAATGCTTCCTTTCCCCGGCAGCTGGCGTTATGGTCTGATGGTGTTTGCAACAAATGTCACAATGAAAATTTTCAACATACTGACTAACAGCATAAGCGGCTATATA
5,4,1,ATACAAAAAAAGACAGGAACGTATTTACTGGGTGAAATATATTCTTCCTGCTTTTCATCAGAAAAACCGCAGATAATGCTTCCTTTCCCCGGCAGCTGGCGTTATGGTCTGATGGTGTTTGCAACAAATGTCACAATGAAAATTTTCAACATACTGACTAACGGTGCACGCTCTACATCC
13,4,9,ATACAAAAAAAGACAGGAACGTATTTACTGGGTGAAATATATTCTTCCTGCTTTTCATCAGAAAAACCGCAGATAATGCTTCCTTTCCCCGGCAGCTGGCGTTATGGTCTGATGGTGTTTGCAACAAATGTCACAATGAAAATTTTCAACATACTGACTAGTGCAGGACGCAAACAGCTA
3,1,2,ATACAAAAAAAGACAGGAACGTATTTACTGGGTGAAATATATTCTTCCTGCTTTTCATCAGAAAAACCGCAGATAATGCTTCCTTTCCCCGGCAGCTGGCGTTATGGTCTGATGGTGTTTGCAACAAATGTCACAATGAAAATTTTCAACATACTGACTATACGTATTCAAACATGCTGT
4,4,0,ATACAAAAAAAGACAGGAACGTATTTACTGGGTGAAATATATTCTTCCTGCTTTTCATCAGAAAAACCGCAGATAATGCTTCCTTTCCCCGGCAGCTGGCGTTATGGTCTGATGGTGTTTGCAACAAATGTCACAATGAAAATTTTCAACATACTGACTATAGGGCCTTAGAAGTAGGAT
6,6,0,ATACAAAAAAAGACAGGAACGTATTTACTGGGTTAAACATAATCATCCTGCGTTTCATCACAAACACCGCCCATAATTCTTTCTTTACCCGCCAGATGGCGTTAGGGGCAGAGGGTCTTTGCAACAAATCACACAATAATAAGTTTCAGCATACTGACTAAATATTAAGTCCACTACTGC
14,14,0,ATACAAAAAAAGACAGGAACGTATTTACTGGGTTAAACATAATCATCCTGCGTTTCATCACAAACACCGCCCATAATTCTTTCTTTACCCGCCAGATGGCGTTAGGGGCAGAGGGTCTTTGCAACAAATCACACAATAATAAGTTTCAGCATACTGACTAGAAACGTGTGGATTTAAGAT
1,1,0,ATACAAAAAAAGACAGGAACGTATTTACTGGGTTAAACATAATCATCCTGCGTTTCATCACAAACACCGCCCATAATTCTTTCTTTACCCGCCAGATGGCGTTAGGGGCAGAGGGTCTTTGCAACAAATCACACAATAATAAGTTTCAGCATACTGACTAGGAGTGGCACCCATGCTGTG
1,1,0,ATACAAAAAAAGACAGGAACGTATTTACTGGGTTAAACATAATCATCCTGCGTTTCATCACAAACACCGCCCATAATTCTTTCTTTACCCGCCAGATGGCGTTAGGGGCAGAGGGTCTTTGCAACAAATCACACAATAATAAGTTTCAGCATACTGACTATTTAGGCATTAGATATGTAA
20,4,16,ATACAAAAAAAGACAGGAACGTATTTACTGGGTTAAAGATGATCTTCCTGCTTTCTATCACAAAAACCGCAGATAATCCTTTCTTTCCCCGTCAGCTGGCGTTAGGGTCTGATGGTTGTTACGACAATTCCCACAATAAACAGTTACAACAGACTGACGACTAGTTAACGCGGACTGGTT
55,3,52,ATACAAAAAAAGACAGGAACGTATTTACTGGGTTAAAGATGATCTTCCTGCTTTCTATCACAAAAACCGCAGATAATCCTTTCTTTCCCCGTCAGCTGGCGTTAGGGTCTGATGGTTGTTACGACAATTCCCACAATAAACAGTTACAACAGACTGACGACTGCTTTAGTGTGCGATGAA
28,3,25,ATACAAAAAAAGACAGGAACGTATTTACTGGGTTAAAGATGATCTTCCTGCTTTCTATCACAAAAACCGCAGATAATCCTTTCTTTCCCCGTCAGCTGGCGTTAGGGTCTGATGGTTGTTACGACAATTCCCACAATAAACAGTTACAACAGACTGACGAGAACACTCCGAGTCTATGTA
206,17,189,ATACAAAAAAAGACAGGAACGTATTTACTGGGTTAAAGATGATCTTCCTGCTTTCTATCACAAAAACCGCAGATAATCCTTTCTTTCCCCGTCAGCTGGCGTTAGGGTCTGATGGTTGTTACGACAATTCCCACAATAAACAGTTACAACAGACTGACGAGATAAACACCCCACAATTGA
10,0,10,ATACAAAAAAAGACAGGAACGTATTTACTGGGTTAAAGATGATCTTCCTGCTTTCTATCACAAAAACCGCAGATAATCCTTTCTTTCCCCGTCAGCTGGCGTTAGGGTCTGATGGTTGTTACGACAATTCCCACAATAAACAGTTACAACAGACTGACGAGGCTGGATAACGCAATCAGG
3,2,1,ATACAAAAAAAGACAGGAACGTATTTACTGGGTTAAAGATGATCTTCCTGCTTTCTATCACAAAAACCGCAGATAATCCTTTCTTTCCCCGTCAGCTGGCGTTAGGGTCTGATGGTTGTTACGACAATTCCCACAATAAACAGTTACAACAGACTGACGATCGTAATGGGCGCACGCCTA
9,1,8,ATACAAAAAAAGACAGGAACGTATTTACTGGGTTAAAGATGATCTTCCTGCTTTCTATCACAAAAACCGCAGATAATCCTTTCTTTCCCCGTCAGCTGGCGTTAGGGTCTGATGGTTGTTACGACAATTCCCACAATAAACAGTTACAACAGACTGACGATCGTACTAGACCGGCATGCG
19,4,15,ATACAAAAAAAGACAGGAACGTATTTACTGGGTTAAATAAAATCATCCTGCTGTGAATCACAAAAACCGCAGATAATCCTTCCTTTCCACAGCAGCTGGCGCTATGGTAAGATGGTTTTTGCATCAAACCTCACAATTTATAGGTTCAACCTACTGGCTACAGGCTTTTAAAACCAATCG
5,0,5,ATACAAAAAAAGACAGGAACGTATTTACTGGGTTAAATAAAATCATCCTGCTGTGAATCACAAAAACCGCAGATAATCCTTCCTTTCCACGGCAGCTGGCGCTATGGTAAGATGGTTTTTGCATCAAACCTCACAATTTATAGGTTCAACCTACTGGCTACCCGCGTAGTGCAGTAAACC
38,7,31,ATACAAAAAAAGACAGGAACGTATTTACTGGGTTAAATAAAATCATCCTGCTGTGAATCACAAAAACCGCAGATAATCCTTCCTTTCCACGGCAGCTGGCGCTATGGTAAGATGGTTTTTGCATCAAACCTCACAATTTATAGGTTCAACCTACTGGCTACCTTTACGGGCAAACCTATG
18,0,18,ATACAAAAAAAGACAGGAACGTATTTACTGGGTTAAATAAAATCATCCTGCTGTGAATCACAAAAACCGCAGATAATCCTTCCTTTCCACGGCAGCTGGCGCTATGGTAAGATGGTTTTTGCATCAAACCTCACAATTTATAGGTTCAACCTACTGGCTATCTTTAATAACGAAGTTACA
13,2,11,ATACAAAAAAAGACAGGAACGTATTTACTGGGTTAAATAAAATCATCCTGCTGTGAATCACAAAAACCGCAGATAATCCTTCCTTTCCACGGCAGCTGGCGCTATGGTAAGATGGTTTTTGCATCAAACCTCACAATTTATAGGTTCAACCTACTGGCTATGCTTAGGCTATCAGGTCAA
1,1,0,ATACAAAAAAAGACAGGAACGTATTTACTGGGTTAAATAGAATCATCCTCCTTTTCAACACAAGAACCACAGATATTCCTTCCTATCCACGGTAGCTGGCGTTATGGTCAGATGGTTTTTGCAACAAATCTCACAATAAAAAGTTTCAACTTACTGAATATTCACTTTCCGGTTCTTCCC
7,7,0,ATACAAAAAAAGACAGGAACGTATTTACTGGGTTAAATAGAATCATCCTCCTTTTCAACACAAGAACCGCAGATATTCCTTCCTATCCACGGTAGCTGGCGTTATGGTCAGATGGTTTTTGCAACAAATCTCACAATAAAAAGTTTCAACTTACTGAATAAATAAATTTATCTGTCATCC
4,4,0,ATACAAAAAAAGACAGGAACGTATTTACTGGGTTAAATAGAATCATCCTCCTTTTCAACACAAGAACCGCAGATATTCCTTCCTATCCACGGTAGCTGGCGTTATGGTCAGATGGTTTTTGCAACAAATCTCACAATAAAAAGTTTCAACTTACTGAATAACATAGTCGAACTGATGTTG
3,3,0,ATACAAAAAAAGACAGGAACGTATTTACTGGGTTAAATAGAATCATCCTCCTTTTCAACACAAGAACCGCAGATATTCCTTCCTATCCACGGTAGCTGGCGTTATGGTCAGATGGTTTTTGCAACAAATCTCACAATAAAAAGTTTCAACTTACTGAATAGAGGGGACGATATGTTAGTG
7,7,0,ATACAAAAAAAGACAGGAACGTATTTACTGGGTTAAATATAAGTAGCCTGCTTTGCAACACAAAAACCGCACACAATCCTTCCTCTCCCCGGACGCTGGCGTTATGGTCAGATAGTTTATGCAACAAATATCACCATAAAAAGTTTCAACATACTGACTTATCAGGATTACCGTAGAAGT
6,6,0,ATACAAAAAAAGACAGGAACGTATTTACTGGGTTAAATATAAGTAGCCTGCTTTGCAACACAAAAACCGCACACAATCCTTCCTCTCCCCGGACGCTGGCGTTATGGTCAGATAGTTTATGCAACAAATATCACCATAAAAAGTTTCAACATACTGACTTGCCAATGGTCGGCAACGTCG
3,3,0,ATACAAAAAAAGACAGGAACGTATTTACTGGGTTAAATATAATCACCCTGCTTCTCATCACAAAAACCGCAGATAATCCTTCCTTTCCACGGCAGCTAGCGTTGGGGTCAGATGGTTGTTGCGACAAATCCCACACTAAAAACTTTCAACATACTGACTAACCGGGCCGCCGTCTGTCTA
2,2,0,ATACAAAAAAAGACAGGAACGTATTTACTGGGTTAAATATAATCACCCTGCTTCTCATCACAAAAACCGCAGATAATCCTTCCTTTCCACGGCAGCTAGCGTTGGGGTCAGATGGTTGTTGCGACAAATCCCACACTAAAAACTTTCAACATACTGACTAACGGTGACTATACGTGCACA
3,3,0,ATACAAAAAAAGACAGGAACGTATTTACTGGGTTAAATATAATCACCCTGCTTCTCATCACAAAAACCGCAGATAATCCTTCCTTTCCACGGCAGCTAGCGTTGGGGTCAGATGGTTGTTGCGACAAATCCCACACTAAAAACTTTCAACATACTGACTAACGGTTATTCATTACTAGTT
4,4,0,ATACAAAAAAAGACAGGAACGTATTTACTGGGTTAAATATAATCACCCTGCTTCTCATCACAAAAACCGCAGATAATCCTTCCTTTCCACGGCAGCTAGCGTTGGGGTCAGATGGTTGTTGCGACAAATCCCACACTAAAAACTTTCAACATACTGACTAAGTGGTGGAGCTCGACAAAA
2,2,0,ATACAAAAAAAGACAGGAACGTATTTACTGGGTTAAATATAATCACCCTGCTTCTCATCACAAAAACCGCAGATAATCCTTCCTTTCCACGGCAGCTAGCGTTGGGGTCAGATGGTTGTTGCGACAAATCCCACACTAAAAACTTTCAACATACTGACTAATCAATTGCCGACTAAGAGC
1,1,0,ATACAAAAAAAGACAGGAACGTATTTACTGGGTTAAATATAATCACCCTGCTTCTCATCACAAAAACCGCAGATAATCCTTCCTTTCCACGGCAGCTAGCGTTGGGGTCAGATGGTTGTTGCGACAAATCCCACACTAAAAACTTTCAACATACTGACTACTTATACCACCGCGTATAGA
7,7,0,ATACAAAAAAAGACAGGAACGTATTTACTGGGTTAAATATAATCACCCTGCTTCTCATCACAAAAACCGCAGATAATCCTTCCTTTCCACGGCAGCTAGCGTTGGGGTCAGATGGTTGTTGCGACAAATCCCACACTAAAAACTTTCAACATACTGACTAGAATGTGTATAAGACTGTGC
7,7,0,ATACAAAAAAAGACAGGAACGTATTTACTGGGTTAAATATAATCACCCTGCTTCTCATCACAAAAACCGCAGATAATCCTTCCTTTCCACGGCAGCTAGCGTTGGGGTCAGATGGTTGTTGCGACAAATCCCACACTAAAAACTTTCAACATACTGACTAGGGTTTCGTAGAGTCAACCA
14,13,1,ATACAAAAAAAGACAGGAACGTATTTACTGGGTTAAATATAATCACCCTGCTTCTCATCACAAAAACCGCAGATAATCCTTCCTTTCCACGGCAGCTAGCGTTGGGGTCAGATGGTTGTTGCGACAAATCCCACACTAAAAACTTTCAACATACTGACTATCAAGTAGATGAGATATGGA
1,1,0,ATACAAAAAAAGACAGGAACGTATTTACTGGGTTAAATATAATCACCCTGCTTCTCATCACAAAAACCGCAGATAATCCTTCCTTTCCACGGCAGCTAGCGTTGGGGTCAGATGGTTGTTGCGACAAATCCCACACTAAAAACTTTCAACATACTGACTATCAGGACCAAAGTATCAGGT
2,2,0,ATACAAAAAAAGACAGGAACGTATTTACTGGGTTAAATATAATCACCCTGCTTCTCATCACAAAAACCGCAGATAATCCTTCCTTTCCACGGCAGCTAGCGTTGGGGTCAGATGGTTGTTGCGACAAATCCCACACTAAAAACTTTCAACATACTGACTATTACTTTAGTTCTCTCACGC
2,0,2,ATACAAAAAAAGACAGGAACGTATTTACTGGGTTAAATATAATCATACTGCGTTTCATCACAAAAACCGCACAGAATCCTTGCTTTCCCCGGCAGCTGTCGTTATAGTCAGATGGTTTTTGCAACAACTCTCGCACTAAGAAGCTTCAACATACTGACTAATCGCTCTACTCTAGCCAAA
29,2,27,ATACAAAAAAAGACAGGAACGTATTTACTGGGTTAAATATAATCATACTGCGTTTCATCACAAAAACCGCACAGAATCCTTGCTTTCCCCGGCAGCTGTCGTTATAGTCAGATGGTTTTTGCAACAACTCTCGCACTAAGAAGCTTCAACATACTGACTATGTCGTAGTGAGCCACTTTA
8,0,8,ATACAAAAAAAGACAGGAACGTATTTACTGGGTTAAATATAATCATACTGCTTTTCATCACAAAAACCGCACAGAATCCTTGCTTTCCCCGGCAGCTGTCGTTATAGTCAGATGGTTTTTGCAACAACTCTCGCACTAAGAAGCTTCAACATACTGACTAGAAGTATGCGTATGAAATGG
22,2,20,ATACAAAAAAAGACAGGAACGTATTTACTGGGTTAAATATAATCATCCTGCTCCTCATCACAAAAACCGCAGATAATCCTTCCTTCTCCCGGCAGCTGGCGTTATGGTCCCCTTGTTTTTGCAACAATTCTCACAAGAAAAAGTTTCAGCATACTGACTATATGCTGAGTCCATTCCAAT
1,1,0,ATACAAAAAAAGACAGGAACGTATTTACTGGGTTAAATATAATCATCCTGCTGTGCTTCACAAGAACCGCAGATAAACCTTCCTTTCCCCGACAGCGGGCGTTTTGGTGAGATGGTTTTTGCAACAAATCTCACAATACAAAGTTACAACATACTGGCTAGATTCAGCATTTAATTGTGT
1,1,0,ATACAAAAAAAGACAGGAACGTATTTACTGGGTTAAATATAATCATCCTGCTGTGCTTCACAAGAACCGCAGATAAACCTTCCTTTCCCCGACAGCGGGCGTTTTGGTGAGATGGTTTTTGCAACAAATCTCACAATACAAAGTTACAACATACTGGCTAGTCTATGGGACGGTTATCGT
2,2,0,ATACAAAAAAAGACAGGAACGTATTTACTGGGTTAAATATAATCATCCTGCTGTGCTTCACAAGAACCGCAGATAAACCTTCCTTTCCCCGACAGCGGGCGTTTTGGTGAGATGGTTTTTGCAACAAATCTCACAATACAAAGTTACAACATACTGGCTATTTTAATCCTCGCGGAGTCT
10,1,9,ATACAAAAAAAGACAGGAACGTATTTACTGGGTTAAATATAATCATCCTGCTTTTCATCACAAAAACCGCAGATAATCCTTCCTTTCCCCGGCAGCTGGCGTTATGGTCAGATGGTTTTTGCAACAAATCTCACAATAAAAAGTTTCAACATACTGACTAGGGAAGGAAATCTGTGTAGA
17,4,13,ATACAAAAAAAGACAGGAACGTATTTACTGGGTTAAATATAATCATCCTGCTTTTCATCACAAAAACCGCAGATAATCCTTCCTTTCCCCGGCAGCTGGCGTTATGGTCAGATGGTTTTTGCAACAAATCTCACAATAAAAAGTTTCAACATACTGACTATCTCTAATGGTAGTGGGGGT
5,5,0,ATACAAAAAAAGACAGGAACGTATTTACTGGGTTAAATATAATCATCTTGCTCTTCATCACTAACACCGCAGAGAATCCTTCCTATCCACGGCAGCTGGCGTTATGGGCTGATGGTTTTTGCAACAAATCTCACAATAAAAACCTTCAACATACTGACTACATTTTTCTATACGTTTTAG
2,2,0,ATACAAAAAAAGACAGGAACGTATTTACTGGGTTAAATATAATCATCTTGCTCTTCATCACTAACACCGCAGAGAATCCTTCCTATCCACGGCAGCTGGCGTTATGGGCTGATGGTTTTTGCAACAAATCTCACAATAAAAACCTTCAACATACTGACTACTTCAGACAAACGATATTGT
6,4,2,ATACAAAAAAAGACAGGAACGTATTTACTGGGTTAAATATAATCATCTTGCTTTTAATCACAAAAACCGCAGACAATCCACCCTTTCCCCGGCAGCAGGCCTTATGTTCAGATGGTTTTTGTAACAAATCTCACAATAAAGAGGTTCAACATACTGACTAGCACCAGAGTTGCAAATACG
13,2,11,ATACAAAAAAAGACAGGAACGTATTTACTGGGTTAAATATAATCGTCCTGCTTTACGTCACAAAAACCGCAGATAATCCTTACTTTCCCCGGCAATAGGCGTTAGGGTCAGATGGTTTTTGTAACAAATCTCACAATAGTTAGTTGCAACATACTGACTGCAGGTCAAAATGGGCCTCGA
18,5,13,ATACAAAAAAAGACAGGAACGTATTTACTGGGTTAAATATAATCGTCCTGCTTTACGTCACAAAAACCGCAGATAATCCTTACTTTCCCCGGCAATAGGCGTTAGGGTCAGATGGTTTTTGTAACAAATCTCACAATAGTTAGTTGCAACATACTGACTGGCTTGAACAGAAATAGCCGA
2,1,1,ATACAAAAAAAGACAGGAACGTATTTACTGGGTTAAATATAATCGTCCTGCTTTACGTCACAAAAACCGCAGATAATCCTTACTTTCCCCGGCAATAGGCGTTAGGGTCAGATGGTTTTTGTAACAAATCTCACAATAGTTAGTTGCAACATACTGACTGTTATGAGGACGGAACCACGG
4,3,1,ATACAAAAAAAGACAGGAACGTATTTACTGGGTTAAATATAATCGTCCTGCTTTACGTCACAAAAACCGCAGATAATCCTTACTTTCCCCGGCAATAGGCGTTAGGGTCAGATGGTTTTTGTAACAAATCTCACAATAGTTAGTTGCAACATACTGACTGTTCTCTCAGGCATTTGCGGA
1,1,0,ATACAAAAAAAGACAGGAACGTATTTACTGGGTTAAATATAATCTGCCTGCTTTTCATCCCAAGAACCGCAGATAACCTTTCCTTTTCCCGGCAGCAGGCCTCATGGTCAGATGGTTTTTGCAACAAATCTCACAATAAAAAGTATTAACATAATGACTAGTTGACTATGAAATGACAGC
4,0,4,ATACAAAAAAAGACAGGAACGTATTTACTGGGTTAAATATAATGATTCTGCTTTTCATCAAAATAACTGCAGATAATCCTTCCTTTCCCCGCTAGCTGACGTTATGGTCAAATGGTCCTTGCAATAAATCTCACAGTTCAAAGTTTCAACATACTCACTAATGACACACCGTGTTATAAT
2,1,1,ATACAAAAAAAGACAGGAACGTATTTACTGGGTTAAATATAATGATTCTGCTTTTCATCAAAATAACTGCAGATAATCCTTCCTTTCCCCGCTAGCTGACGTTATGGTCAAATGGTCCTTGCAATAAATCTCACAGTTCAAAGTTTCAACATACTCACTAGCACCTGTGGTGTTGCTCTT
5,5,0,ATACAAAAAAAGACAGGAACGTATTTACTGGGTTAAATATTACCATCCTGCTTTTCATCACTTAAACCGCATATAATCCTTCCTTTCCCCGGTGGCTGGCTGTATGGTCAGATGGTTTTTCCCACAATTCTCATAATAAAACAGTTCATCATACTGACTATCGATAAGGTTGAGGACACG
1,1,0,ATACAAAAAAAGACAGGAACGTATTTACTGGGTTAAATATTACCATCCTGCTTTTCATCACTTAAACCGCATATAATCCTTCCTTTCCCCGGTGGCTGGCTGTATGGTCAGATGGTTTTTCCCACAATTCTCATAATAAAACAGTTCATCATACTGACTATTCTGGCAACATCCGTCTGC
3,3,0,ATACAAAAAAAGACAGGAACGTATTTACTGGGTTAAATATTACCATCCTGCTTTTCATCACTTAAACCGCATATAATCCTTCCTTTCCCCGGTGGCTGGCTTTATGGTCAGATGGTTTTTCCCACAATTCTCATAATAAAACAGTTCATCATACTGACTAGTGACACGGCATATCAGGAT
14,2,12,ATACAAAAAAAGACAGGAACGTATTTACTGGGTTAAATGTAATAATCCTGCTTTTCCTCACAAAAACCGCAAATAGTCCTTCCTTTCACCGGCAGCTGGTGTTATGGTCAGATGCTTTTTACAACAGATCTCACAATAAAAAGTTTCAACATACTGTCTATCGCTATATCGACCTGTATA
13,8,5,ATACAAAAAAAGACAGGAACGTATTTACTGGGTTAAATTTAATCATCCTGCTCTCCACCACAAAAACCGCAAATAATCCTGCCTTTCCGCCTCAGCTGGCGTTATGGTCGGATGGTGTTAGCAACAATTCTCACAATAATAAGTTACAGCATACTGACTAGGAGGCCTCGTGTGAATCAT
2,1,1,ATACAAAAAAAGACAGGAACGTATTTACTGGGTTAAATTTAATTATCCTACTTGTCATCACAAAAACCCCATATAATCCTTCGTTGCCCCGGCAGCTGGCGTGATGCTCCGCCTGTTTTTGCAACAAATCTCACACTAAAAAGTTTAAACATACTGACTACCATATTTCTGCCATTTTTC
3,2,1,ATACAAAAAAAGACAGGAACGTATTTACTGGGTTAAATTTAATTATCCTACTTGTCATCACAAAAACCCCATATAATCCTTCGTTGCCCCGGCAGCTGGCGTGATGCTCCGCCTGTTTTTGCAACAAATCTCACACTAAAAAGTTTAAACATACTGACTAGGGGGTCCATTAACAGGGTA
8,3,5,ATACAAAAAAAGACAGGAACGTATTTACTGGGTTAACTATAATCATACTGCTTTTCATCACAAAAACCCGTGCTAATGCTTCCTTTCCCCGGCAGCTGGCGTTATGGTCAGATGGTTTTTGCAACAAATCTCACAATAAAAACTGTCAACATACTGACTAGCAATGGCTTTAGAGAGGTA
15,0,15,ATACAAAAAAAGACAGGAACGTATTTACTGGGTTAACTATAATCATACTGCTTTTCATCACAAAAACCCGTGCTAATGCTTCCTTTCCCCGGCAGCTGGCGTTATGGTCAGATGGTTTTTGCAACAAATCTCACAATAAAAACTGTCAACATACTGACTATGAGCCGCCGGTCCGAGCAT
2,2,0,ATACAAAAAAAGACAGGAACGTATTTACTGGGTTAAGTATAATTGTCATGCTTTTAAGCGCAAAAACCGCAGATAATCTCTCCTTTCCCCGGCTGCTGGCGTTATGGTCATATGGTTTTGACAACAAATCTTACAACAAAAAGTTTCAACATACTGACTAGTGGCGTAAACTCGTATTTA
1,1,0,ATACAAAAAAAGACAGGAACGTATTTACTGGGTTAAGTATTATCCTCATGCTTTTCATCACAAAAACCCCAGATACCACGTCCTTTCCGCGGCAGCTGGCGTTATGGTCAGATGGTTTTTGCACCAAATCTCACAACGAAAAGTTTCATCATACTGACTACAGGTCTTAGAGCATTACTA
3,3,0,ATACAAAAAAAGACAGGAACGTATTTACTGGGTTAAGTATTATCCTCATGCTTTTCATCACAAAAACCCCAGATACCACGTCCTTTCCGCGGCAGCTGGCGTTATGGTCAGATGGTTTTTGCACCAAATCTCACAACGAAAAGTTTCATCATACTGACTACCCGTTTTTGGACATCAGGT
1,1,0,ATACAAAAAAAGACAGGAACGTATTTACTGGGTTAAGTATTATCCTCATGCTTTTCATCACAAAAACCCCAGATACCACGTCCTTTCCGCGGCAGCTGGCGTTATGGTCAGATGGTTTTTGCACCAAATCTCACAACGAAAAGTTTCATCATACTGACTAGGTTCGCCCTATTGCTAACC
4,4,0,ATACAAAAAAAGACAGGAACGTATTTACTGGGTTAAGTATTATCCTCATGCTTTTCATCACAAAAACCCCAGATACCACGTCCTTTCCGCGGCAGCTGGCGTTATGGTCAGATGGTTTTTGCACCAAATCTCACAACGAAAAGTTTCATCATACTGACTATCGGCAGTTAGTGACAACAC
12,2,10,ATACAAAAAAAGACAGGAACGTATTTACTGGGTTAAGTATTATCCTCATGCTTTTCATCACAAAAACCCCAGATACCACGTCCTTTCCGCGGCAGCTGGCGTTATGGTCAGATGGTTTTTGCACCAAATCTCACAACGAAAAGTTTCATCATACTGACTATGTAACTGAAACTTAGATAT
1,1,0,ATACAAAAAAAGACAGGAACGTATTTACTGGGTTAATTATAATCATGCTGCTTTTCATCACAACAACCGCATATACTCCTTCCTTGCCGCGGGAGCCGGCGTTATGGTCAGATGGTTTTTTCAACAAATATCACGAAAAAATGTTTCAACATACTGACTAGAAGCTAGGTCCAATTGTGG
11,1,10,ATACAAAAAAAGACAGGAACGTATTTACTGGGTTAATTATCCTCAACCTGCTTTTCATCACAAACATCGCAGATAATCCTTCCCTTCCCCGGCAGCTGGTGTTATGGTCAGATGGTTTTTGCATCAAATCTCACTATAAAAAGTTTCAACACACTGACGACGATATCTCACGCAAGTTTC
9,1,8,ATACAAAAAAAGACAGGAACGTATTTACTGGGTTAATTATCCTCAACCTGCTTTTCATCACAAACATCGCAGATAATCCTTCCCTTCCCCGGCAGCTGGTGTTATGGTCAGATGGTTTTTGCATCAAATCTCACTATAAAAAGTTTCAACACACTGACGAGGCCGGTTGCAGTAAATCAT
16,3,13,ATACAAAAAAAGACAGGAACGTATTTACTGGGTTAATTATCCTCAACCTGCTTTTCATCACAAACATCGCAGATAATCCTTCCCTTCCCCGGCAGCTGGTGTTATGGTCAGATGGTTTTTGCATCAAATCTCACTATAAAAAGTTTCAACACACTGACGATTCACGTTTTTTCTATAGTG
1,1,0,ATACAAAAAAAGACAGGAACGTATTTACTGGGTTACATATAAGCATCATGCTTTTCATCACAAAAACTGCAGATAATTCTCCCTTTCCCCGGCAGCTGGCGTTATGGTCAGATGGTTTTTGGTACAAATCTCACAATAAAAAGTATCAACTTACTGACTACACGTCACTACTATCTCAAA
12,8,4,ATACAAAAAAAGACAGGAACGTATTTACTGGGTTACATATAAGCATCATGCTTTTCATCACAAAAACTGCAGATAATTCTCCCTTTCCCCGGCAGCTGGCGTTATGGTCAGATGGTTTTTGGTACAAATCTCACAATAAAAAGTATCAACTTACTGACTAGTGCCGGAGGGCCACAAAAC
2,2,0,ATACAAAAAAAGACAGGAACGTATTTACTGGGTTACATATAAGCATCATGCTTTTCATCACAAAAACTGCAGATAATTCTCCCTTTCCCCGGCAGCTGGCGTTATGGTCAGATGGTTTTTGGTACAAATCTCACAATAAAAAGTATCAACTTACTGACTATGTCCAACGCATTAAATAGC
9,1,8,ATACAAAAAAAGACAGGAACGTATTTACTGGGTTACATATAAGCATCATGCTTTTCATCACAAAAACTGCAGATAATTCTCCCTTTCCCCGGCAGCTGGCGTTATGGTCAGATGGTTTTTGGTACAAATCTCACAATAAAAAGTATCAACTTACTGACTATGTGAAACGATAGCTCGCGT
17,1,16,ATACAAAAAAAGACAGGAACGTATTTACTGGGTTATATATAATCATCGTGCTTTTCATCACAAAAACCGCAGACAATCCTTCCTTTCCCCTACAGATGGCGTTATGGTGAGTTGGTTTTGGCAACAAAACTCACACGAAAAAGCTTCAACATCCTGACTAAATCGATTACAGATGTTTTC
13,9,4,ATACAAAAAAAGACAGGAACGTATTTACTGGGTTATATATAATCATCGTGCTTTTCATCACAAAAACCGCAGACAATCCTTCCTTTCCCCTACAGATGGCGTTATGGTGAGTTGGTTTTGGCAACAAAACTCACACGAAAAAGCTTCAACATCCTGACTAAGTAGTCCTGCGTACAACGC
8,0,8,ATACAAAAAAAGACAGGAACGTATTTACTGGGTTATATATAATCATCGTGCTTTTCATCACAAAAACCGCAGACAATCCTTCCTTTCCCCTACAGATGGCGTTATGGTGAGTTGGTTTTGGCAACAAAACTCACACGAAAAAGCTTCAACATCCTGACTAGGTCGCCCTGTACGGGCTAC
273,6,267,ATACAAAAAAAGACAGGAACGTATTTACTGGGTTATATATAATCATCGTGCTTTTCATCACAAAAACCGCAGACAATCCTTCCTTTCCCCTACAGATGGCGTTATGGTGAGTTGGTTTTGGCAACAAAACTCACACGAAAAAGCTTCAACATCCTGACTAGTACTCCCCGGTAGATGCGA
95,5,90,ATACAAAAAAAGACAGGAACGTATTTACTGGGTTATATATAATCATCGTGCTTTTCATCACAAAAACCGCAGACAATCCTTCCTTTCCCCTACAGATGGCGTTATGGTGAGTTGGTTTTGGCAACAAAACTCACACGAAAAAGCTTCAACATCCTGACTAGTCGATCTTGATGTATATTT
23,2,21,ATACAAAAAAAGACAGGAACGTATTTACTGGGTTATATATAATCATCGTGCTTTTCATCACAAAAACCGCAGACAATCCTTCCTTTCCCCTACAGATGGCGTTATGGTGAGTTGGTTTTGGCAACAAAACTCACACGAAAAAGCTTCAACATCCTGACTATCGGTTAATACGCCTTCCAA
13,5,8,ATACAAAAAAAGACAGGAACGTATTTACTGGGTTATATATAATCATCGTGCTTTTCATCACAAAAACCGCAGACAATCCTTCCTTTCCCCTACAGATGGCGTTATGGTGAGTTGGTTTTGGCAACAAAACTCACACGAAAAAGCTTCAACATCCTGACTATCTTTTCCTTTGAATAAGTA
123,3,120,ATACAAAAAAAGACAGGAACGTATTTACTGGGTTATATATAATCATCGTGCTTTTCATCACAAAAACCGCAGACAATCCTTCCTTTCCCCTACAGATGGCGTTATGGTGAGTTGGTTTTGGCAACAAAACTCACACGAAAAAGCTTCAACATCCTGACTATTGAGGTGAATAGGCGAGGT
17,3,14,ATACAAAAAAAGACAGGAACGTATTTACTGGGTTATATCTAATCATCCTGCTTTTCCTCACACAAACCACAGATAATCCTTCCTTTTCCCGGCTGCTGGCGTTATGGTCAGATGGTTTTTCTAACTAATCTCACGATACAAAGTTTCAACATACTGACTACCCGTTTCCGCATTTCGAAC
62,7,55,ATACAAAAAAAGACAGGAACGTATTTACTGGGTTATATCTAATCATCCTGCTTTTCCTCACACAAACCGCAGATAATCCTTCCTTTTCCCGACTGCTGGCGTTATGGTCAGATGGTTTTTCTAACTAATCTCACGATACAAAGTTTCAACATACTGACTAATTACCGCCCGTAGTGAGCG
8,2,6,ATACAAAAAAAGACAGGAACGTATTTACTGGGTTATATCTAATCATCCTGCTTTTCCTCACACAAACCGCAGATAATCCTTCCTTTTCCCGGCTGCTGGCGTTATGGTCAGATGGTTTTTCTAACTAATCTCACGATACAAAGTTTCAACATACTGACTAAAAGGGAACCGCTGAAACAT
1,1,0,ATACAAAAAAAGACAGGAACGTATTTACTGGGTTATATCTAATCATCCTGCTTTTCCTCACACAAACCGCAGATAATCCTTCCTTTTCCCGGCTGCTGGCGTTATGGTCAGATGGTTTTTCTAACTAATCTCACGATACAAAGTTTCAACATACTGACTACGGAAATTGTTCACTTGTTT
1,1,0,ATACAAAAAAAGACAGGAACGTATTTACTGGGTTATATCTAATCATCCTGCTTTTCCTCACACAAACCGCAGATAATCCTTCCTTTTCCCGGCTGCTGGCGTTATGGTCAGATGGTTTTTCTAACTAATCTCACGATACAAAGTTTCAACATACTGACTAGCAATCTTGATAAGGGACGC
1,0,1,ATACAAAAAAAGACAGGAACGTATTTACTGGGTTATATCTAATCATCCTGCTTTTCCTCACACAAACCGCAGATAATCCTTCCTTTTCCCGGCTGCTGGCGTTATGGTCAGATGGTTTTTCTAACTAATCTCACGATACAAAGTTTCAACATACTGACTATTGTTCTTAACTTAATTCTG
6,3,3,ATACAAAAAAAGACAGGAACGTATTTACTGGGTTATATCTAATCATCCTGCTTTTCCTCACACAAACCGCAGATAATCCTTCCTTTTCCCGGCTGCTGGCGTTATGGTCAGATGGTTTTTCTAACTAATCTCACGATACAAAGTTTCAACATACTGACTATTTATCGAAACCACACGCAC
4,4,0,ATACAAAAAAAGACAGGAACGTATTTACTGGGTTCAATACAATCGTCCTGCTTTTCATCACAAAAACTGTAGATAATCCTTACTTACCCCGGTAGCTGGCGTTATGGTCAGAGGGTTTTAGCAACATATCTCATAATAAAAAGTTTCAACTTACTGACTAACTCGCAGAAGACATGTCAG
4,4,0,ATACAAAAAAAGACAGGAACGTATTTACTGGGTTCAATACAATCGTCCTGCTTTTCATCACAAAAACTGTAGATAATCCTTACTTACCCCGGTAGCTGGCGTTATGGTCAGAGGGTTTTAGCAACATATCTCATAATAAAAAGTTTCAACTTACTGACTATATCTTCCAGTATACGCGTA
5,5,0,ATACAAAAAAAGACAGGAACGTATTTACTGGGTTCAATACAATCGTCCTGCTTTTCATCACAAAAACTGTAGATAATCCTTACTTACCCCGGTAGCTGGCGTTATGGTCAGAGGGTTTTAGCAACATATCTCATAATAAAAAGTTTCAACTTACTGACTATCTTACTATGCTTGTCATCC
4,4,0,ATACAAAAAAAGACAGGAACGTATTTACTGGGTTCAATATAATTATCCTGCTTTGCATCACAAAAACCGCACATAATCCTTCCTTTCCCCGGCAACTAGCGTTATGGCCAGATGGTTTTTGCAACAAATCACACAATAAAAATTTGCAACATGCTGACTAATTTAATCACTTGATACGGA
6,6,0,ATACAAAAAAAGACAGGAACGTATTTACTGGGTTCAATATAATTATCCTGCTTTGCATCACAAAAACCGCACATAATCCTTCCTTTCCCCGGCAACTAGCGTTATGGCCAGATGGTTTTTGCAACAAATCACACAATAAAAATTTGCAACATGCTGACTATAGTTATCATCTGTGGCGAT
3,0,3,ATACAAAAAAAGACAGGAACGTATTTACTGGGTTCAATCTGATCATTCTGCTTTACATAACAAAAACCGCAAATAATCCTTCCTTTACCCTGCATCTGGCGTTATCGTCAGATGGTTTTTGCAACAAATCTCACAATATAAAGTTTCAACATCCTGACTACTCCGTGACGCCGCGCTCGG
5,2,3,ATACAAAAAAAGACAGGAACGTATTTACTGGGTTGAATACAATCATCCTGCTTTTCAATACAAAAACCGCACATAGTCCTTCCTTTCCCCGGCAGCTGGCGTTATTGTCAGATGGTTGTTGCAATAAATCGGACAATAAAAACTTTCGACATAGTGACAACAGTCAGGCTCTTTTACCGC
1,1,0,ATACAAAAAAAGACAGGAACGTATTTACTGGGTTTAATATAATCATCCTGCTTTTCATCAAAAAATCCGTGGATAATCCTTCCCTTCCCCGGCAGCTGGCGTTATGGTCAGATGGTTTTTGCAACACGTCTCACAGTAAAAAATTTCACCATACTGACTAGGGAACATCCCGCCATCTCG
4,3,1,ATACAAAAAAAGACAGGAACGTATTTACTGGGTTTAATATAATCATCCTGCTTTTCATCAAAAAATCCGTGGATAATCCTTCCCTTCCCCGGCAGCTGGCGTTATGGTCAGATGGTTTTTGCAACACGTCTCACAGTAAAAAATTTCACCATACTGACTAGGGCGTCGCTCCCTGTGTCC
20,6,14,ATACAAAAAAAGACAGGAACGTATTTACTGGGTTTAATATAATCATCCTGCTTTTCATCAAAAAATCCGTGGATAATCCTTCCCTTCCCCGGCAGCTGGCGTTATGGTCAGATGGTTTTTGCAACACGTCTCACAGTAAAAAATTTCACCATACTGACTATCCTGGTGCAATGAGAGTTC
14,10,4,ATACAAAAAAAGACAGGAACGTATTTACTGGGTTTAATCTAATCACCCTGCTTTTCATCACCAATACCGCAGATAACCCTTCCTTTCCCTGGTAGCTGGCCTTACGATCACATGGTTTCTGCAATAAGTCTCACAAGAAAAAGTATCAACATACTGACTAATTCGAATACTGGGATTTCA
3,3,0,ATACAAAAAAAGACAGGAACGTATTTACTGGGTTTAATCTAATCACCCTGCTTTTCATCACCAATACCGCAGATAACCCTTCCTTTCCCTGGTAGCTGGCCTTACGATCACATGGTTTCTGCAATAAGTCTCACAAGAAAAAGTATCAACATACTGACTACCGTCGAGTACCAGCGCATA
1,1,0,ATACAAAAAAAGACAGGAACGTATTTACTGGGTTTAATCTAATCACCCTGCTTTTCATCACCAATACCGCAGATAACCCTTCCTTTCCCTGGTAGCTGGCCTTACGATCACATGGTTTCTGCAATAAGTCTCACAAGAAAAAGTATCAACATACTGACTACGCATGCACATCGAACAGTG
12,12,0,ATACAAAAAAAGACAGGAACGTATTTACTGGGTTTAATCTAATCACCCTGCTTTTCATCACCAATACCGCAGATAACCCTTCCTTTCCCTGGTAGCTGGCCTTACGATCACATGGTTTCTGCAATAAGTCTCACAAGAAAAAGTATCAACATACTGACTATGTGCTCCCTATCCGTACAA
4,4,0,ATACAAAAAAAGACAGGAACGTATTTACTGGGTTTAATCTAATCACCCTGCTTTTCATCACCAATACCGCAGATAACCCTTCCTTTCCCTGGTAGCTGGCCTTACGATCACATGGTTTCTGCAATAAGTCTCACAAGAAAAAGTATCAACATACTGACTATTGACCCTCCGTTACAGTTG
17,1,16,ATACAAAAAAAGACAGGAACGTATTTACTGGTTTAAATATAATCATCCAGATTTTCATCACAAAACCAGCAGATAATTCTTCCGCTTGGCGCCAGCTGGTGTTATGGTCAGATGGTTTTTGCGACAAATCTCACAATAAAAAGTTTCAACATACTTAGTACAACGTTTACGCTACGGTCT
20,6,14,ATACAAAAAAAGACAGGAACGTATTTACTGGTTTAAATTTAAGCATCCTGCTTTTAATCAAACAAACCGCTTATAATCCTTCCTTTACCCGGCAGCTGGCGGTATCATCATATGGTTTTTGCAAGAAATCTTACAATAATTAGTTTCAACCTACTGACTAGCGGTGTTCCCCGTCTTTTG
7,1,6,ATACAAAAAAAGACAGGAACGTATTTACTGGTTTAAATTTAAGCATCCTGCTTTTAATCAAACAAACCGCTTATAATCCTTCCTTTACCCGGCAGCTGGCGGTATCATCATATGGTTTTTGCAAGAAATCTTACAATAATTAGTTTCAACCTACTGACTAGTTTCTTCCCTTACCGTTTA
1,1,0,ATACAAAAAAAGACAGGAACGTATTTACTGGTTTAAATTTAAGCATCCTGCTTTTAATCAAACAAACCGCTTATAATCCTTCCTTTACCCGGCAGCTGGCGGTATCATCATATGGTTTTTGCAAGAAATCTTACAATAATTAGTTTCAACCTACTGACTATAATTGCGGTATGACATTCA
4,2,2,ATACAAAAAAAGACAGGAACGTATTTACTGGTTTAAATTTAAGCATCCTGCTTTTAATCAAACAAACCGCTTATAATCCTTCCTTTACCCGGCAGCTGGCGGTATCATCATATGGTTTTTGCAAGAAATCTTACAATAATTAGTTTCAACCTACTGACTATCATCGTCATGAAGCGCTCA
9,5,4,ATACAAAAAAAGACAGGAACGTATTTACTGGTTTAAATTTAAGCATCCTGCTTTTAATCAAACAAACCGCTTATAATCCTTCCTTTACCCGGCAGCTGGCGGTATCATCATATGGTTTTTGCAAGAAATCTTACAATAATTAGTTTCAACCTACTGACTATGGATACCCAAAGACAGAGC
20,10,10,ATACAAAAAAAGACAGGAACGTATTTACTGGTTTACATATAATGATCCTGCTTTTCAACCCAAAACCCGCAGATAATCCTTCCCTTACCAGGCAGCTGGCGTTATAGTCTGATGGTTTTTGCAACAAATCTCACAATACAAAGTTTCAACATACTGACTAAATATGCCGTTGAGCCGAGT
13,2,11,ATACAAAAAAAGACAGGAACGTATTTACTGGTTTACATATAATGATCCTGCTTTTCAACCCAAAACCCGCAGATAATCCTTCCCTTACCAGGCAGCTGGCGTTATAGTCTGATGGTTTTTGCAACAAATCTCACAATACAAAGTTTCAACATACTGACTAAGATACAGAGCAATCGTTCG
3,0,3,ATACAAAAAAAGACAGGAACGTATTTACTGGTTTACATATAATGATCCTGCTTTTCAACCCAAAACCCGCAGATAATCCTTCCCTTACCAGGCAGCTGGCGTTATAGTCTGATGGTTTTTGCAACAAATCTCACAATACAAAGTTTCAACATACTGACTAGGAGGTAGCTTCTTTATGTT
28,8,20,ATACAAAAAAAGACAGGAACGTATTTACTGGTTTACATATAATGATCCTGCTTTTCAACCCAAAACCCGCAGATAATCCTTCCCTTACCAGGCAGCTGGCGTTATAGTCTGATGGTTTTTGCAACAAATCTCACAATACAAAGTTTCAACATACTGACTATCGGCTGGTCGTTACTTCAG
20,5,15,ATACAAAAAAAGACAGGAACGTATTTACTGTGTTAAATATAATCATCCTGCTTTTCATCACAAAAACCGCAGATAATCCTTCCTTTCCCCGGCAGCTGGCGTTATGGTCAGATGGTTTTTGCAACAAATCTCACAATAAAAAGTTTCAACATACTGACTATCTATACACCGCTTCGAGTC
1,1,0,ATACAAAAAAAGACAGGAACGTATTTACTTGGTTAAATATAATCATCCTGCTTTTTATCACGAAAACCGCAGATAATACTTCCATAACCCGGCAGCTGGCTTTATGGACAGATGGTTTTTGCAACCAATCTCACCATAAAAAGTTTCAACATACTTACTACAGGTTACAGGGCGATCACG
9,9,0,ATACAAAAAAAGACAGGAACGTATTTACTTGGTTAAATATAATCATCCTGCTTTTTATCACGAAAACCGCAGATAATACTTCCATAACCCGGCAGCTGGCTTTATGGACAGATGGTTTTTGCAACCAATCTCACCATAAAAAGTTTCAACATACTTACTAGTCGGAACTGGGACATTCAA
11,8,3,ATACAAAAAAAGACAGGAACGTATTTAGTGGGTTAAATATAATCATCCTGCTTTTCATCGAAAAAACGGCAGATAATCTTTGCTTTCCCCGGCAGCTCGGGTAATGGTCAGAAGGTTTTTGCAACAAATCTCACAATAAAAAGTTTCAACATACTGACTATAACTAATCTGTGTAGGACG
9,9,0,ATACAAAAAAAGACAGGAACGTATTTCCTCGGTTAAACATAATCATCCTGCGTTTCATCACAGAAACCTCGGATTATCCTGCCTTTCCCCGGAAGCGAGCGTTATGGTCAGATGGTTTTTGGAACGAATCTCACAATAAAAAGTTTCAACATACTGACTACCTGTTGTTCTGTTTTGAAA
4,4,0,ATACAAAAAAAGACAGGAACGTATTTCCTCGGTTAAACATAATCATCCTGCGTTTCATCACAGAAACCTCGGATTATCCTGCCTTTCCCCGGAAGCGGGCGTTATGGTCAGATGGTTTTTGGAACGAATCTCACAATAAAAAGTTTCAACATACTGACTAACCCATTTATGATTAGTACC
3,3,0,ATACAAAAAAAGACAGGAACGTATTTCCTCGGTTAAACATAATCATCCTGCGTTTCATCACAGAAACCTCGGATTATCCTGCCTTTCCCCGGAAGCGGGCGTTATGGTCAGATGGTTTTTGGAACGAATCTCACAATAAAAAGTTTCAACATACTGACTAAGGAAGAGCAAAGAAGTGTA
1,1,0,ATACAAAAAAAGACAGGAACGTATTTCCTCGGTTAAACATAATCATCCTGCGTTTCATCACAGAAACCTCGGATTATCCTGCCTTTCCCCGGAAGCGGGCGTTATGGTCAGATGGTTTTTGGAACGAATCTCACAATAAAAAGTTTCAACATACTGACTACATTAGAGCTAGCAAACCTG
4,4,0,ATACAAAAAAAGACAGGAACGTATTTCCTCGGTTAAACATAATCATCCTGCGTTTCATCACAGAAACCTCGGATTATCCTGCCTTTCCCCGGAAGCGGGCGTTATGGTCAGATGGTTTTTGGAACGAATCTCACAATAAAAAGTTTCAACATACTGACTACCAGGTTTTAGTGTCGCTAG
1,1,0,ATACAAAAAAAGACAGGAACGTATTTCCTCGGTTAAACATAATCATCCTGCGTTTCATCACAGAAACCTCGGATTATCCTGCCTTTCCCCGGAAGCGGGCGTTATGGTCAGATGGTTTTTGGAACGAATCTCACAATAAAAAGTTTCAACATACTGACTAGCTCCTCACCGGTAAAATCC
5,0,5,ATACAAAAAAAGACAGGAACGTATTTCCTCGGTTAAACATAATCATCCTGCGTTTCATCACAGAAACCTCGGATTATCCTGCCTTTCCCCGGAAGCGGGCGTTATGGTCAGATGGTTTTTGGAACGAATCTCACAATAAAAAGTTTCAACATACTGACTATGGAGCACGATGGTGTCGAA
1,1,0,ATACAAAAAAAGACAGGAACGTATTTCCTCGGTTAAACATAATCATCCTGCGTTTCATCACAGAAACCTCGGATTATCCTGCCTTTCCCCGGAAGCGGGCGTTGTGGTCAGATGGTTTTTGGAACGAATCTCACAATAAAAAGTTTCAACATACTGACTAGTTGTAGCTATACTACCGTT
2,2,0,ATACAAAAAAAGACAGGAACGTATTTCCTGGGTTATGTATAATCATCCTGCTTTTCATCACAAGAACCGCAGTTACTCCTTCTTTTCCCCTGCAGCTGGCGTTATGGTCAGAAGGTTTATTCAACAAATCTCACAAAAAAAAGTTTCGACATACCGACTATCGAGGCTCAAGAGCAGCCG
1,1,0,ATACAAAAAAAGACAGGAACGTATTTCGTGGGTTTAATATAATCATCCTGGTTTTCAGCACAAGAACCGCAGATAATCGTTCCTTTCCCGGGCGCCTGGCGTTAAGGCCAGATGGTTTTTGCAACAAATCACACAATAAAAAGTTTCAACATACTGACTAACTGGTTTGACTAACCCTGT
1,1,0,ATACAAAAAAAGACAGGAACGTATTTCGTGGGTTTAATATAATCATCCTGGTTTTCAGCACAAGAACCGCAGATAATCGTTCCTTTCCCGGGCGCCTGGCGTTAAGGCCAGATGGTTTTTGCAACAAATCACACAATAAAAAGTTTCAACATACTGACTAATGGTATCAAGTCTCTAAAG
3,2,1,ATACAAAAAAAGACAGGAACGTATTTCGTGGGTTTAATATAATCATCCTGGTTTTCAGCACAAGAACCGCAGATAATCGTTCCTTTCCCGGGCGCCTGGCGTTAAGGCCAGATGGTTTTTGCAACAAATCACACAATAAAAAGTTTCAACATACTGACTAATTAGTTAACGATTTACGTG
4,4,0,ATACAAAAAAAGACAGGAACGTATTTCGTGGGTTTAATATAATCATCCTGGTTTTCAGCACAAGAACCGCAGATAATCGTTCCTTTCCCGGGCGCCTGGCGTTAAGGCCAGATGGTTTTTGCAACAAATCACACAATAAAAAGTTTCAACATACTGACTAGTACTTCAATAACAGCTCCT
3,0,3,ATACAAAAAAAGACAGGAACGTATTTCGTGGGTTTAATATAATCATCCTGGTTTTCAGCACAAGAACCGCAGATAATCGTTCCTTTCCCGGGCGCCTGGCGTTAAGGCCAGATGGTTTTTGCAACAAATCACACAATAAAAAGTTTCAACATACTGACTATGAGTTTTACCCATGCTGCG
6,4,2,ATACAAAAAAAGACAGGAACGTATTTCGTGGGTTTAATATAATCATCCTGGTTTTCAGCACAAGAACCGCAGATAATCGTTCCTTTCCCGGGCGCCTGGCGTTAAGGCCAGATGGTTTTTTCAACAAATCACACAATAAAAAGTTTCAACATACTGACTACTTAACGTTGAAACCACTCA
7,7,0,ATACAAAAAAAGACAGGAACGTATTTGCTGGGTTAAATATAATCATCCTGTTTTTCATCACAAAAACCGCAGATAACCCCTCCTTTCCCCAGCAGCTGGCGTTATGTTCAGATGGTTTTTGCCACAAATCTCACAACAACAAGTTTCAACATACTGACTAAACAGTTAATTTCGCTACTT
6,6,0,ATACAAAAAAAGACAGGAACGTATTTGCTGGGTTAAATATAATCATCCTGTTTTTCATCACAAAAACCGCAGATAACCCCTCCTTTCCCCAGCAGCTGGCGTTATGTTCAGATGGTTTTTGCCACAAATCTCACAACAACAAGTTTCAACATACTGACTAATATCCTTTGTCGGTTGCTC
5,5,0,ATACAAAAAAAGACAGGAACGTATTTGCTGGGTTAAATATAATCATCCTGTTTTTCATCACAAAAACCGCAGATAACCCCTCCTTTCCCCAGCAGCTGGCGTTATGTTCAGATGGTTTTTGCCACAAATCTCACAACAACAAGTTTCAACATACTGACTACGCCTCCTGTGCAATTGTAG
6,6,0,ATACAAAAAAAGACAGGAACGTATTTGCTGGGTTAAATATAATCATCCTGTTTTTCATCACAAAAACCGCAGATAACCCCTCCTTTCCCCAGCAGCTGGCGTTATGTTCAGATGGTTTTTGCCACAAATCTCACAACAACAAGTTTCAACATACTGACTATGGTTGACACTGGATCTGTG
11,4,7,ATACAAAAAAAGACAGGAACGTATTTGCTGGGTTAAGTATAATCATCCTGCTTTTCAACAATAAAACTGCAGGTTATCCTTCCCTTCCCCGGCAGCTCCCGTTATGGCCAGATGGTTTTTGCAACACATCTCACATTAAAAATTTTCAACATCATGACTAATCTGATTCGGACGGCATTA
8,4,4,ATACAAAAAAAGACAGGAACGTATTTGCTGGGTTAAGTATAATCATCCTGCTTTTCAACAATAAAACTGCAGGTTATCCTTCCCTTCCCCGGCAGCTCCCGTTATGGCCAGATGGTTTTTGCAACACATCTCACATTAAAAATTTTCAACATCATGACTACGGTATATGAGCTGTCTATC
11,10,1,ATACAAAAAAAGACAGGAACGTATTTGCTGGGTTAAGTATAATCATCCTGCTTTTCAACAATAAAACTGCAGGTTATCCTTCCCTTCCCCGGCAGCTCCCGTTATGGCCAGATGGTTTTTGCAACACATCTCACATTAAAAATTTTCAACATCATGACTATAACAACCTATTCGTTCTCG
6,4,2,ATACAAAAAAAGACAGGAACGTATTTTCTGGGGTAAATATAATCATCCTGCTTTTCATCACATTAACCGCAGATATTCCTTCCTTTCCCCGGCAGCTGGCGTTATGGTCAGATGATTTTTGCAACAAGTGTCACAATAAAAAGATTCAACAAACTGACTAACGTGACCTCGGCAATGTAA
4,1,3,ATACAAAAAAAGACAGGAACGTATTTTCTGGGGTAAATATAATCATCCTGCTTTTCATCACATTAACCGCAGATATTCCTTCCTTTCCCCGGCAGCTGGCGTTATGGTCAGATGATTTTTGCAACAAGTGTCACAATAAAAAGATTCAACAAACTGACTACGGACATGGAATGGGAAGAA
11,2,9,ATACAAAAAAAGACAGGAACGTATTTTCTGGGGTAAATATAATCATCCTGCTTTTCATCACATTAACCGCAGATATTCCTTCCTTTCCCCGGCAGCTGGCGTTATGGTCAGATGATTTTTGCAACAAGTGTCACAATAAAAAGATTCAACAAACTGACTATACTTTAGTTTGCGGTGTAG
1,1,0,ATACAAAAAAAGACAGGAACGTATTTTCTGGGGTAAATATAATCATCCTGCTTTTCATCACATTAACCGCAGATATTCCTTCCTTTCCCCGGCAGCTGGCGTTATGGTCAGATGATTTTTGCAACAAGTGTCACAATAAAAAGATTCAACAAACTGACTATCCGGCATAATAACCCAGAC
1,1,0,ATACAAAAAAAGACAGGAACGTATTTTCTGGGGTAAATATAATCATCCTGCTTTTCATCACATTAACCGCAGATATTCCTTCCTTTCCCCGGCAGCTGGCGTTATGGTCAGATGATTTTTGCAACAAGTGTCACAATAAAAAGATTCAACAAACTGACTATCGACCGAAATTTCGATGGC
2,1,1,ATACAAAAAAAGACAGGAACGTATTTTCTGGGGTAAATATAATCATCCTGCTTTTCATCACATTAACCGCAGATATTCCTTCCTTTCCCCGGCAGCTGGCGTTATGGTCAGATGATTTTTGCAACAAGTGTCACAATAAAAAGATTCAACAAACTGACTATGGCAGCTATCGTGACTCAT
1,1,0,ATACAAAAAAAGACAGGAACGTATTTTCTGGGTCAAATATAATGATCCTACTTTTCATCACAAAAACCGTAGATAATCCTTCAGTTCTCTAGCAGCTGGCGTTGTGGTAAGATTGATTTTGCAACAGGTCTCACAATAAAGAGTTTCAACACACTGACTAGTTCGTCGTACTATTATCAA
5,3,2,ATACAAAAAAAGACAGGAACGTATTTTCTGGGTCAAATATAATGATCCTGCTTTTCATCACAAAAACCGTAGATAATCCTTCAGTTCTCTAGCAGCTGGCGTTGTGGTAAGATTGATTTTGCAACAGGTCTCACAATAAAGAGTTTCAACACACTGACTACTCATACGCCACTCAATTTA
3,1,2,ATACAAAAAAAGACAGGAACGTATTTTCTGGGTCAAATATAATGATCCTGCTTTTCATCACAAAAACCGTAGATAATCCTTCAGTTCTCTAGCAGCTGGCGTTGTGGTAAGATTGATTTTGCAACAGGTCTCACAATAAAGAGTTTCAACACACTGACTAGATAAGTTGAACATAGAATC
10,1,9,ATACAAAAAAAGACAGGAACGTATTTTCTGGGTCAAATATAATGATCCTGCTTTTCATCACAAAAACCGTAGATAATCCTTCAGTTCTCTAGCAGCTGGCGTTGTGGTAAGATTGATTTTGCAACAGGTCTCACAATAAAGAGTTTCAACACACTGACTAGGCCTGGCGCATTCAGAATC
39,10,29,ATACAAAAAAAGACAGGAACGTATTTTCTGGGTCAAATATAATGATCCTGCTTTTCATCACAAAAACCGTAGATAATCCTTCAGTTCTCTAGCAGCTGGCGTTGTGGTAAGATTGATTTTGCAACAGGTCTCACAATAAAGAGTTTCAACACACTGACTAGGCGCACGGCAGCATATTGT
3,1,2,ATACAAAAAAAGACAGGAACGTATTTTCTGGGTCAAATATAATGATCCTGCTTTTCATCACAAAAACCGTAGATAATCCTTCAGTTCTCTAGCAGCTGGCGTTGTGGTAAGATTGATTTTGCAACAGGTCTCACAATAAAGAGTTTCAACACACTGACTAGTGAGACATCATTCCTTCTT
50,16,34,ATACAAAAAAAGACAGGAACGTATTTTCTGGGTCAAATATAATGATCCTGCTTTTCATCACAAAAACCGTAGATAATCCTTCAGTTCTCTAGCAGCTGGCGTTGTGGTAAGATTGATTTTGCAACAGGTCTCACAATAAAGAGTTTCAACACACTGACTATCAAGTCAGGAATTACTGCG
13,3,10,ATACAAAAAAAGACAGGAACGTATTTTCTGGGTCAAATATAATGATCCTGCTTTTCATCACAAAAACCGTAGATAATCCTTCAGTTCTCTAGCAGCTGGCGTTGTGGTAAGATTGATTTTGCAACAGGTCTCACAATAAAGAGTTTCAACACACTGACTATGAAGCATTAATCCGATCAA
6,4,2,ATACAAAAAAAGACAGGAACGTATTTTCTGGGTTAAATATAATCATCCTCCTTTTCACCACAAAAACCGGAGATAATCCATCCGTTCCCTGGCATCTGCCGTTATGGCCAGATGGTTTTTCCAACAAATCTCACAACGAAAATTTTCAACATCCTGACTGGGGAGAATTATTTTGAGAGG
6,6,0,ATACAAAAAAAGACAGGAACGTCGTTACTGGGATAATTATAATCATCATGCTTTTCATCACAAAAACCGCAGATAATCCTTCCTTTCGCCCACAGCTGGCGTTGTCGTCAGATGGTTTTTGCAACAAATCTCACAATAAAAAGTTTCAACATACTGACTAGAGGGATGACCTCATCTGAG
10,5,5,ATACAAAAAAAGACAGGAACGTCTGTTCTGGGTTAAATATAATCATCCTGCGAAGCATCACAAAAACCGCAGATAATCCTTCCTTTCCCAGCCAGCTGCCGTTATTGTCAGATGGTTTTTACTACAAATCTCACAATAAAAAGAATCAACATACTGACCACAGCTTTCCACGTTTAACCC
1,1,0,ATACAAAAAAAGACAGGAACGTCTGTTCTGGGTTAAATATAATCATCCTGCGAAGCATCACAAAAACCGCAGATAATCCTTCCTTTCCCAGCCAGCTGCCGTTATTGTCAGATGGTTTTTACTACAAATCTCACAATAAAAAGAATCAACATACTGACTAAGCTAAGGTTGTTCACCTAC
54,22,32,ATACAAAAAAAGACAGGAACGTCTGTTCTGGGTTAAATATAATCATCCTGCGAAGCATCACAAAAACCGCAGATAATCCTTCCTTTCCCAGCCAGCTGCCGTTATTGTCAGATGGTTTTTACTACAAATCTCACAATAAAAAGAATCAACATACTGACTACCAACTTGGTGTCGACGTCG
5,2,3,ATACAAAAAAAGACAGGAACGTCTGTTCTGGGTTAAATATAATCATCCTGCGAAGCATCACAAAAACCGCAGATAATCCTTCCTTTCCCAGCCAGCTGCCGTTATTGTCAGATGGTTTTTACTACAAATCTCACAATAAAAAGAATCAACATACTGACTAGATGTAAAGCGTTTGCGAAA
9,4,5,ATACAAAAAAAGACAGGAACGTCTTTACTGGGTTAAATATAATCATGCTGCTTTTCATCACATACACCGCAGATGATCCTTCCTTTCCCCGGCAACTGGCGTTATGTTAAGATCGTGTTTGCAGCAAATCTCACAATAGAAAGTTTCAACAGACTCACTACGTTCGTTCCCAATAGACCG
11,4,7,ATACAAAAAAAGACAGGAACGTCTTTACTGGGTTAAATATAATCATGCTGCTTTTCATCACATACACCGCAGATGATCCTTCCTTTCCCCGGCAGCTGGCGTTATGTTAAGATCGTGTTTGCAGCAAATCTCACAATAGAAAGTTTCAACAGACTCACTAAGTTATCGCAAGAAAGAAGA
16,6,10,ATACAAAAAAAGACAGGAACGTCTTTACTGGGTTAAATATAATCATGCTGCTTTTCATCACATACACCGCAGATGATCCTTCCTTTCCCCGGCAGCTGGCGTTATGTTAAGATCGTGTTTGCAGCAAATCTCACAATAGAAAGTTTCAACAGACTCACTACGATACGAAACGAGTGGACG
26,10,16,ATACAAAAAAAGACAGGAACGTCTTTACTGGGTTAAATATAATCATGCTGCTTTTCATCACATACACCGCAGATGATCCTTCCTTTCCCCGGCAGCTGGCGTTATGTTAAGATCGTGTTTGCAGCAAATCTCACAATAGAAAGTTTCAACAGACTCACTACTTGAGACTTAGAGCCATAG
16,3,13,ATACAAAAAAAGACAGGAACGTCTTTACTGGGTTAAATATAATCATGCTGCTTTTCATCACATACACCGCAGATGATCCTTCCTTTCCCCGGCAGCTGGCGTTATGTTAAGATCGTGTTTGCAGCAAATCTCACAATAGAAAGTTTCAACAGACTCACTAGATTGCCTTCAGCTTGTTAG
5,1,4,ATACAAAAAAAGACAGGAACGTCTTTACTGGGTTAAATATAATCATGCTGCTTTTCATCACATACACCGCAGATGATCCTTCCTTTCCCCGGCAGCTGGCGTTATGTTAAGATCGTGTTTGCAGCAAATCTCACAATAGAAAGTTTCAACAGACTCACTAGTAGACGTCGTCGGAAAAGA
49,16,33,ATACAAAAAAAGACAGGAACGTCTTTACTGGGTTAAATATAATCATGCTGCTTTTCATCACATACACCGCAGATGATCCTTCCTTTCCCCGGCAGCTGGCGTTATGTTAAGATCGTGTTTGCAGCAAATCTCACAATAGAAAGTTTCAACAGACTCACTATAAGGTTCTAGTTCACGTCA
29,10,19,ATACAAAAAAAGACAGGAACGTCTTTACTGGGTTAAATATAATCATGCTGCTTTTCATCACATACACCGCAGATGATCCTTCCTTTCCCCGGCAGCTGGCGTTATGTTAAGATCGTGTTTGCAGCAAATCTCACAATAGAAAGTTTCAACAGACTCACTATCTCAATTCACGGAATAACG
1,1,0,ATACAAAAAAAGACAGGAACGTCTTTATTGGGTGAACTATAATCATCCAGCTTTTCATCACAAAAACCGCAGATAATCTTTCCTGTCCCCGGCAGCTGGCGTTATGGTCATATGTGTTTTGCAACAAGTCTCACGATAAAAAGTCTCAACATAATGACTACGTCCGGATAGAACCGAACA
2,2,0,ATACAAAAAAAGACAGGAACGTGAATACAGGGTTAAATATATTCATCCTACCTTTCATCACACACACCGCAGATAATCCTCCCTTTCCCCGGCTGCTGGCGTTATGGTCATATGGTTTTTGCAACTAATCTCACAATAAAGTGTTTGAACATACTGACTTGGTGCACAGCCAGAAAACAG
7,4,3,ATACAAAAAAAGACAGGAACGTGAATACAGGGTTAAATATATTCATCCTACCTTTCATCACACACACCGCAGATAATCCTCCCTTTCCCCGGCTGCTGGCGTTATGGTCATATGGTTTTTGCAACTAATCTCACAATAAAGTGTTTGAACATACTGACTTTGAGGCAATCTCGTTCAAAC
2,2,0,ATACAAAAAAAGACAGGAACGTGAATACAGGGTTAAATATATTCATCCTACCTTTCATCACACACACCGCAGATAATCCTCCCTTTCCCCGGCTGCTGGCGTTATGGTCATATGGTTTTTGCAACTAATCTCACAATAAAGTGTTTGAACATACTGACTTTTGGGGCAGACGTGTGACAC
22,9,13,ATACAAAAAAAGACAGGAACGTGTTTACTGGGTTAAATCTAAAGATCCTGCTTTTCATCACAAAAACCGCATATAATCCGTTCTTACCCCGGCTGTTGGCGTTATAGTCAGGTGGTTTTTGCGACAAATCTCACAATAAAAAGTTGAAACATGCTGACTAAACAACCAGTCACCTGTTGT
14,5,9,ATACAAAAAAAGACAGGAACGTGTTTACTGGGTTAAATCTAAAGATCCTGCTTTTCATCACAAAAACCGCATATAATCCGTTCTTACCCCGGCTGTTGGCGTTATAGTCAGGTGGTTTTTGCGACAAATCTCACAATAAAAAGTTGAAACATGCTGACTACCAACTTAAATCGGGACGCT
3,1,2,ATACAAAAAAAGACAGGAACGTGTTTACTGGGTTAAATCTAAAGATCCTGCTTTTCATCACAAAAACCGCATATAATCCGTTCTTACCCCGGCTGTTGGCGTTATAGTCAGGTGGTTTTTGCGACAAATCTCACAATAAAAAGTTGAAACATGCTGACTACTGGTGTTAGGTGACCCGGC
2,1,1,ATACAAAAAAAGACAGGAACGTGTTTACTGGGTTAAATCTAAAGATCCTGCTTTTCATCACAAAAACCGCATATAATCCGTTCTTACCCCGGCTGTTGGCGTTATAGTCAGGTGGTTTTTGCGACAAATCTCACAATAAAAAGTTGAAACATGCTGACTAGACTTGCCGTATAGACGGAT
51,9,42,ATACAAAAAAAGACAGGAACGTGTTTACTGGGTTAAATCTAAAGATCCTGCTTTTCATCACAAAAACCGCATATAATCCGTTCTTACCCCGGCTGTTGGCGTTATAGTCAGGTGGTTTTTGCGACAAATCTCACAATAAAAAGTTGAAACATGCTGACTAGCCACGAACCGGAAAAGTAC
23,23,0,ATACAAAAAAAGACAGGAACGTTTTGACGAGGTCAAATATAATCATGCTGCTTTTCATCATAAAAGCCGCAGATAATTCTGCCGTTCCCCGGCAGCTGGCGGTATCGTCTGCTCGTTTTGGCAACGAATCTCACAATAAAAAGTTACAACTTATCGACAAATTATCCACGTTGCAGGCCC
19,15,4,ATACAAAAAAAGACAGGAACGTTTTGACGAGGTCAAATATAATCATGCTGCTTTTCATCATAAAAGCCGCAGATAATTCTGCCGTTCCCCGGCAGCTGGCGGTATCGTCTGCTCGTTTTGGCAACGAATCTCACAATAAAAAGTTACAACTTATCGACAAGAACGTTTCACTATAATCAC
6,6,0,ATACAAAAAAAGACAGGAACGTTTTGACGAGGTCAAATATAATCATGCTGCTTTTCATCATAAAAGCCGCAGATAATTCTGCCGTTCCCCGGCAGCTGGCGGTATCGTCTGCTCGTTTTGGCAACGAATCTCACAATAAAAAGTTACAACTTATCGACAAGAGCGGTCTCATGAGGCCAG
3,0,3,ATACAAAAAAAGACAGGAACGTTTTGACGAGGTCAAATATAATCATGCTGCTTTTCATCATAAAAGCCGCAGATAATTCTGCCGTTCCCCGGCAGCTGGCGGTATCGTCTGCTCGTTTTGGCAACGAATCTCACAATAAAAAGTTACAACTTATCGACAAGTGTAGGCTCCGCATTTAAT
2,2,0,ATACAAAAAAAGACAGGAACGTTTTGACGAGGTCAAATATAATCATGCTGCTTTTCATCATAAAAGCCGCAGATAATTCTGCCGTTCCCCGGCAGCTGGCGGTATCGTCTGCTCGTTTTGGCAACGAATCTCACAATAAAAAGTTACAACTTATCGACAAGTTGTCGTAATGGAGGTGGG
4,2,2,ATACAAAAAAAGACAGGAACGTTTTGACGAGGTCAAATATAATCATGCTGCTTTTCATCATAAAAGCCGCAGATAATTCTGCCGTTCCCCGGCAGCTGGCGGTATCGTCTGCTCGTTTTGGCAACGAATCTCACAATAAAAAGTTACAACTTATCGACAATATGCAGATACGGTACCAAG
10,8,2,ATACAAAAAAAGACAGGAACGTTTTGACGAGGTCAAATATAATCATGCTGCTTTTCATCATAAAAGCCGCAGATAATTCTGCCGTTCCCCGGCAGCTGGCGGTATCGTCTGCTCGTTTTGGCAACGAATCTCACAATAAAAAGTTACAACTTATCGACAATGTGCATTTCGTCCAGATAA
7,7,0,ATACAAAAAAAGACAGGAACGTTTTTACTGGCTTAAATACAGTCAACCTGCTTTTCATCGCAAAAACCGCAGAGAATCCTAACTATCCCCGGCAGCTGGCTTTATGGTCAGATAGTTTATGCAACAAATATCACAATAACTAGTTCCAACATACTTACTAGACGGTACGGTCGGATTATG
2,2,0,ATACAAAAAAAGACAGGAACGTTTTTACTGGCTTAAATACAGTCAACCTGCTTTTCATCGCAAAAACCGCAGAGAATCCTAACTATCCCCGGCAGCTGGCTTTATGGTCAGATGGTTTATGCAACAAATATCACAATAACTAGTTCCAACATACTTACTAATTGGAATTGCTGTTAAAAC
5,4,1,ATACAAAAAAAGACAGGAACGTTTTTACTGGGTTAAATATAATCATCCTGCTTTTCATGACAAAAGCCGCAGATAATCCTTCCTTTCCCCGGAAGCTGGCGTTATGGTCAGATGGTCTTTGCAACAAATCCCACAATATAAAGTTTCAACAACCTGACTAAGAAGGGCACAGAAACAAGC
15,14,1,ATACAAAAAAAGACAGGAACGTTTTTACTGGGTTAAATATAATCATCCTGCTTTTCATGACAAAAGCCGCAGATAATCCTTCCTTTCCCCGGAAGCTGGCGTTATGGTCAGATGGTCTTTGCAACAAATCCCACAATATAAAGTTTCAACAACCTGACTAGAGGATTAACTATCGGGACA
3,3,0,ATACAAAAAAAGACAGGAACTTAGTTACTGGGTCAAATATAATCGTCCTGCGTTCCATCACAAAAACCGCAGATAATCCTTCGTTTCCCCGGCAGCTGGCGTAATGGTCAGATGGTTTTTTCAACAAATCTCACAATAAAAACTTTCAACATACTGACTACCACCCGCCACAGTCGCTAA
2,2,0,ATACAAAAAAAGACAGGAACTTAGTTACTGGGTCAAATATAATCGTCCTGCGTTCCATCACAAAAACCGCAGATAATCCTTCGTTTCCCCGGCAGCTGGCGTAATGGTCAGATGGTTTTTTCAACAAATCTCACAATAAAAACTTTCAACATACTGACTACGATCATCACATTACTAACA
2,2,0,ATACAAAAAAAGACAGGAACTTAGTTACTGGGTCAAATATAATCGTCCTGCGTTCCATCACAAAAACCGCAGATAATCCTTCGTTTCCCCGGCAGCTGGCGTAATGGTCAGATGGTTTTTTCAACAAATCTCACAATAAAAACTTTCAACATACTGACTACGTAAATCACAGTTCAGAAT
3,3,0,ATACAAAAAAAGACAGGAACTTAGTTACTGGGTCAAATATAATCGTCCTGCGTTCCATCACAAAAACCGCAGATAATCCTTCGTTTCCCCGGCAGCTGGCGTAATGGTCAGATGGTTTTTTCAACAAATCTCACAATAAAAACTTTCAACATACTGACTAGATGCAGCTATGCTCCAACC
7,7,0,ATACAAAAAAAGACAGGAACTTAGTTACTGGGTCAAATATAATCGTCCTGCGTTCCATCACAAAAACCGCAGATAATCCTTCGTTTCCCCGGCAGCTGGCGTAATGGTCAGATGGTTTTTTCAACAAATCTCACAATAAAAACTTTCAACATACTGACTATACCGCAAGTACCCTCTATG
4,4,0,ATACAAAAAAAGACAGGAACTTAGTTACTGGGTCAAATATAATCGTCCTGCGTTCCATCACAAAAACCGCAGATAATCCTTCGTTTCCCCGGCAGCTGGCGTAATGGTCAGATGGTTTTTTCAACAAATCTCACAATAAAAACTTTCAACATACTGACTATAGCCGAGTCCAATGCAGCC
3,3,0,ATACAAAAAAAGACAGGAACTTAGTTACTGGGTCAAATATAATCGTCCTGCGTTCCATCACAAAAACCGCAGATAATCCTTCGTTTCCCCGGCAGCTGGCGTAATGGTCAGATGGTTTTTTCAACAAATCTCACAATAAAAACTTTCAACATACTGACTATATTAAAGAACTCCACCTAC
56,7,49,ATACAAAAAAAGACAGGAAGGGTTTTACTGGGTTAAATATAAGCATCCTGCTTTTCACCACAAAGACCGTAGAAAATCCTTGCTTTCCCCGGCAGCTGGCGTTATGGTCAGATGGTTTTTGCAACAAATCTCACAATGATAAGCTGCAAAATACTGACTAACGTTTGGGTGTCTTATGGA
10,1,9,ATACAAAAAAAGACAGGAAGGGTTTTACTGGGTTAAATATAAGCATCCTGCTTTTCACCACAAAGACCGTAGAAAATCCTTGCTTTCCCCGGCAGCTGGCGTTATGGTCAGATGGTTTTTGCAACAAATCTCACAATGATAAGCTGCAAAATACTGACTACAAAATTAACGTAAACAGGG
106,2,104,ATACAAAAAAAGACAGGAAGGGTTTTACTGGGTTAAATATAAGCATCCTGCTTTTCACCACAAAGACCGTAGAAAATCCTTGCTTTCCCCGGCAGCTGGCGTTATGGTCAGATGGTTTTTGCAACAAATCTCACAATGATAAGCTGCAAAATACTGACTACCGGCTGACGATCCTAAAGG
1,0,1,ATACAAAAAAAGACAGGAAGGGTTTTACTGGGTTAAATATAAGCATCCTGCTTTTCACCACAAAGACCGTAGAAAATCCTTGCTTTCCCCGGCAGCTGGCGTTATGGTCAGATGGTTTTTGCAACAAATCTCACAATGATAAGCTGCAAAATACTGACTACTCTGTATCGCCATTTTCAG
12,3,9,ATACAAAAAAAGACAGGAAGGTATTCACGGGGTTAAATACAACCACCCTGCTTTGCATCACAAATACCGCACATAATCCTTCCTTTCCCCGGCAGCAGGCGTTATGGTCAAATGGTTTTTGCAACCAATCTCACAATAAAAAGTTTCAACATAATGACTAGAGATCAGTCCTTATCTTCT
16,1,15,ATACAAAAAAAGACAGGAAGGTATTCACGGGGTTAAATACAACCACCCTGCTTTGCATCACAAATACCGCACATAATCCTTCCTTTCCCCGGCAGCAGGCGTTATGGTCAGATGGTTTTTGCAACCAATCTCACAATAAAAAGTTTCAACATAATGACTACTTGTATGCATATAAGGATT
6,0,6,ATACAAAAAAAGACAGGAAGGTATTCACGGGGTTAAATACAACCACCCTGCTTTGCATCACAAATACCGCACATAATCCTTCCTTTCCCCGGCAGCAGGCGTTATGGTCAGATGGTTTTTGCAACCAATCTCACAATAAAAAGTTTCAACATAATGACTAGCTTACAGAAGACCTTAGTG
20,2,18,ATACAAAAAAAGACAGGAAGGTATTCACGGGGTTAAATACAACCACCCTGCTTTGCATCACAAATACCGCACATAATCCTTCCTTTCCCCGGCCGCAGGCGTTATGGTCAGATGGTTTTTGCAACCAATCTCACAATAAAAAGTTTCAACATAATGACTATACATACTGTTGACCGTCTA
28,28,0,ATACAAAAAAAGACAGGAAGGTATTTACTGGGATAAATATAATCCTCCTACTTTTTATCAGAAAAACCGCAGATAATTCTTCCTTACCCCGGCAGCTGGCGTTAGGGTCAGATCGTTTTTATAACCAATCTCACAATAAGAAATTTCTAAATACTGACTATTCAAGCAGGCTCTCGATAT
5,4,1,ATACAAAAAAAGACAGGAAGGTATTTACTGGGATAAATATAATCCTCCTACTTTTTATCATAAAAACCGCAGATAATTCTTCCTTACCCCGGCAGCTGGCGTTAGGGTCAGATCGTTTTTATAACCAATCTCACAATAAGAAGTTTCTAAATACTGACTATGCATTTTACCAAAACTAGT
1,1,0,ATACAAAAAAAGACAGGAAGGTATTTACTGGGTTAATAATATTCATCCTGATTTTCATCACAAAAACCGCAGATAATTATTCCGGTCCCCGGCAGCTGGCGTTATGGCCAGATGGTTTTAGCAACAAAACTCACAATGAGAAGTTTCAACATAGGTCCTCCAGGCCAGGTAGCGATGCGC
2,2,0,ATACAAAAAAAGACAGGAAGGTATTTACTGGGTTAATAATATTCATCCTGATTTTCATCACAAAAACCGCAGATAATTATTCCGGTCCCCGGCAGCTGGCGTTATGGCCAGATGGTTTTAGCAACAAAACTCACAATGAGAAGTTTCAACATAGGTCCTCGAGAATTTCTGTGTTCGGTG
2,2,0,ATACAAAAAAAGACAGGAAGGTATTTACTGGGTTAATAATATTCATCCTGATTTTCATCACAAAAACCGCAGATAATTATTCCGGTCCCCGGCAGCTGGCGTTATGGCCAGATGGTTTTAGCAACAAAACTCACAATGAGAAGTTTCAACATAGGTCCTCTAAAACGTTAGCTATAACAA
4,1,3,ATACAAAAAAAGACAGGAAGGTTTTTACTGGGTGAAATATAATCATCCTGCTTTTCATCACAACAACCGCAGATAAGCCTTCCTTTCCCCCGCAGCGGGCGTTATGGTCAGATGGTTTTTGCAACAAATCTCACAATAAAAAGTTTCAACGAACGGACTAAGTTCGCATGAAATCAGCGC
9,7,2,ATACAAAAAAAGACAGGAAGGTTTTTACTGGGTGAAATATAATCATCCTGCTTTTCATCACAACAACCGCAGATAAGCCTTCCTTTCCCCCGCAGCGGGCGTTATGGTCAGATGGTTTTTGCAACAAATCTCACAATAAAAAGTTTCAACGAACGGACTACCGCGCATTGCATTGTGGTA
8,5,3,ATACAAAAAAAGACAGGAAGGTTTTTACTGGGTGAAATATAATCATCCTGCTTTTCATCACAACAACCGCAGATAAGCCTTCCTTTCCCCCGCAGCGGGCGTTATGGTCAGATGGTTTTTGCAACAAATCTCACAATAAAAAGTTTCAACGAACGGACTACGGAAACTTCTTAGGAATCA
1,1,0,ATACAAAAAAAGACAGGAAGGTTTTTACTGGGTGAAATATAATCATCCTGCTTTTCATCACAACAACCGCAGATAAGCCTTCCTTTCCCCCGCAGCGGGCGTTATGGTCAGATGGTTTTTGCAACAAATCTCACAATAAAAAGTTTCAACGAACGGACTACTAGGGTCCCCGGATGCCGG
4,4,0,ATACAAAAAAAGACAGGAAGGTTTTTACTGGGTGAAATATAATCATCCTGCTTTTCATCACAACAACCGCAGATAAGCCTTCCTTTCCCCCGCAGCGGGCGTTATGGTCAGATGGTTTTTGCAACAAATCTCACAATAAAAAGTTTCAACGAACGGACTACTTATTTTACTCAATGAACA
7,7,0,ATACAAAAAAAGACAGGAAGGTTTTTACTGGGTGAAATATAATCATCCTGCTTTTCATCACAACAACCGCAGATAAGCCTTCCTTTCCCCCGCAGCGGGCGTTATGGTCAGATGGTTTTTGCAACAAATCTCACAATAAAAAGTTTCAACGAACGGACTATGGAGTCTTACGCGTCGCAT
9,5,4,ATACAAAAAAAGACAGGAAGGTTTTTACTGGGTGAAATATAATCATCCTGCTTTTCATCACAACAACCGCAGATAAGCCTTCCTTTCCCCCGCAGCGGGCGTTATGGTCAGATGGTTTTTGCAACAAATCTCACAATAAAAAGTTTCAACGAACGGACTATTCTCCCTGTATGTGGCTAA
2,1,1,ATACAAAAAAAGACAGGAAGGTTTTTACTGGGTGAAATATAATCATCCTGCTTTTCATCACAACAACCGCAGATAAGCCTTCCTTTCCCCCGCAGCGGGCGTTATGGTCAGATGGTTTTTGCAACAAATCTCACAATAAAAAGTTTCAACGAACGGACTATTTAGCGCAAATGGCGTAAA
5,5,0,ATACAAAAAAAGACAGGAATATATCTACTGGGCTAAATATAAACATCCTGCTTTTCATCACAAAAACCGCAGATAATCATCCCTTTCCCCGGCAGCTGGCGTTATGGCCAGATGGTTTTTGCAACAACTCTCAAAATAAAAAGGTCTAACATAGTGACTAAACGGCTTTAATGCTGATTA
1,1,0,ATACAAAAAAAGACAGGAATATATCTACTGGGCTAAATATAAACATCCTGCTTTTCATCACAAAAACCGCAGATAATCATCCCTTTCCCCGGCAGCTGGCGTTATGGCCAGATGGTTTTTGCAACAACTCTCAAAATAAAAAGGTCTAACATAGTGACTAATTCTATACTGTCGGCTTCG
4,4,0,ATACAAAAAAAGACAGGAATATATCTACTGGGCTAAATATAAACATCCTGCTTTTCATCACAAAAACCGCAGATAATCATCCCTTTCCCCGGCAGCTGGCGTTATGGCCAGATGGTTTTTGCAACAACTCTCAAAATAAAAAGGTCTAACATAGTGACTACACCTGTTGAGTAGCGCGAA
3,1,2,ATACAAAAAAAGACAGGAATGTATTTAAGGGCTTAAATGTAATCATGCTGCTTTACAGCATAAAAACCGCAGATAATCCTTCCTTTCCCCGACAGCAGGCGTTATGTTCAGATGGTTTATGTAACAAATCTCGCATTAAAAATTTTCAACATACTGACTACCCGTTCGCATAATCGCTGC
13,2,11,ATACAAAAAAAGACAGGAATGTATTTAAGGGCTTAAATGTAATCATGCTGCTTTACAGCATAAAAACCGCAGATAATCCTTCCTTTCCCCGACAGCAGGCGTTATGTTCAGATGGTTTATGTAACAAATCTCGCATTAAAAATTTTCAACATACTGACTAGTCGCGATATGGGTAAGTCT
4,4,0,ATACAAAAAAAGACAGGAATGTATTTAAGGGCTTAAATGTAATCATGCTGCTTTACAGCATAAAAACCGCAGATAATCCTTCCTTTCCCCGACAGCAGGCGTTATGTTCAGATGGTTTATGTAACAAATCTCGCATTAAAAATTTTCAACATACTGACTATGTTACGTTCCATCAGGCTT
9,9,0,ATACAAAAAAAGACAGGAATGTATTTACCGGGCTAATTATAATCATCCTGCTTTTGATCACTAAAACGACAGATGATCTATCCTTGCCCCGGCAGCTGGCGTTATGGTCAGATGGTCTTTGCAACAAATCTCACAATTAAAAGTATCAACATACTGACTACCTTGCACTAGACGATTCAG
4,4,0,ATACAAAAAAAGACAGGAATGTATTTACCGGGCTAATTATAATCATCCTGCTTTTGATCACTAAAACGACAGATGATCTATCCTTGCCCCGGCAGCTGGCGTTATGGTCAGATGGTCTTTGCAACAAATCTCACAATTAAAAGTATCAACATACTGACTAGCGGTCAAGCACCGAGGCTC
7,5,2,ATACAAAAAAAGACAGGAATGTATTTACCGGGCTAATTATAATCATCCTGCTTTTGATCACTAAAACGACAGATGATCTATCCTTGCCCCGGCAGCTGGCGTTATGGTCAGATGGTCTTTGCAACAAATCTCACAATTAAAAGTATCAACATACTGACTAGGATCAAGTACATAATTGCC
1,1,0,ATACAAAAAAAGACAGGAATGTATTTACCGGGCTAATTATAATCATCCTGCTTTTGATCACTAAAACGACAGATGATCTATCCTTGCCCCGGCAGCTGGCGTTATGGTCAGATGGTCTTTGCAACAAATCTCACAATTAAAAGTATCAACATACTGACTAGTCATAATCGCGCAGTACAC
1,1,0,ATACAAAAAAAGACAGGAATGTATTTACCGGGCTAATTATAATCATCCTGCTTTTGATCACTAAAACGACAGATGATCTATCCTTGCCCCGGCAGCTGGCGTTATGGTCAGATGGTCTTTGCAACAAATCTCACAATTAAAAGTATCAACATACTGACTATCGTCTCCGCCGTACCTGTC
9,9,0,ATACAAAAAAAGACAGGAATGTATTTACCGGGCTAATTATAATCATCCTGCTTTTGATCACTAAAACGACAGATGATCTATCCTTGCCCCGGCAGCTGGCGTTATGGTCAGATGGTCTTTGCAACAAATCTCACAATTAAAAGTATCAACATACTGACTATTACGGATGCAATACACGGA
23,7,16,ATACAAAAAAAGACAGGAATGTTTTTACTGGGTTAAATATAATAATCCTGCTTTTCATCACAAAAACCGCAGATAATCCTTCCTGTCCCCGGCAGCGGGCGTTATGGTCAGATGGTTTTCGCAACAAATTTCACAATAAAAAGTATCAGCATACTGACTAAAGGAATATGACGGGATCAT
22,11,11,ATACAAAAAAAGACAGGAATGTTTTTACTGGGTTAAATATAATAATCCTGCTTTTCATCACAAAAACCGCAGATAATCCTTCCTGTCCCCGGCAGCGGGCGTTATGGTCAGATGGTTTTCGCAACAAATTTCACAATAAAAAGTATCAGCATACTGACTAAGGTGGTACGCCTCGTTCAT
18,1,17,ATACAAAAAAAGACAGGAATGTTTTTACTGGGTTAAATATAATAATCCTGCTTTTCATCACAAAAACCGCAGATAATCCTTCCTGTCCCCGGCAGCGGGCGTTATGGTCAGATGGTTTTCGCAACAAATTTCACAATAAAAAGTATCAGCATACTGACTACCGGGATTGGATGAAGGTAT
88,8,80,ATACAAAAAAAGACAGGAATGTTTTTACTGGGTTAAATATAATAATCCTGCTTTTCATCACAAAAACCGCAGATAATCCTTCCTGTCCCCGGCAGCGGGCGTTATGGTCAGATGGTTTTCGCAACAAATTTCACAATAAAAAGTATCAGCATACTGACTACGGGAACTCGTACAAGAGGT
24,5,19,ATACAAAAAAAGACAGGAATGTTTTTACTGGGTTAAATATAATAATCCTGCTTTTCATCACAAAAACCGCAGATAATCCTTCCTGTCCCCGGCAGCGGGCGTTATGGTCAGATGGTTTTCGCAACAAATTTCACAATAAAAAGTATCAGCATACTGACTATAGAGGTTATGTTAACCCAT
7,2,5,ATACAAAAAAAGACAGGACCGGAGTTGCTGGGTTAGATATAATCATCGTTCTGTTCTTCACAAAAACCGCAGATAATCCTGCATGTCCCCGGCAGATGGCGTTATGGTCAGATGGTTTTTGCAACAAACCTCACATTATAAAGTTTGAACATATTGACTAATAACCACGAAGAACTAATA
4,3,1,ATACAAAAAAAGACAGGACCGGAGTTGCTGGGTTAGATATAATCATCGTTCTGTTCTTCACAAAAACCGCAGATAATCCTGCATGTCCCCGGCAGATGGCGTTATGGTCAGATGGTTTTTGCAACAAACCTCACATTATAAAGTTTGAACATATTGACTACGTTAACGGGAGTCGCCGAG
13,6,7,ATACAAAAAAAGACAGGACCGGAGTTGCTGGGTTAGATATAATCATCGTTCTGTTCTTCACAAAAACCGCAGATAATCCTGCATGTCCCCGGCAGATGGCGTTATGGTCAGATGGTTTTTGCAACAAACCTCACATTATAAAGTTTGAACATATTGACTAGCCGTCCTTTGACTTGATAA
22,9,13,ATACAAAAAAAGACAGGACCGGAGTTGCTGGGTTAGATATAATCATCGTTCTGTTCTTCACAAAAACCGCAGATAATCCTGCATGTCCCCGGCAGATGGCGTTATGGTCAGATGGTTTTTGCAACAAACCTCACATTATAAAGTTTGAACATATTGACTAGTTAATCTAGGGCCTGGCTG
4,1,3,ATACAAAAAAAGACAGGACCGGAGTTGCTGGGTTAGATATAATCATCGTTCTGTTCTTCACAAAAACCGCAGATAATCCTGCATGTCCCCGGCAGATGGCGTTATGGTCAGATGGTTTTTGCAACAAACCTCACATTATAAAGTTTGAACATATTGACTAGTTATATTGTTACCCACGGG
3,0,3,ATACAAAAAAAGACAGGACCGGAGTTGCTGGGTTAGATATAATCATCGTTCTGTTCTTCACAAAAACCGCAGATAATCCTGCATGTCCCCGGCAGATGGCGTTATGGTCAGATGGTTTTTGCAACAAACCTCACATTATAAAGTTTGAACATATTGACTATAAAAGGGTCGCCTCTGGTT
14,2,12,ATACAAAAAAAGACAGGACCGGAGTTGCTGGGTTAGATATAATCATCGTTCTGTTCTTCACAAAAACCGCAGATAATCCTGCATGTCCCCGGCAGATGGCGTTATGGTCAGATGGTTTTTGCAACAAACCTCACATTATAAAGTTTGAACATATTGACTATGAGACTGAGTTCGGCACCC
9,1,8,ATACAAAAAAAGACAGGACCGGAGTTGCTGGGTTAGATATAATCATCGTTCTGTTCTTCACAAAAACCGCAGATAATCCTGCATGTCCCCGGCAGATGGCGTTATGGTCAGATGGTTTTTGCAACAAACCTCACATTATAAAGTTTGAACATATTGACTATGAGCAACTACGTATCTGAT
1,1,0,ATACAAAAAAAGACAGGACCGTAATCACTGGGTTAAATATAATAATCCTTCTTTTAATCATAAAGACCGCAGATAATCCTTCTTTTCCCCGGCAGCTGGCGTTATGGTCAAATGGTTTTTGCAACAAATGTGTCTGTAAAAAGTTTCAACATACTGACTAGCTCTTAATGCAGTACTGCC
2,2,0,ATACAAAAAAAGACAGGACCGTAATCACTGGGTTAAATATAATAATCCTTCTTTTAATCATAAAGACCGCAGATAATCCTTCTTTTCCCCGGCAGCTGGCGTTATGGTCAAATGGTTTTTGCAACAAATGTGTCTGTAAAAAGTTTCAACATACTGACTAGGATACAAGACTGATTTCGG
3,1,2,ATACAAAAAAAGACAGGACCGTAATTACTGGGTTGTACATAATCATCCTGCTATTCATCACAAGAACCGCAGATAATGCTTCCTCTCCCCGGCAGCGGGCGCTATGGTCAGATGCTTTTTGCAACAAATCTAACAAAAAAAAGTTTCAACATACTGAGTAGCATTAGTGCTGTTGGAAAG
18,14,4,ATACAAAAAAAGACAGGACCGTAATTACTGGGTTGTACATAATCATCCTGCTATTCATCACAAGAACCGCAGATAATGCTTCCTCTCCCCGGCAGCGGGCGCTATGGTCAGATGCTTTTTGCAACAAATCTAACAAAAAAAAGTTTCAACATACTGAGTATATAGGGACCGCCATGACCG
2,2,0,ATACAAAAAAAGACAGGACCGTATATACTGGTTGTAATATAATCATATTATATATCATCACAAAAACCGCAGATAATCCTTCGGTGCCCCGGCAGCTGGCGTTATGATCAGATGGTTTTTGCACCAGATCTCACAATAAAAAGTTTCAACATACTGACTAACTTAGTAAATGGTACAAGT
3,2,1,ATACAAAAAAAGACAGGACCGTATATACTGGTTGTAATATAATCATATTATATATCATCACAAAAACCGCAGATAATCCTTCGGTGCCCCGGCAGCTGGCGTTATGATCAGATGGTTTTTGCACCAGATCTCACAATAAAAAGTTTCAACATACTGACTAGGCTAACCCGACCTGGTTAA
3,2,1,ATACAAAAAAAGACAGGACCGTATATACTGGTTGTAATATAATCATATTATATATCATCACAAAAACCGCAGATAATCCTTCGGTGCCCCGGCAGCTGGCGTTATGATCAGATGGTTTTTGCACCAGATCTCACAATAAAAAGTTTCAACATACTGACTATATGGTCGAATGTAGTGCTT
22,2,20,ATACAAAAAAAGACAGGACCGTATTCACTGCGCTAAATTGAATCATCCTGCTTTTCATCACAAAAACCGCAGATCATCCTTCCTTTCCCAGGCAACTGGCGTTACGATCAGATGGTTTTTGGAATAAATCTCAGAATAAAAAGTTTCAACATACTGACTAACACGCACTGTCTAAAGTTT
12,1,11,ATACAAAAAAAGACAGGACCGTATTCACTGCGCTAAATTGAATCATCCTGCTTTTCATCACAAAAACCGCAGATCATCCTTCCTTTCCCAGGCAACTGGCGTTACGATCAGATGGTTTTTGGAATAAATCTCAGAATAAAAAGTTTCAACATACTGACTAACCTTCTGTGGCGCTTGAAC
14,5,9,ATACAAAAAAAGACAGGACCGTATTCACTGCGCTAAATTGAATCATCCTGCTTTTCATCACAAAAACCGCAGATCATCCTTCCTTTCCCAGGCAACTGGCGTTACGATCAGATGGTTTTTGGAATAAATCTCAGAATAAAAAGTTTCAACATACTGACTACATTTATTGACTACCTCGAC
98,10,88,ATACAAAAAAAGACAGGACCGTATTCACTGCGCTAAATTGAATCATCCTGCTTTTCATCACAAAAACCGCAGATCATCCTTCCTTTCCCAGGCAACTGGCGTTACGATCAGATGGTTTTTGGAATAAATCTCAGAATAAAAAGTTTCAACATACTGACTAGCGACATCACATTTCACATG
6,1,5,ATACAAAAAAAGACAGGACCGTATTCACTGCGCTAAATTGAATCATCCTGCTTTTCATCACAAAAACCGCAGATCATCCTTCCTTTCCCAGGCAACTGGCGTTACGATCAGATGGTTTTTGGAATAAATCTCAGAATAAAAAGTTTCAACATACTGACTAGGTTGACGATTTACCTCGCG
50,5,45,ATACAAAAAAAGACAGGACCGTATTCACTGCGCTAAATTGAATCATCCTGCTTTTCATCACAAAAACCGCAGATCATCCTTCCTTTCCCAGGCAACTGGCGTTACGATCAGATGGTTTTTGGAATAAATCTCAGAATAAAAAGTTTCAACATACTGACTAGTTGTCATTTACCAGGCTCT
17,0,17,ATACAAAAAAAGACAGGACCGTATTCACTGCGCTAAATTGAATCATCCTGCTTTTCATCACAAAAACCGCAGATCATCCTTCCTTTCCCAGGCAACTGGCGTTACGATCAGATGGTTTTTGGAATAAATCTCAGAATAAAAAGTTTCAACATACTGACTATAGGGATTCGTCAAACGACG
38,6,32,ATACAAAAAAAGACAGGACCGTATTCACTGCGCTAAATTGAATCATCCTGCTTTTCATCACAAAAACCGCAGATCATCCTTCCTTTCCCAGGCAACTGGCGTTACGATCAGATGGTTTTTGGAATAAATCTCAGAATAAAAAGTTTCAACATACTGACTATTCTCTAGGCGTGTCGTTGC
14,3,11,ATACAAAAAAAGACAGGACCGTATTTACTCGGTTAAATATCCGCATCCTGCTTTTCATCACATAAACCGCAGATAACCCTTTCTTTCCCCGGCAGCTGGCTTTATGGTGAGATGGATTTTGCAACAAATCTCACAATAAAAGGTTACTACATACTGACTCCTGTGAGTGCTGCCAATACT
2,2,0,ATACAAAAAAAGACAGGACCGTATTTACTCGGTTAAATATCCGCATCCTGCTTTTCATCACATAAACCGCAGATAACCCTTTCTTTCCCCGGCAGCTGGCTTTATGGTGAGATGGATTTTGCAACAAATCTCACAATAAAAGGTTACTACATACTGACTCGAGTGTTCCCTAGGAGATAA
18,2,16,ATACAAAAAAAGACAGGACCGTATTTACTCGGTTAAATATCCGCATCCTGCTTTTCATCACATAAACCGCAGATAACCCTTTCTTTCCCCGGCAGCTGGCTTTATGGTGAGATGGATTTTGCAACAAATCTCACAATAAAAGGTTACTACATACTGACTCGTCAATCCTCTTAGTAAGTT
49,7,42,ATACAAAAAAAGACAGGACCGTATTTACTCGGTTAAATATCCGCATCCTGCTTTTCATCACATAAACCGCAGATAACCCTTTCTTTCCCCGGCAGCTGGCTTTATGGTGAGATGGATTTTGCAACAAATCTCACAATAAAAGGTTACTACATACTGACTCTCCCGCGTTTGGCGATGAAG
22,1,21,ATACAAAAAAAGACAGGACCGTATTTACTCGGTTAAATATCCGCATCCTGCTTTTCATCACATAAACCGCAGATAACCCTTTCTTTCCCCGGCAGCTGGCTTTATGGTGAGATGGATTTTGCAACAAATCTCACAATAAAAGGTTACTACATACTGACTCTGGTAGTTGTATCTATCACA
66,2,64,ATACAAAAAAAGACAGGACCGTATTTACTGGGTTAAATATAATCATTCTGCTGTTCATCACAAAATCGGCAGATAATCCTTTCTTTCCCCGGCAGCTGGCGTTATCTTCAGATGGTTTTTGAAACAAATCTCACAATAAAAAGTTTCAACGTACTGACGCAACCTGTTAACTATGAGAAA
135,8,127,ATACAAAAAAAGACAGGACCGTATTTACTGGGTTAAATATAATCATTCTGCTGTTCATCACAAAATCGGCAGATAATCCTTTCTTTCCCCGGCAGCTGGCGTTATCTTCAGATGGTTTTTGAAACAAATCTCACAATAAAAAGTTTCAACGTACTGACGCGTCACAGGAGCCGCTGTAAG
4,0,4,ATACAAAAAAAGACAGGACCGTATTTACTGGGTTAAATATAATCATTCTGCTGTTCATCACAAAATCGGCAGATAATCCTTTCTTTCCCCGGCAGCTGGCGTTATCTTCAGATGGTTTTTGAAACAAATCTCACAATAAAAAGTTTCAACGTACTGACGCGTTCAGATTAATAGGCCGTC
29,3,26,ATACAAAAAAAGACAGGACCGTATTTACTGGGTTAAATATAATCATTCTGCTGTTCATCACAAAATCGGCAGATAATCCTTTCTTTCCCCGGCAGCTGGCGTTATCTTCAGATGGTTTTTGAAACAAATCTCACAATAAAAAGTTTCAACGTACTGACGCTAATGAGCTGGGCAAACCAT
168,14,154,ATACAAAAAAAGACAGGACCGTATTTACTGGGTTAAATATAATCATTCTGCTGTTCATCACAAAATCGGCAGATAATCCTTTCTTTCCCCGGCAGCTGGCGTTATCTTCAGATGGTTTTTGAAACAAATCTCACAATAAAAAGTTTCAACGTACTGACGCTCAGCAAGAGTTGCGTTCTA
10,8,2,ATACAAAAAAAGACAGGACCGTATTTATTGGGATAAATAAAATCTTCCTGCTTTTCATCACCAAAACGGCAGATAATCATTCCTTTCCCCGGTAGCTTGCGTTATGGTCAAATGATTTTTGCAACTAATCTCACATTAAAAACTATCAACATACCGAGTGTGGATGTGAGTCACGTTGGG
6,5,1,ATACAAAAAAAGACAGGACCGTATTTATTGGGATAAATAAAATCTTCCTGCTTTTCATCACCAAAACGGCAGATAATCATTCCTTTCCCCGGTAGCTTGCGTTATGGTCAGATGATTTTTGCAACTAATCTCACATTAAAAACTATCAACATACCGAGTGGTCTAAAAGTATCTGAATCT
2,2,0,ATACAAAAAAAGACAGGACCGTATTTATTGGGATAAATAAAATCTTCCTGCTTTTCATCACCAAAACGGCAGATAATCATTCCTTTCCCCGGTAGCTTGCGTTATGGTCAGATGATTTTTGCAACTAATCTCACATTAAAAACTATCAACATACCGAGTGTGTGGTTTATATCCGATTCT
2,2,0,ATACAAAAAAAGACAGGACCGTGTTTACTGGTTTAAATATCATCCTCCTGGTATTCATCACAAAAACCGCAGTTAATCCTGGTATTGCCCGGCAGCTGGCGTGATGGTCAGATGGTTTTTGCAACAAATCGCACAATAAAGTGTTTCAACCTACTGACTAGCAACGTTATCATACGTCAC
1,1,0,ATACAAAAAAAGACAGGACCGTGTTTACTGGTTTAAATATCATCCTCCTGGTATTCATCACAAAAACCGCAGTTAATCCTGGTATTGCCCGGCAGCTGGCGTGATGGTCAGATGGTTTTTGCAACAAATCGCACAATAAAGTGTTTCAACCTACTGACTATTATGGGCAGCTACAATGTT
1,1,0,ATACAAAAAAAGACAGGACCTTATTTATTGGGATAAATAAAATCTTCCTGCTTTTCATCACCAAAACGGCAGATAATCATTCCTTTCCCCGGTAGCTTGCGTTATGGTCAGATGATTTTTGCAACTAATCTCACATTAAAAACTATCAACATACCGAGTGAAAGCTGTTCTACCTCACTT
11,4,7,ATACAAAAAAAGACAGGACGGTATGTACTGGGTTGAATGTAATCATCCTGCTTTTCCTCACAAAACCCGCAGATAAGCCTTCCTTTCCCCGGCAGCTGGCGTTATGGTCAGATGGTTTTTGCAACAAAACACACAATAAAAAGTTTCAACATACTGACTAACGGTCCGCCCATTCTTGAC
4,2,2,ATACAAAAAAAGACAGGACGGTATGTACTGGGTTGAATGTAATCATCCTGCTTTTCCTCACAAAACCCGCAGATAAGCCTTCCTTTCCCCGGCAGCTGGCGTTATGGTCAGATGGTTTTTGCAACAAAACACACAATAAAAAGTTTCAACATACTGACTAATTCAGGTAATCGTCTTCGC
12,5,7,ATACAAAAAAAGACAGGACGGTATGTACTGGGTTGAATGTAATCATCCTGCTTTTCCTCACAAAACCCGCAGATAAGCCTTCCTTTCCCCGGCAGCTGGCGTTATGGTCAGATGGTTTTTGCAACAAAACACACAATAAAAAGTTTCAACATACTGACTACGTATTTGTATGGCATCTGA
31,9,22,ATACAAAAAAAGACAGGACGGTATGTACTGGGTTGAATGTAATCATCCTGCTTTTCCTCACAAAACCCGCAGATAAGCCTTCCTTTCCCCGGCAGCTGGCGTTATGGTCAGATGGTTTTTGCAACAAAACACACAATAAAAAGTTTCAACATACTGACTATCGGGCACGCCCGCCGTGGA
57,4,53,ATACAAAAAAAGACAGGACGGTATGTACTGGGTTGAATGTAATCATCCTGCTTTTCCTCACAAAACCCGCAGATAAGCCTTCCTTTCCCCGGCAGCTGGCGTTATGGTCAGATGGTTTTTGCAACAAAACACACAATAAAAAGTTTCAACATACTGACTATTAGGGAGGTCCAAGAGTTA
10,8,2,ATACAAAAAAAGACAGGAGAGTATTTACTGGGATAAGTATAATCATCCTGCTTTACAGCACAAAAACCTCAGATCATCCTTCCTTTCTCCGGCAGCTGGCCTTATGGTCAGATAGCTTTTACAAAAAATCTAATAATAAAAAGTTTCCACATACTGCCTAGGCCGTCACAACTCGCAAAC
1,1,0,ATACAAAAAAAGACAGGAGAGTATTTACTGGGATAAGTATAATCATCCTGCTTTACAGCACAAAAACCTCAGATCATCCTTCCTTTCTCCGGCAGCTGGCCTTATGGTCAGATAGCTTTTGCAAAAAATCTAATAATAAAAAGTTTCCACATACTGCCTAGGCTCCCATTACCGCCGGTG
4,4,0,ATACAAAAAAAGACAGGAGAGTATTTACTGGGATAAGTATAATCATCCTGCTTTACAGCACAAAAACCTCAGATCATCCTTCCTTTCTCCGGCAGCTGGCCTTATGGTCAGATAGCTTTTGCAAAAAATCTAATAATAAAAAGTTTCCACATACTGCCTATGATGTTTCTCCTCTCGACG
1,0,1,ATACAAAAAAAGACAGGAGCGGATTTAGTGTGTTAAATAGAGTCATCCTGTTTTTCATCACAAAAACCGCGGATAATCCTTCCTTTCCCCGGCAGCTGGCGTGATGGTCAGATGGTTTTTGCAACAAAACTCACAATAAGAAGCTTCATCATACTGACTACCGGCTCGTAAGGCCACGGT
8,8,0,ATACAAAAAAAGACAGGAGCGGATTTAGTGTGTTAAATAGAGTCATCCTGTTTTTCATCACAAAAACCGCGGATAATCCTTCCTTTCCCCGGCAGCTGGCGTGATGGTCAGATGGTTTTTGCAACAAAACTCACAATAAGAAGCTTCATCATACTGACTACTTTAATCGCCCGTGACTCA
9,7,2,ATACAAAAAAAGACAGGAGCGGATTTAGTGTGTTAAATAGAGTCATCCTGTTTTTCATCACAAAAACCGCGGATAATCCTTCCTTTCCCCGGCAGCTGGCGTGATGGTCAGATGGTTTTTGCAACAAAACTCACAATAAGAAGCTTCATCATACTGACTAGATATTCGGGCAAGACGGAA
12,12,0,ATACAAAAAAAGACAGGAGCGGATTTAGTGTGTTAAATAGAGTCATCCTGTTTTTCATCACAAAAACCGCGGATAATCCTTCCTTTCCCCGGCAGCTGGCGTGATGGTCAGATGGTTTTTGCAACAAAACTCACAATAAGAAGCTTCATCATACTGACTATGGCCAAACGTTCTTGACAA
1,1,0,ATACAAAAAAAGACAGGAGCGGATTTAGTGTGTTAAATAGAGTCATCCTGTTTTTCATCACAAAAACCGCGGATAATCCTTCCTTTCCCCGGCAGCTGGCGTGATGGTCAGATGGTTTTTGCAACAAAACTCACAATAAGAAGCTTCATCATACTGACTATGTGCCAGGTTTTCGCGTTC
8,8,0,ATACAAAAAAAGACAGGAGCGGATTTAGTGTGTTAAATAGAGTCATCCTGTTTTTCATCACAAAAACCGCGGATAATCCTTCCTTTCCCCGGCAGCTGGCGTGATGGTCAGATGGTTTTTGCAACAAAACTCACAATAAGAAGCTTCATCATACTGACTATTGATTCTTGTTCTCATGGT
1,0,1,ATACAAAAAAAGACAGGATCGTATATACTGAGTTAAATAGAATCATCCTGCTTTTGATCACAGACACCGCATATAATCTTTCCTTACCCCAGCAGCTGGCGTAATGGTCAGATGGTTATTGCAATAAATCTAACGGTTAAAAGTTTCAACATACTGACTACGCTGTTTGTTAAAACGTCA
7,6,1,ATACAAAAAAAGACAGGATCGTATATACTGAGTTAAATAGAATCATCCTGCTTTTGATCACAGACACCGCATATAATCTTTCCTTACCCCAGCAGCTGGCGTAATGGTCAGATGGTTATTGCAATAAATCTAACGGTTAAAAGTTTCAACATACTGACTACTCACATCCCACGCTTAGAT
2,2,0,ATACAAAAAAAGACAGGATCGTATATACTGAGTTAAATAGAATCATCCTGCTTTTGATCACAGACACCGCATATAATCTTTCCTTACCCCAGCAGCTGGCGTAATGGTCAGATGGTTATTGCAATAAATCTAACGGTTAAAAGTTTCAACATACTGACTATAAGGGAGATATTGTCAAAA
2,2,0,ATACAAAAAAAGACAGGATCGTATATACTGAGTTAAATAGAATCATCCTGCTTTTGATCACAGACACCGCATATAATCTTTCCTTACCCCAGCAGCTGGCGTAATGGTCAGATGGTTATTGCAATAAATCTAACGGTTAAAAGTTTCAACATACTGACTATGACAATCCCGAGCACATAA
1,1,0,ATACAAAAAAAGACAGGATCGTATATACTGAGTTAAATAGAATCATCCTGCTTTTGATCACAGACACCGCATATAATCTTTCCTTACCCCAGCAGCTGGCGTAATGGTCAGATGGTTATTGCAATAAATCTAACGGTTAAAAGTTTCAACATACTGACTATGTAACTCGTATCAGTGTCA
3,3,0,ATACAAAAAAAGACAGGATCGTATGTACTGGGTTAACTATAATCCTCCTGCTTTTTATCACAAAAACCGCAGATAATCCTTCCTGGCCCCGGGAGCTGGCGTTGTGGTGAGATGGTTTTTGCGACAACTTTCACAATAAAAAGTTTCAACATACTCACTACAGCATCAAATACTCCTACG
13,8,5,ATACAAAAAAAGACAGGATCGTATGTACTGGGTTAACTATAATCCTCCTGCTTTTTATCACAAAAACCGCAGATAATCCTTCCTGGCCCCGGGAGCTGGCGTTGTGGTGAGATGGTTTTTGCGACAACTTTCACAATAAAAAGTTTCAACATACTCACTAGGCGTCTCATGGCATGGATT
2,2,0,ATACAAAAAAAGACAGGATCGTATGTACTGGGTTAACTATAATCCTCCTGCTTTTTATCACAAAAACCGCAGATAATCCTTCCTGGCCCCGGGAGCTGGCGTTGTGGTGAGATGGTTTTTGCGACAACTTTCACAATAAAAAGTTTCAACATACTCACTATACTAACTCACTACACGGTA
2,2,0,ATACAAAAAAAGACAGGATCGTATGTACTGGGTTAACTATAATCCTCCTGCTTTTTATCACAAAAACCGCAGATAATCCTTCCTGGCCCCGGGAGCTGGCGTTGTGGTGAGATGGTTTTTGCGACAACTTTCACAATAAAAAGTTTCAACATACTCACTATTCACCTCGTTGTATGGGGC
1,1,0,ATACAAAAAAAGACAGGATCGTATTTACTGGATTAAATATAATCAGCCTGCCTTTCATCAAACAAACCGCAGATAACCCTCCCTTTCCCCGGCAGCTGGCGTTTTAGTCAGGTGGTATATGCAACAAATCTCTCAATAGAAAGTATCAACATACTGACCAACCACATGCCTCGCGTAGAT
1,1,0,ATACAAAAAAAGACAGGATCGTATTTACTGGATTAAATATAATCAGCCTGCCTTTCATCAAACAAACCGCAGATAACCCTCCCTTTCCCCGGCAGCTGGCGTTTTAGTCAGGTGGTATATGCAACAAATCTCTCAATAGAAAGTATCAACATACTGACCATACGCTACTAGGTTAGCTAT
20,2,18,ATACAAAAAAAGACAGGATCGTATTTACTGGGGTAAATATAATAATCTTGCTTTTCATCCCAAAAGCCGCCGATAATCCCTCCTTTCCACGGCGGCTGGCGTTGTGGCCTTATGGTTTGTGCAACCAATCTCCGAAAAAAAAGTTTCAACTTACTGACTAACCGGACCTAAGTCCGGGAA
16,4,12,ATACAAAAAAAGACAGGATCGTATTTACTGGGGTAAATATAATAATCTTGCTTTTCATCCCAAAAGCCGCCGATAATCCCTCCTTTCCACGGCGGCTGGCGTTGTGGCCTTATGGTTTGTGCAACCAATCTCCGAAAAAAAAGTTTCAACTTACTGACTAACGAGACCTATCAGCGGAAA
2,2,0,ATACAAAAAAAGACAGGATCGTATTTACTGGGGTAAATATAATAATCTTGCTTTTCATCCCAAAAGCCGCCGATAATCCCTCCTTTCCACGGCGGCTGGCGTTGTGGCCTTATGGTTTGTGCAACCAATCTCCGAAAAAAAAGTTTCAACTTACTGACTAAGAGAGATGCTCACGCTCTT
46,9,37,ATACAAAAAAAGACAGGATCGTATTTACTGGGGTAAATATAATAATCTTGCTTTTCATCCCAAAAGCCGCCGATAATCCCTCCTTTCCACGGCGGCTGGCGTTGTGGCCTTATGGTTTGTGCAACCAATCTCCGAAAAAAAAGTTTCAACTTACTGACTAAGGAGTATTCGTATGGTGCG
25,16,9,ATACAAAAAAAGACAGGATCGTATTTACTGGGGTAAATATAATAATCTTGCTTTTCATCCCAAAAGCCGCCGATAATCCCTCCTTTCCACGGCGGCTGGCGTTGTGGCCTTATGGTTTGTGCAACCAATCTCCGAAAAAAAAGTTTCAACTTACTGACTACATCTCATTATGGCAATTTG
4,4,0,ATACAAAAAAAGACAGGATCGTATTTACTGGGGTAAATATAATAATCTTGCTTTTCATCCCAAAAGCCGCCGATAATCCCTCCTTTCCACGGCGGCTGGCGTTGTGGCCTTATGGTTTGTGCAACCAATCTCCGAAAAAAAAGTTTCAACTTACTGACTACATTACTCGTCGATAGCTTT
1,0,1,ATACAAAAAAAGACAGGATCGTATTTACTGGGGTAAATATAATAATCTTGCTTTTCATCCCAAAAGCCGCCGATAATCCCTCCTTTCCACGGCGGCTGGCGTTGTGGCCTTATGGTTTGTGCAACCAATCTCCGAAAAAAAAGTTTCAACTTACTGACTACGCATTCGGTATTGGGAACA
2,2,0,ATACAAAAAAAGACAGGATCGTATTTACTGGGGTAAATATAATAATCTTGCTTTTCATCCCAAAAGCCGCCGATAATCCCTCCTTTCCACGGCGGCTGGCGTTGTGGCCTTATGGTTTGTGCAACCAATCTCCGAAAAAAAAGTTTCAACTTACTGACTAGATTCGAGCTGCATTGGCAT
15,9,6,ATACAAAAAAAGACAGGATCGTATTTACTGGGGTAAATATAATAATCTTGCTTTTCATCCCAAAAGCCGCCGATAATCCCTCCTTTCCACGGCGGCTGGCGTTGTGGCCTTATGGTTTGTGCAACCAATCTCCGAAAAAAAAGTTTCAACTTACTGACTATTGGTCCATTGGACGCCTAC
4,2,2,ATACAAAAAAAGACAGGATCGTATTTACTGGGGTTAATATAATCATCCTGGATTTCGTCACAAAACCCGCAGATTACCCTTCCTTTCCGCGGCAGCTCGAGTTATGGTCAGATGGTTTTTTGAATAAATCTCACAATTAAAAGTTCCAACATACTGACCACATAGGTCTCTACAGCATCA
5,1,4,ATACAAAAAAAGACAGGATCGTATTTACTGGGGTTAATATAATCATCCTGGATTTCGTCACAAAACCCGCAGATTACCCTTCCTTTCCGCGGCAGCTCGAGTTATGGTCAGATGGTTTTTTGAATAAATCTCACAATTAAAAGTTCCAACATACTGACCAGGTTTGCGGCGGCCGTTACA
9,9,0,ATACAAAAAAAGACAGGATCGTATTTACTGGGTTAAATATAATCACCCTGCCTTGCCTTACAAAAACCGCAGATAATCCTTCCTGTCCCCGGCGACTGGCGTTATGGTCAGATGGTTCTTGCAATAAATCCCACAATAAAAAGTTTCAACATTCTGACTAACCACACCAGATCAATGCCG
1,1,0,ATACAAAAAAAGACAGGATCGTATTTACTGGGTTAAATATAATCACCCTGCCTTGCCTTACAAAAACCGCAGATAATCCTTCCTGTCCCCGGCGACTGGCGTTATGGTCAGATGGTTCTTGCAATAAATCCCACAATAAAAAGTTTCAACATTCTGACTACGATGTCCTAAAGTCTGTTG
7,7,0,ATACAAAAAAAGACAGGATCGTATTTACTGGGTTAAATATAATCACCCTGCCTTGCCTTACAAAAACCGCAGATAATCCTTCCTGTCCCCGGCGACTGGCGTTATGGTCAGATGGTTCTTGCAATAAATCCCACAATAAAAAGTTTCAACATTCTGACTACTATGGACGTTTACTATGAT
4,4,0,ATACAAAAAAAGACAGGATCGTATTTACTGGGTTAAATATAATCACCCTGCCTTGCCTTACAAAAACCGCAGATAATCCTTCCTGTCCCCGGCGACTGGCGTTATGGTCAGATGGTTCTTGCAATAAATCCCACAATAAAAAGTTTCAACATTCTGACTAGACGCTGCAACAAGACTCCG
5,5,0,ATACAAAAAAAGACAGGATCGTATTTACTGGGTTAAATATAATCACCCTGCCTTGCCTTACAAAAACCGCAGATAATCCTTCCTGTCCCCGGCGACTGGCGTTATGGTCAGATGGTTCTTGCAATAAATCCCACAATAAAAAGTTTCAACATTCTGACTAGTCCATCAGGCTAATCACAC
1,0,1,ATACAAAAAAAGACAGGATCGTATTTACTGGGTTAAATATAATCACCCTGCCTTGCCTTACAAAAACCGCAGATAATCCTTCCTGTCCCCGGCGACTGGCGTTATGGTCAGATGGTTCTTGCAATAAATCCCACAATAAAAAGTTTCAACATTCTGACTATAAGACTGGATCGTCTGTCA
3,3,0,ATACAAAAAAAGACAGGATCGTATTTACTGGGTTAAATCTAATCATCCTTCTTTTCATCTCAAACACCGCCGATAATCCTTCCTTTCCCCGGCAGCTGGCGTTATGGTCAGATGGTTTTTGCAACAAGTCTCAGAACAAAAAGTTTCATCATACTGACTACATCCGGGTGTAGAGCGCAG
2,2,0,ATACAAAAAAAGACAGGATCGTATTTAGTGTGTTAATGATAATCACCCTACGTTTCATCTCAAAAACCGCAGATGATCCTTCCTTTCCCCGGCAGCTGGCGTTATGGTCAGATTGTTTTTGCAACAAATGTCACAATAAAAAGTTTCAACTTGCTAGCTATTGGGTTTCAAGGGCCTTAG
8,7,1,ATACAAAAAAAGACAGGATCGTATTTAGTGTGTTAATGATAATCACCCTGCGTTTCATCTCAAAAACCGCAGATGATCCTTCCTTTCCCCGGCAGCTGGCGTTATGGTCAGATTGTTTTTGCAACAAATGTCACAATAAAAAGTTTCAACTTGCTAGCTAAAAATGCAACTATTAGGCTC
3,3,0,ATACAAAAAAAGACAGGATCGTATTTAGTGTGTTAATGATAATCACCCTGCGTTTCATCTCAAAAACCGCAGATGATCCTTCCTTTCCCCGGCAGCTGGCGTTATGGTCAGATTGTTTTTGCAACAAATGTCACAATAAAAAGTTTCAACTTGCTAGCTACTTAAATCTTATGGAAACAT
3,3,0,ATACAAAAAAAGACAGGATCGTATTTAGTGTGTTAATGATAATCACCCTGCGTTTCATCTCAAAAACCGCAGATGATCCTTCCTTTCCCCGGCAGCTGGCGTTATGGTCAGATTGTTTTTGCAACAAATGTCACAATAAAAAGTTTCAACTTGCTAGCTAGCGGACAGGGTCTATGACGC
7,0,7,ATACAAAAAAAGACAGGATCGTTTCTACTCGGTTAAATATAATCATCCTGCTTTTCATCACTAAAACCGCACATAATCCTTCCTTCCCCCGGCAGCTGGTGTTATGGTCGGATGGTCTTTGCGGCAAATCTCACAATAAATTGGTCCAACATAGTGACGAGGATCTCCCCGTATACCTGG
38,6,32,ATACAAAAAAAGACAGGATCGTTTCTACTGGGTTAAATATAATCATCCTGCTTTTCATCACTAAAACCGCACATAATCCTTCCTTCCCCCGGCAGCTGGTGTTATGGTCGGATGGTCTTTGCGGCAAATCTCACAATAAATTGGTCCAACATAGTGACGAAGTTTGAAAAGTCATCCAGA
8,2,6,ATACAAAAAAAGACAGGATCGTTTCTACTGGGTTAAATATAATCATCCTGCTTTTCATCACTAAAACCGCACATAATCCTTCCTTCCCCCGGCAGCTGGTGTTATGGTCGGATGGTCTTTGCGGCAAATCTCACAATAAATTGGTCCAACATAGTGACGAATAGACAAGGGTACACACTG
1,1,0,ATACAAAAAAAGACAGGATCTTATTTACTGGGTTAAATATAATCATCCTTTTTTTCATCACACAAACCGTAGATAGTCTTGACTTTCCCCGGCAGATGGGGTCATGGTGTGATGGTTTTTGTAACAAATCCCACAATAAAAAGTCTCAACATACTGACTAACGATTTCTCGGAAGGAGAG
9,7,2,ATACAAAAAAAGACAGGATCTTATTTACTGGGTTAAATATAATCATCCTTTTTTTCATCACACAAACCGTAGATAGTCTTGACTTTCCCCGGCAGATGGGGTCATGGTGTGATGGTTTTTGTAACAAATCCCACAATAAAAAGTCTCAACATACTGACTAGGATCAATAAGCCCTAAGAA
2,0,2,ATACAAAAAAAGACAGGATCTTATTTACTGGGTTAAATATAATCATCCTTTTTTTCATCACACAAACCGTAGATAGTCTTGACTTTCCCCGGCAGATGGGGTCATGGTGTGATGGTTTTTGTAACAAATCCCACAATAAAAAGTCTCAACATACTGACTATAAGAGCCCGGTAGGGGGCT
4,2,2,ATACAAAAAAAGACAGGCACATGTTTACTGCGTTAAATAGATTCATCCTGCTTTTCGTCACGAAAGCTGCAGATAATGCTTCCTTGTTCAGGCAGCTGGCGTTATGGTCAGATGGTTCTTGCTACAAATCTCACAATAAAAAGTTTCAACCTACTGACTAATCACATTCCGGGTCCACAA
3,3,0,ATACAAAAAAAGACAGGCACATGTTTACTGCGTTAAATAGATTCATCCTGCTTTTCGTCACGAAAGCTGCAGATAATGCTTCCTTGTTCAGGCAGCTGGCGTTATGGTCAGATGGTTCTTGCTACAAATCTCACAATAAAAAGTTTCAACCTACTGACTAGCTGGGCCCTTATGAAGGCA
3,0,3,ATACAAAAAAAGACAGGCACCTATTTACCGGGTTAAATATAATCATCCTGCTTTTCATCACAAAAACCGCAAACAATCCTTCCTTTCCCCGGCAGTTAGCGTTATGGCCAGATGGTCTTGGCAAGCAATCTCACAATAAAAAGTGTCAACATACTGACGAACACTCGTTGCAAAACCATA
1,1,0,ATACAAAAAAAGACAGGCACCTATTTACCGGGTTAAATATAATCATCCTGCTTTTCATCACAAAAACCGCAAACAATCCTTCCTTTCCCCGGCAGTTAGCGTTATGGCCAGATGGTCTTGGCAAGCAATCTCACAATAAAAAGTGTCAACATACTGACGACCTCTAGGCTAAGCACTTTC
8,8,0,ATACAAAAAAAGACAGGCACCTATTTACCGGGTTAAATATAATCATCCTGCTTTTCATCACAAAAACCGCAAACAATCCTTCCTTTCCCCGGCAGTTAGCGTTATGGCCAGATGGTCTTGGCAAGCAATCTCACAATAAAAAGTGTCAACATACTGACGACTGGTTCATGTAGAAGGCTT
5,2,3,ATACAAAAAAAGACAGGCACGTATTCAATGGGTAATAGATTATCATCCTGCTTTTCATCACAGAACCCGCAGATTATCCTTCCCTTCTCCGGCAGTGGGCGTTAAGGTCAGATGGTTTTTAGCACAAATCTGACTATAAAAAGTTTCAGCATTCTGACTAACCACCTGTATCAGATGGGA
7,2,5,ATACAAAAAAAGACAGGCACGTATTCAATGGGTAATAGATTATCATCCTGCTTTTCATCACAGAACCCGCAGATTATCCTTCCCTTCTCCGGCAGTGGGCGTTAAGGTCAGATGGTTTTTAGCACAAATCTGACTATAAAAAGTTTCAGCATTCTGACTACTGCTGAGACCTTAAGAAAC
19,4,15,ATACAAAAAAAGACAGGCACGTATTCAATGGGTAATAGATTATCATCCTGCTTTTCATCACAGAACCCGCAGATTATCCTTCCCTTCTCCGGCAGTGGGCGTTAAGGTCAGATGGTTTTTAGCACAAATCTGACTATAAAAAGTTTCAGCATTCTGACTAGCCTACTGCCGAACTTTTTG
29,17,12,ATACAAAAAAAGACAGGCACGTATTCAATGGGTAATAGATTATCATCCTGCTTTTCATCACAGAACCCGCAGATTATCCTTCCCTTCTCCGGCAGTGGGCGTTAAGGTCAGATGGTTTTTAGCACAAATCTGACTATAAAAAGTTTCAGCATTCTGACTAGCTCATGTATCTGCCATTCA
8,2,6,ATACAAAAAAAGACAGGCACGTATTCAATGGGTAATAGATTATCATCCTGCTTTTCATCACAGAACCCGCAGATTATCCTTCCCTTCTCCGGCAGTGGGCGTTAAGGTCAGATGGTTTTTAGCACAAATCTGACTATAAAAAGTTTCAGCATTCTGACTATAGGTTGGCAAAGAGACCAA
2,2,0,ATACAAAAAAAGACAGGCACGTATTTAACGAGTTAAATACAATCATCCTGCTTTACATCACTATAACCGCAGTTGATCCTGCGTGTCCCCGACAGCTGACGTTATGGTCATATGGTTTTTGCAACAATTCTCACAATAAAATGTTTCAACATACTGACTATTAACATAAGGACTACCCTA
1,1,0,ATACAAAAAAAGACAGGCACGTATTTACGGGGTTAAATATAGTCATCCTGCTTTTCATCAGGAACACAGCAGATAATCCTTCCTTTCCCTGTTAGCTATCGTTATGGTGAAATGGTTTTTGCGACAAATCCCACAATAAAAAGTTTCAATATACTGTCTAACAATATTTATGTGGACTGT
6,5,1,ATACAAAAAAAGACAGGCACGTATTTACGGGGTTAAATATAGTCATCCTGCTTTTCATCAGGAACACAGCAGATAATCCTTCCTTTCCCTGTTAGCTATCGTTATGGTGAAATGGTTTTTGCGACAAATCCCACAATAAAAAGTTTCAATATACTGTCTAACGTAAAAGCAATTCGACAG
11,9,2,ATACAAAAAAAGACAGGCACGTATTTACGGGGTTAAATATAGTCATCCTGCTTTTCATCAGGAACACAGCAGATAATCCTTCCTTTCCCTGTTAGCTATCGTTATGGTGAAATGGTTTTTGCGACAAATCCCACAATAAAAAGTTTCAATATACTGTCTAAGATACGTACTGTCGAGTAG
1,1,0,ATACAAAAAAAGACAGGCACGTATTTACGGGGTTAAATATAGTCATCCTGCTTTTCATCAGGAACACAGCAGATAATCCTTCCTTTCCCTGTTAGCTATCGTTATGGTGAAATGGTTTTTGCGACAAATCCCACAATAAAAAGTTTCAATATACTGTCTAGGTCTAGGGATGGCTAGTGA
15,5,10,ATACAAAAAAAGACAGGCACGTATTTACTGGGTTAAACATAATCATCCTGCTTTTTATCACAAAAACCGCAGATAATCCTACCTTTTCCCTGCAGCTGGCGTTATGGTCAGAGGGCTTTTGCAACAAATCTCACAATTAAATGTTACATCATACTGACTAACAAGCTCTTGAGAGACAGC
13,2,11,ATACAAAAAAAGACAGGCACGTATTTACTGGGTTAAACATAATCATCCTGCTTTTTATCACAAAAACCGCAGATAATCCTACCTTTTCCCTGCAGCTGGCGTTATGGTCAGAGGGCTTTTGCAACAAATCTCACAATTAAATGTTACATCATACTGACTACACGCGCCTTTACTCACCAA
5,0,5,ATACAAAAAAAGACAGGCACGTATTTACTGGGTTAAACATAATCATCCTGCTTTTTATCACAAAAACCGCAGATAATCCTACCTTTTCCCTGCAGCTGGCGTTATGGTCAGAGGGCTTTTGCAACAAATCTCACAATTAAATGTTACATCATACTGACTAGAGGTTCCTAGGTACTTAGT
14,3,11,ATACAAAAAAAGACAGGCACGTATTTACTGGGTTAAACATAATCATCCTGCTTTTTATCACAAAAACCGCAGATAATCCTACCTTTTCCCTGCAGCTGGCGTTATGGTCAGAGGGCTTTTGCAACAAATCTCACAATTAAATGTTACATCATACTGACTAGGCTACATGTATTCGCGCAC
8,7,1,ATACAAAAAAAGACAGGCACGTATTTACTGGGTTAAGTATAATCATCCTACTGTTCTTCAGAGAAACCGCGAATAATCATCCCTTTCCCCGCCAGCTGGCGTTATGGTCAGATGGTTTTTGCAACAACTCTCCCAATACAAAGTTTGAACATAGTGACTCTCTTCGGTTATTAGTAATTC
4,4,0,ATACAAAAAAAGACAGGCACGTATTTACTGGGTTAAGTATAATCATCCTACTGTTCTTCAGAGAAACCGCGGATAATCATCCCTTTCCCCGCCAGCTGGCGTTATGGTCAGATGGTTTTTGCAACAACTCTCCCAATACAAAGTTTGAACATAGTGACTCAAGACCGCATGGATCCGCCT
8,1,7,ATACAAAAAAAGACAGGCACGTATTTACTGGGTTAAGTATAATCATCCTACTGTTCTTCAGAGAAACCGCGGATAATCATCCCTTTCCCCGCCAGCTGGCGTTATGGTCAGATGGTTTTTGCAACAACTCTCCCAATACAAAGTTTGAACATAGTGACTCAAGCAAATACTTGCTCGTAA
3,3,0,ATACAAAAAAAGACAGGCACGTATTTACTGGGTTAAGTATAATCATCCTACTGTTCTTCAGAGAAACCGCGGATAATCATCCCTTTCCCCGCCAGCTGGCGTTATGGTCAGATGGTTTTTGCAACAACTCTCCCAATACAAAGTTTGAACATAGTGACTCACTAACCGGAGAAGGACTAA
1,1,0,ATACAAAAAAAGACAGGCACGTATTTACTGGGTTAAGTATAATCATCCTACTGTTCTTCAGAGAAACCGCGGATAATCATCCCTTTCCCCGCCAGCTGGCGTTATGGTCAGATGGTTTTTGCAACAACTCTCCCAATACAAAGTTTGAACATAGTGACTCATTAGCGCCGCGCGAATTTT
3,3,0,ATACAAAAAAAGACAGGCACGTTTTTACTGGGTTAAATATAATCATCTTGCTTATTCTCACAATAACCGCAGATAATCCTTCCTTTACACGGCAGCTGGCGTTATGGTCAAATCGGTTTTGCCACAAATCTCACAATAAAAATTTTTAACACACTGACTAAAATAATTTGTGGTTGAAAG
3,0,3,ATACAAAAAAAGACAGGCACGTTTTTACTGGGTTAAATATAATCATCTTGCTTATTCTCACAATAACCGCAGATAATCCTTCCTTTACACGGCAGCTGGCGTTATGGTCAAATCGGTTTTGCCACAAATCTCACAATAAAAATTTTTAACACACTGACTAAAGGGGGGTCTGCCGTGTGG
6,6,0,ATACAAAAAAAGACAGGCACGTTTTTACTGGGTTAAATATAATCATCTTGCTTATTCTCACAATAACCGCAGATAATCCTTCCTTTACACGGCAGCTGGCGTTATGGTCAAATCGGTTTTGCCACAAATCTCACAATAAAAATTTTTAACACACTGACTAAGTTATCGGGTCTCAAGTTA
2,2,0,ATACAAAAAAAGACAGGCACGTTTTTACTGGGTTAAATATAATCATCTTGCTTATTCTCACAATAACCGCAGATAATCCTTCCTTTACACGGCAGCTGGCGTTATGGTCAAATCGGTTTTGCCACAAATCTCACAATAAAAATTTTTAACACACTGACTAATAACTAGACACTCTCCTGA
4,3,1,ATACAAAAAAAGACAGGCACGTTTTTACTGGGTTAAATATAATCATCTTGCTTATTCTCACAATAACCGCAGATAATCCTTCCTTTACACGGCAGCTGGCGTTATGGTCAAATCGGTTTTGCCACAAATCTCACAATAAAAATTTTTAACACACTGACTACTTTACGTGCCCAGATAGTT
1,1,0,ATACAAAAAAAGACAGGCACGTTTTTACTGGGTTAAATATAATCATCTTGCTTATTCTCACAATAACCGCAGATAATCCTTCCTTTACACGGCAGCTGGCGTTATGGTCAAATCGGTTTTGCCACAAATCTCACAATAAAAATTTTTAACACACTGACTAGGCGAGTTTGTGTTCGTCGA
2,2,0,ATACAAAAAAAGACAGGCACGTTTTTACTGGGTTAAATATAATCATCTTGCTTATTCTCACAATAACCGCAGATAATCCTTCCTTTACACGGCAGCTGGCGTTATGGTCAAATCGGTTTTGCCACAAATCTCACAATAAAAATTTTTAACACACTGACTAGGTTGCTGGCGAAGGATTCT
13,13,0,ATACAAAAAAAGACAGGCACGTTTTTACTGGGTTAAATATAATCATCTTGCTTATTCTCACAATAACCGCAGATAATCCTTCCTTTACACGGCAGCTGGCGTTATGGTCAAATCGGTTTTGCCACAAATCTCACAATAAAAATTTTTAACACACTGACTATCTAATCGCCTATTGAAGTG
2,2,0,ATACAAAAAAAGACAGGCACGTTTTTACTGGGTTAAATATAATCATCTTGCTTATTCTCACAATAACCGCAGATAATCCTTCCTTTACACGGCAGCTGGCGTTATGGTCAAATCGGTTTTGCCACAAATCTCACAATAAAAATTTTTAACACACTGACTATGCTGAGTCCCCAATTTCCG
1,1,0,ATACAAAAAAAGACAGGCAGGTATATACTGGGGTAAATCTAATCATCCTACTTTTCATAACAAAAACAGCAGATAATCCTGCCTTTCCCCGCCAGCAGGCGTTATGTTCAGCTGGTTTTTGCAACAAATCTCACAAAGATACCTTTCAACATACTGACTACCGGGCTGCGTGTTATCCAA
16,9,7,ATACAAAAAAAGACAGGCAGGTATTTACTGGGTTAATTATAATCCCCCTGCTTTTCATAACAAAAACCGCAGATAATCCTTCCTTTCCCCGGCAGCTGGGGTTATGGTGAGATGGTTTTTGCAACAAATCTCACAAGCAAAAGTTTCAACATAATGACTAGTTCAGTTCTAGGTCGCCGA
7,0,7,ATACAAAAAAAGACAGGCAGGTATTTACTGGGTTAATTATAATCCCCCTGCTTTTCATAACAAAAACCGCAGATAATCCTTCCTTTCCCCGGCAGCTGGGGTTATGGTGAGATGGTTTTTGCAACAAATCTCACAAGCAAAAGTTTCAACATAATGACTATAACGGAGTTAAAACTGTTG
2,0,2,ATACAAAAAAAGACAGGCAGGTATTTACTGGGTTAATTATAATCCCCCTGCTTTTCATAACAAAAACCGCAGATAATCCTTCCTTTCCCCGGCAGCTGGGGTTATGGTGAGATGGTTTTTGCAACAAATCTCACAAGCAAAAGTTTCAACATAATGACTATAACTGCATTCTAATGATTC
2,2,0,ATACAAAAAAAGACAGGCAGGTATTTACTGGGTTAATTATAATCCCCCTGCTTTTCATAACAAAAACCGCAGATAATCCTTCCTTTCCCCGGCAGCTGGGGTTATGGTGAGATGGTTTTTGCAACAAATCTCACAAGCAAAAGTTTCAACATAATGACTATGTGTAATAACGATCATTGA
8,7,1,ATACAAAAAAAGACAGGCCCGTATGTAGTGTTTAAAATATAATCATCCTGCTTTTCATCATAAAAACCGCAGGGAATCTTTCCTTACCCCGGTTGCTGGCGTAATGGTCAGATGGATCTTTCAACGAAGCTCACAATATAATGATGCAACATACTGACTATAATTGATAATCAAGACACA
28,2,26,ATACAAAAAAAGACAGGGACCTATATACTGGGTTAACTATAATCATCATTCTTTTCATCACAAAAACCGCAGATAGTCCTTGCTTTCCCCGGCAACTGGTGTTATGGTCAGATGGTTTTTGCAACAGATCTCACAATAAAAAGTTTCAACATACTGACTATGTGTCTCGTCATCACACTT
33,3,30,ATACAAAAAAAGACAGGGACCTATATACTGGGTTAACTATAATCATCATTCTTTTCATCACAAAAACCGCAGATAGTCCTTGCTTTCCCCGGCAACTGGTGTTATGGTCAGATGGTTTTTGCAACAGATCTCACAATAAAAAGTTTCAACATACTGACTATTACTGTGTAGACTCAAGTA
132,5,127,ATACAAAAAAAGACAGGGACCTATATACTGTGTTAACTATAATCATCATTCTTTTCATCACAAAAACCGCAGATAGTCCTTGCTTTCCCCGGCAACTGGTGTTATGGTCAGATGGTTTTTGCAACAGATCTCACAATAAAAAGTTTCAACATACTGACTAAATAACACCATGCGACTTTA
4,4,0,ATACAAAAAAAGACAGGGACGTACTTACTGGGTTTAATTTAATCATCGGGAATTTCATCTGAAAACCCGCGGATAATCCTTCCTTTCCCCGGCAGCTGGCGTAATGGTCAGATGGTTTTTGCAACAAAACTCACAATAAGAAGTTTCAACAGACTGACTACAAAGGACTGCACGCTCTAA
7,4,3,ATACAAAAAAAGACAGGGACGTATAGACTGGTTTAACTATGATCATCCTGCTTTTCATCACCAAAACCGCAGATAATCCTTCCTTTCCCCGGCAACTGGCGTTATGGTCAGATGGTTTTTGCAACAAATCTCAAAATAAAAAGTTTCAACATACTGACTACATACGTACAAAAATCACAA
5,5,0,ATACAAAAAAAGACAGGGACGTATAGACTGGTTTAACTATGATCATCCTGCTTTTCATCACCAAAACCGCAGATAATCCTTCCTTTCCCCGGCAACTGGCGTTATGGTCAGATGGTTTTTGCAACAAATCTCAAAATAAAAAGTTTCAACATACTGACTACGCTGCCGGCACCAACCCAT
14,9,5,ATACAAAAAAAGACAGGGACGTATAGACTGGTTTAACTATGATCATCCTGCTTTTCATCACCAAAACCGCAGATAATCCTTCCTTTCCCCGGCAACTGGCGTTATGGTCAGATGGTTTTTGCAACAAATCTCAAAATAAAAAGTTTCAACATACTGACTAGGATCCAATAGAAGTGACGG
12,8,4,ATACAAAAAAAGACAGGGACGTATAGACTGGTTTAACTATGATCATCCTGCTTTTCATCACCAAAACCGCAGATAATCCTTCCTTTCCCCGGCAACTGGCGTTATGGTCAGATGGTTTTTGCAACAAATCTCAAAATAAAAAGTTTCAACATACTGACTATCAGAGCTGTAATTTTCCAG
2,0,2,ATACAAAAAAAGACAGGGACGTATTTACTGGGTTAAATCTAATCATCCTGCTTTTCATCACAAAAACCGCAGATACTCCTTCCTTACGACGGAAGCTGGCTTTATGGTCAGATGGTTTTTGCAGCCAATCACCCAATAAAAAGTTTTAACATACCGACTACTATCCGAACGGTATCTCGG
4,2,2,ATACAAAAAAAGACAGGGACGTATTTACTGGGTTAAATCTAATCATCCTGCTTTTCATCACAAAAACCGCAGATACTCCTTCCTTACGACGGAAGCTGGCTTTATGGTCAGATGGTTTTTGCAGCCAATCACCCAATAAAAAGTTTTAACATACCGACTATCTATGTGTACCTCACACCT
29,24,5,ATACAAAAAAAGACAGGTACGAATTTCCTGGGTTAAATATAATCATCCTGCTTTTCATCACAAAAACCTCATAAAATCCTTCCATTCCCCGGCAGCTGGCGATGTTGTAATATGGTTTTTGCAACAAATCTCCCAATAAAAATTTTCAATAAACTTACTAACTGGAGTCCTTCAAACTGA
8,5,3,ATACAAAAAAAGACAGGTACGAATTTCCTGGGTTAAATATAATCATCCTGCTTTTCATCACAAAAACCTCATAAAATCCTTCCATTCCCCGGCAGCTGGCGATGTTGTAATATGGTTTTTGCAACAAATCTCCCAATAAAAATTTTCAATAAACTTACTAAGGGTGCAAGTCAAGTCTCG
1,1,0,ATACAAAAAAAGACAGGTACGAATTTCCTGGGTTAAATATAATCATCCTGCTTTTCATCACAAAAACCTCATAAAATCCTTCCATTCCCCGGCAGCTGGCGATGTTGTAATATGGTTTTTGCAACAAATCTCCCAATAAAAATTTTCAATAAACTTACTACCGGAATACTTGATTGGTAA
33,32,1,ATACAAAAAAAGACAGGTACGAATTTCCTGGGTTAAATATAATCATCCTGCTTTTCATCACAAAAACCTCATAAAATCCTTCCATTCCCCGGCAGCTGGCGATGTTGTAATATGGTTTTTGCAACAAATCTCCCAATAAAAATTTTCAATAAACTTACTATCGAATTGCAGTATAGGTGC
3,3,0,ATACAAAAAAAGACAGGTACGTAGTTACGGAGTTAAACATAATCATCCTGCTTTGCATCCCAAAAACCGCAGATAATCCGTCCCTTCCTCGGCAGCTGGCGTTATGGTCAGATGGTTTTTGCAACAAATCTCACAATAAAAAGTTTCAACATACCGACGGACACTCGGCGATTGCGGGTA
1,1,0,ATACAAAAAAAGACAGGTACGTAGTTACGGGGTTAAACATAATCATCCTGCTTTGCATCCCAAAAACCGCAGATAATCCGTCCCTTCCTCGGCAGCTGGCGTTATGGTCAGATGGTTTTTGCAACAAATCTCACAATAAAAAGTTTCAACATACCGACGGAATCCTAACGCACTTTTGAT
3,3,0,ATACAAAAAAAGACAGGTACGTAGTTACGGGGTTAAACATAATCATCCTGCTTTGCATCCCAAAAACCGCAGATAATCCGTCCCTTCCTCGGCAGCTGGCGTTATGGTCAGATGGTTTTTGCAACAAATCTCACAATAAAAAGTTTCAACATACCGACGGACCTGATCGGGTATATCAGT
5,4,1,ATACAAAAAAAGACAGGTACGTAGTTACGGGGTTAAACATAATCATCCTGCTTTGCATCCCAAAAACCGCAGATAATCCGTCCCTTCCTCGGCAGCTGGCGTTATGGTCAGATGGTTTTTGCAACAAATCTCACAATAAAAAGTTTCAACATACCGACGGTATCACACATGCGGTAGTAT
2,2,0,ATACAAAAAAAGACAGGTACGTAGTTACGGGGTTAAACATAATCATCCTGCTTTGCATCCCAAAAACCGCAGATAATCCGTCCCTTCCTCGGCAGCTGGCGTTATGGTCAGATGGTTTTTGCAACAAATCTCACAATAAAAAGTTTCAACATACCGACGGTCATTAATGCGCGTCAATAT
1,1,0,ATACAAAAAAAGACAGGTACGTAGTTACGGGGTTAAACATAATCATCCTGCTTTGCATCCCAAAAACCGCAGATAATCCGTCCCTTCCTCGGCAGCTGGCGTTATGGTCAGATGGTTTTTGCAACAAATCTCACAATAAAAAGTTTCAACATACCGACGGTTAAGACGTCACATTAATCG
4,4,0,ATACAAAAAAAGACAGGTACGTAGTTACGGGGTTAAACATAATCATCCTGCTTTGCATCCCAAAAACCGCAGATAATCCGTCCCTTCCTCGGCAGCTGGCGTTATGGTCAGATGGTTTTTGCAACAAATCTCACAATAAAAAGTTTCAACATACCGACGGTTGGGCCAAAGAGGGTCATA
2,2,0,ATACAAAAAAAGACAGGTACGTAGTTACGGGGTTAAACATAATCATCCTGCTTTGCATCCCAAAAACCGCAGATAATCCGTCCCTTCCTCGGCAGCTGGCGTTATGGTCAGATGGTTTTTGCAACAAATCTCACAATAAAAAGTTTCAACATACCGACGGTTTTAGATACGAACGGGAAT
4,3,1,ATACAAAAAAAGACAGGTACGTATTCACTAGGTTAAATAGAATCATCGTGCTGTACATCACAAAAACCCCAGATAGTCCCTCCTTTCCCCGGCAGCTGGCGGTATGGTCAGATGGGTTTTGCAACTAATCTCACAATAAAAAGTTTCAACATACTGACTAATCCTCGTTATCGAATGGGA
2,2,0,ATACAAAAAAAGACAGGTACGTATTCACTAGGTTAAATAGAATCATCGTGCTGTACATCACAAAAACCCCAGATAGTCCCTCCTTTCCCCGGCAGCTGGCGGTATGGTCAGATGGGTTTTGCAACTAATCTCACAATAAAAAGTTTCAACATACTGACTAGCAGAGATGACTGGAATGTG
7,7,0,ATACAAAAAAAGACAGGTACGTATTTACTGGCTTAAATATAACCATCCTGCTTTTCATCTAAAAAACCGCAGATAATCCTTCCTTTCCCCGGCAGCTGGCGTTATGGTCAGATGCTTTTTGCAACAAATATCACAATAAAAAGTTTCACCATACTGACTACACGGTTGCGTAGAACGATG
2,1,1,ATACAAAAAAAGACAGGTACGTATTTACTGGCTTAAATATAACCATCCTGCTTTTCATCTAAAAAACCGCAGATAATCCTTCCTTTCCCCGGCAGCTGGCGTTATGGTCAGATGCTTTTTGCAACAAATATCACAATAAAAAGTTTCACCATACTGACTACGATGGTTAAGCTCGGTTAT
2,1,1,ATACAAAAAAAGACAGGTACGTATTTACTGGCTTAAATATAACCATCCTGCTTTTCATCTAAAAAACCGCAGATAATCCTTCCTTTCCCCGGCAGCTGGCGTTATGGTCAGATGCTTTTTGCAACAAATATCACAATAAAAAGTTTCACCATACTGACTACTAATGTTAGGGGCCACGAA
1,1,0,ATACAAAAAAAGACAGGTACGTATTTACTGGGTTAAATATAACCATCCTGCTTTTCATCACAAAAACCGCAGTTAATACTGCATTTCCCCCGGAGCTGGCGTTATGGTCGGATGGTTTTTGCAACACATGTCGCAATAAAAACTTTCAACATGCTGCCAACGCTAGGAGACCACCACTAA
2,2,0,ATACAAAAAAAGACAGGTACGTATTTACTGGGTTAAATATAACCATCCTGCTTTTCATCACAAAAACCGCAGTTAATACTGCATTTCCCCCGGAGCTGGCGTTATGGTCGGATGGTTTTTGCAACACATGTCGCAATAAAAACTTTCAACATGCTGCCAACTGCCTAAGACTACTTTGTT
2,2,0,ATACAAAAAAAGACAGGTACGTATTTACTGGTTTAAATATAATCATACTGCTTTTCTTCACAAAAACCGCAGATAATCCCTCCTTTCCCGGACAGCTGGTGTTATGGTCAGATGTTTTTTGCAACTGGTCTAACAATAAAAAGTTTCAACACACCGAGTACGAGGTAAGGTTGCGTTCTC
3,3,0,ATACAAAAAAAGACAGGTACGTATTTACTGGTTTAAATATAATCATACTGCTTTTCTTCACAAAAACCGCAGATAATCCCTCCTTTCCCGGACAGCTGGTGTTATGGTCAGATGTTTTTTGCAACTGGTCTAACAATAAAAAGTTTCAACACACCGAGTACGGTTCAATTCGAATCATCG
6,3,3,ATACAAAAAAAGACAGGTACGTATTTACTGGTTTAAATATAATCATACTGCTTTTCTTCACAAAAACCGCAGATAATCCCTCCTTTCCCGGACAGCTGGTGTTATGGTCAGATGTTTTTTGCAACTGGTCTAACAATAAAAAGTTTCAACACACCGAGTACGTTAGATTCTACCAAAGAC
7,5,2,ATACAAAAAAAGACAGGTACGTATTTACTGGTTTAAATATAATCATACTGCTTTTCTTCACAAAAACCGCAGATAATCCCTCCTTTCCCGGACAGCTGGTGTTATGGTCAGATGTTTTTTGCAACTGGTCTAACAATAAAAAGTTTCAACACACCGAGTAGAATCGCGAGACTATCAATC
2,0,2,ATACAAAAAAAGACAGGTACGTATTTACTGGTTTAAATATAATCATACTGCTTTTCTTCACAAAAACCGCAGATAATCCCTCCTTTCCCGGACAGCTGGTGTTATGGTCAGATGTTTTTTGCAACTGGTCTAACAATAAAAAGTTTCAACACACCGAGTATAACTAGTCTCGTCTCAACC
16,13,3,ATACAAAAAAAGACAGGTACGTATTTACTGGTTTAAATATAATCATACTGCTTTTCTTCACAAAAACCGCAGATAATCCCTCCTTTCCCGGACAGCTGGTGTTATGGTCAGATGTTTTTTGCAACTGGTCTAACAATAAAAAGTTTCAACACACCGAGTATACCTAACAGAGGGAATCTA
1,1,0,ATACAAAAAAAGACAGGTACGTATTTACTGTGTTAAATATAGTCATCCGGCTTTTCATCACTAAAACCGCAGATTATCCGTCATTACCCCGCCAGCTGGCATTTTGATCACATGGTTTTTTCAATAAATCTCACAATAAAAAGTGTCAACATACTGACTGAGCAGTAACCGATCTGAGAT
3,3,0,ATACAAAAAAAGACAGGTACGTATTTACTGTGTTAAATATAGTCATCCGGCTTTTCATCACTAAAACCGCAGATTATCCGTCATTACCCCGCCAGCTGGCATTTTGATCACATGGTTTTTTCAATAAATCTCACAATAAAAAGTGTCAACATACTGACTGTATCATCTATCTCGGCAAGG
8,8,0,ATACAAAAAAAGACAGGTACGTATTTACTGTGTTAAATATAGTCATCCGGCTTTTCATCACTAAAACCGCAGATTATCCGTCATTACCCCGCCAGCTGGCATTTTGATCACATGGTTTTTTCAATAAATCTCACAATAAAAAGTGTCAACATACTGACTGTCAGACACGGCGGCATGAGG
3,3,0,ATACAAAAAAAGACAGGTACGTATTTACTGTGTTAAATATAGTCATCCGGCTTTTCATCACTAAAACCGCAGATTATCCGTCATTACCCCGCCAGCTGGCATTTTGATCACATGGTTTTTTCAATAAATCTCACAATAAAAAGTGTCAACATACTGACTGTCATTCCTTTCGCATGCTAA
13,12,1,ATACAAAAAAAGACAGGTACGTATTTTCTGGGTTAGGTATAATCAGTCTGCTTTTCATCACAAAAACCGCAGATAATGCTTCCTTTCCCCGGCAGCTGGCGTTATGGGCAGATGGTTTTTGAAACAAATCTCACAATAAAAAGTTTCACCATACTGACTAACACCTACGTGGCGTCGTCG
4,4,0,ATACAAAAAAAGACAGGTACGTATTTTCTGGGTTAGGTATAATCAGTCTGCTTTTCATCACAAAAACCGCAGATAATGCTTCCTTTCCCCGGCAGCTGGCGTTATGGGCAGATGGTTTTTGAAACAAATCTCACAATAAAAAGTTTCACCATACTGACTAACATAGTAAGTGGTTCGGAT
16,12,4,ATACAAAAAAAGACAGGTACGTATTTTCTGGGTTAGGTATAATCAGTCTGCTTTTCATCACAAAAACCGCAGATAATGCTTCCTTTCCCCGGCAGCTGGCGTTATGGGCAGATGGTTTTTGAAACAAATCTCACAATAAAAAGTTTCACCATACTGACTAGAGGTTTTTGTAGACGGGCG
7,7,0,ATACAAAAAAAGACAGGTACTTATATACTGGGTTAAATATAATCATCGTTCTTTCCATTACAACAACCGCATATAATCCTTCCGTTCCTCGGCACCTGGCGTTATGGTCAGATGGTTTTTGCAATAAATCTCACAATAAAAAGTGTCAACATACTGACTAAGCATCCACTTGTCCGTACG
1,1,0,ATACAAAAAAAGACAGGTACTTATATACTGGGTTAAATATAATCATCGTTCTTTCCATTACAACAACCGCATATAATCCTTCCGTTCCTCGGCACCTGGCGTTATGGTCAGATGGTTTTTGCAATAAATCTCACAATAAAAAGTGTCAACATACTGACTACACGAGTTGCAAGCTTATGT
14,12,2,ATACAAAAAAAGACAGGTACTTATATACTGGGTTAAATATAATCATCGTTCTTTCCATTACAACAACCGCATATAATCCTTCCGTTCCTCGGCACCTGGCGTTATGGTCAGATGGTTTTTGCAATAAATCTCACAATAAAAAGTGTCAACATACTGACTATACTGGGTGATACGATGATA
5,5,0,ATACAAAAAAAGACAGTAACGGATTTACTGGGTTAAATCAAATCATCCTGCTTTTCATCACAAAAACCGCAGATAATCCCTCCTTTCCCCGGCAGCTGGCGTTATCGTCAGATGGTTTTTGCAACAAATCTAATTATAACAAGTTTGAACATACTGCCAACGGTGCCACTCTGAAGGTCT
5,2,3,ATACAAAAAAAGACAGTAACGGATTTACTGGGTTAAATCAAATCATCCTGCTTTTCATCACAAAAACCGCAGATAATCCCTCCTTTCCCCGGCAGCTGGCGTTATCGTCAGATGGTTTTTGCAACAAATCTAATTATAACAAGTTTGAACATACTGCCAAGCATATTTTCGTTTGTTTAT
6,6,0,ATACAAAAAAAGACAGTAACGGATTTACTGGGTTAAATCAAATCATCCTGCTTTTCATCACAAAAACCGCAGATAATCCCTCCTTTCCCCGGCAGCTGGCGTTATCGTCAGATGGTTTTTGCAACAAATCTAATTATAACAAGTTTGAACATACTGCCAATCAGACTCGGCATCATCCAA
1,1,0,ATACAAAAAAAGACAGTAACGTATTTACTGGGTTAGAGATGATCATCCTACTTTTCATCACAATAACCACAGATAATCCTTTCTCTCCCCGGCAGCTCGCGTTATGGTCAGATGGTTGTTGCAACGAATCACAGAAGAAAAATTTCCAACATACCGACTAACACTGGACACCATTGGCAC
1,1,0,ATACAAAAAAAGACAGTAACGTATTTACTGGGTTAGAGATGATCATCCTACTTTTCATCACAATAACCGCAGATAATCCTTTCTCTCCCCGGCAGCTCGCGTTATGGTCAGATGGTTGTTGCAACGAATCACAGAAGAAAAATTTCCAACATACCGACTAACTCTGAGTCAGCGGGTCCG
3,3,0,ATACAAAAAAAGACAGTAACGTATTTACTGGGTTAGAGATGATCATCCTACTTTTCATCACAATAACCGCAGATAATCCTTTCTCTCCCCGGCAGCTCGCGTTATGGTCAGATGGTTGTTGCAACGAATCACAGAAGAAAAATTTCCAACATACCGACTAACTTCCGGGACTCCCGGCTG
4,4,0,ATACAAAAAAAGACAGTAACGTATTTACTGGGTTAGAGATGATCATCCTACTTTTCATCACAATAACCGCAGATAATCCTTTCTCTCCCCGGCAGCTCGCGTTATGGTCAGATGGTTGTTGCAACGAATCACAGAAGAAAAATTTCCAACATACCGACTAATAGACTCCACATGTTTCAC
1,1,0,ATACAAAAAAAGACAGTAACGTATTTACTGGGTTAGAGATGATCATCCTACTTTTCATCACAATAACCGCAGATAATCCTTTCTCTCCCCGGCAGCTCGCGTTATGGTCAGATGGTTGTTGCAACGAATCACAGAAGAAAAATTTCCAACATACCGACTAATCACTTCTATTTCTGTTAA
6,6,0,ATACAAAAAAAGACAGTAACGTATTTACTGGGTTAGAGATGATCATCCTACTTTTCATCACAATAACCGCAGATAATCCTTTCTCTCCCCGGCAGCTCGCGTTATGGTCAGATGGTTGTTGCAACGAATCACAGAAGAAAAATTTCCAACATACCGACTACAATGGATTTCTGCAGGGAG
3,1,2,ATACAAAAAAAGACAGTAACGTATTTACTGGGTTAGAGATGATCATCCTACTTTTCATCACAATAACCGCAGATAATCCTTTCTCTCCCCGGCAGCTCGCGTTATGGTCAGATGGTTGTTGCAACGAATCACAGAAGAAAAATTTCCAACATACCGACTACCCAGCGGAGATAGATCTGG
1,1,0,ATACAAAAAAAGACAGTAACGTATTTACTGGGTTAGAGATGATCATCCTACTTTTCATCACAATAACCGCAGATAATCCTTTCTCTCCCCGGCAGCTCGCGTTATGGTCAGATGGTTGTTGCAACGAATCACAGAAGAAAAATTTCCAACATACCGACTAGAAAATTTATGAAGTGCAGG
2,2,0,ATACAAAAAAAGACAGTAACGTATTTACTGGGTTAGAGATGATCATCCTACTTTTCATCACAATAACCGCAGATAATCCTTTCTCTCCCCGGCAGCTCGCGTTATGGTCAGATGGTTGTTGCAACGAATCACAGAAGAAAAATTTCCAACATACCGACTAGATAGTTTACTAGAGAAAAT
1,1,0,ATACAAAAAAAGACAGTAACGTATTTACTGGGTTAGAGATGATCATCCTACTTTTCATCACAATAACCGCAGATAATCCTTTCTCTCCCCGGCAGCTCGCGTTATGGTCAGATGGTTGTTGCAACGAATCACAGAAGAAAAATTTCCAACATACCGACTAGCCCGACAGTGACGTTAACT
2,2,0,ATACAAAAAAAGACAGTAACGTATTTACTGGGTTAGAGATGATCATCCTACTTTTCATCACAATAACCGCAGATAATCCTTTCTCTCCCCGGCAGCTCGCGTTATGGTCAGATGGTTGTTGCAACGAATCACAGAAGAAAAATTTCCAACATACCGACTAGTCGTTCTACGTGCATCTAT
2,2,0,ATACAAAAAAAGACAGTAACGTATTTACTGGGTTAGAGATGATCATCCTACTTTTCATCACAATAACCGCAGATAATCCTTTCTCTCCCCGGCAGCTCGCGTTATGGTCAGATGGTTGTTGCAACGAATCACAGAAGAAAAATTTCCAACATACCGACTAGTGAGTTGCCGGGAACCGTC
67,2,65,ATACAAAAAAAGACAGTAACGTATTTACTGGTTTAAATATAATCATCCAGATTTTCATCACAAAACCAGCAGATAATTCTTCCGCTTGGCGCCAGCTGGTGTTATGGTCAGATGGTTTTTGCGACAAATCTCACAATAAAAAGTTTCAACATACTTAGTAAAGCGGTTCGCCGTTCGTGG
2,2,0,ATACAAAAAAAGACATGAACGAATTCACGGGGCTAAATATAATAATCCTGCTTTTCTTCACAAAAACCGCAGATAATCCTGCCTTGCCCCGGCAGCTGGCGTTGTGGACAGATGGTTTTAGCCACTAATTACGCAATTAAAAATCCCAACATACTTACTATAAGTTTAAGCAGAACTGAG
13,7,6,ATACAAAAAAAGACATGAACGCATTTACCGGTTTGAATACGATCATCCTGCTTTTCATCACAAGAACCGCAGATAATACTCCCTTTCCCAGTCTGCTGGCGTTATGGTCAGATGGTAGTTGCGACAAAACGCACAATAAAAAGTTTCAACATACTGATAAACCTGGTGCGCATCGCGATC
23,8,15,ATACAAAAAAAGACATGAACGTATTTACTGGGTTAAATATAATCATGCGGCTTTTCATCACAAAAACGGCAGATAATCCTTCCTTTCCCCAGCAGCTGGCGTTATGGTCAGAGGGTTTTTGCCAGAAATCTCACACTAAAAAGTTTCAACTTACAGACTAATGCACTACATCATAGTGAG
35,7,28,ATACAAAAAAAGACATGAACGTATTTACTGGGTTAAATATAATCATGCGGCTTTTCATCACAAAAACGGCAGATAATCCTTCCTTTCCCCAGCAGCTGGCGTTATGGTCAGAGGGTTTTTGCCAGAAATCTCACACTAAAAAGTTTCAACTTACAGACTAGAACGAAACTATCGGGTTAC
28,5,23,ATACAAAAAAAGACATGAACGTATTTACTGGGTTAAATATAATCATGCGGCTTTTCATCACAAAAACGGCAGATAATCCTTCCTTTCCCCAGCAGCTGGCGTTATGGTCAGAGGGTTTTTGCCAGAAATCTCACACTAAAAAGTTTCAACTTACAGACTAGGAACGATCTTCTGGTTACC
3,1,2,ATACAAAAAAAGACATGAACGTATTTACTGGGTTAAATATAATCATGCGGCTTTTCATCACAAAAACGGCAGATAATCCTTCCTTTCCCCAGCAGCTGGCGTTATGGTCAGAGGGTTTTTGCCAGAAATCTCACACTAAAAAGTTTCAACTTACAGACTAGTCACTTAACCCGGTACCAC
8,3,5,ATACAAAAAAAGACATGAACGTATTTACTGGGTTAAATATAATCATGCGGCTTTTCATCACAAAAACGGCAGATAATCCTTCCTTTCCCCAGCAGCTGGCGTTATGGTCAGAGGGTTTTTGCCAGAAATCTCACACTAAAAAGTTTCAACTTACAGACTATAGCCCGTACAGCAGCTCGA
9,0,9,ATACAAAAAAAGACATGAACGTATTTACTGGGTTAAATATAATCATGCGGCTTTTCATCACAAAAACGGCAGATAATCCTTCCTTTCCCCAGCAGCTGGCGTTATGGTCAGAGGGTTTTTGCCAGAAATCTCACACTAAAAAGTTTCAACTTACAGACTATGGGAGGTATTTATTGATCA
6,5,1,ATACAAAAAAAGACATGAACGTATTTACTGGGTTAAATATAATCATGCGGCTTTTCATCACAAAAACGGCAGATAATCCTTCCTTTCCCCAGCAGCTGGCGTTATGGTCAGAGGGTTTTTGCCAGAAATCTCACACTAAAAAGTTTCAACTTACAGACTATGGTTAGGCGCCTCACCTTG
12,1,11,ATACAAAAAAAGACATGAACGTCTTCACTGGCTTATATATAATCATCCTGCATTTCATCACATAAACCGCAGATTATCCTTCCTTTCCCAGGCAGATGACGTTATGGTCAGATTGGTTTGGTAGCAAATCCCACAATAAAAAGTTTCTGCATACTGACTAAGAACCGGTGGTCACTTTTA
4,1,3,ATACAAAAAAAGACATGAACGTCTTCACTGGCTTATATATAATCATCCTGCATTTCATCACATAAACCGCAGATTATCCTTCCTTTCCCAGGCAGATGACGTTATGGTCAGATTGGTTTGGTAGCAAATCCCACAATAAAAAGTTTCTGCATACTGACTAATTAAAGTGTAAGACCAGGC
5,0,5,ATACAAAAAAAGACATGAACGTCTTCACTGGCTTATATATAATCATCCTGCATTTCATCACATAAACCGCAGATTATCCTTCCTTTCCCAGGCAGATGACGTTATGGTCAGATTGGTTTGGTAGCAAATCCCACAATAAAAAGTTTCTGCATACTGACTAGTGCAGAAATTTACAATCCT
6,0,6,ATACAAAAAAAGACATGAACGTCTTCACTGGCTTATATATAATCATCCTGCATTTCATCACATAAACCGCAGATTATCCTTCCTTTCCCAGGCAGATGACGTTATGGTCAGATTGGTTTGGTAGCAAATCCCACAATAAAAAGTTTCTGCATACTGACTATCGTAGTTTTTGTCACGAAG
5,1,4,ATACAAAAAAAGACATGAACGTCTTCACTGGCTTATATATAATCATCCTGCATTTCATCACATAAACCGCAGATTATCCTTCCTTTCCCAGGCAGATGACGTTATGGTCAGATTGGTTTGGTAGCAAATCCCACAATAAAAAGTTTCTGCATACTGACTATTAGCCTATGTTCGGTATAT
11,0,11,ATACAAAAAAAGACATGAACTTGTTTACTGGGTTAAATATAATAAACCTGCTTTTCATCACAAGAAACACATTTAATCCTTCCTTTCCCCGGCAGCTGGCGTTATGGTCAGTTGGTTTATGCAACAAATCGCGCAATAAAATGTTTCAACATACTGACTAAATTGGTAGATCATGGACAC
31,2,29,ATACAAAAAAAGACATGAACTTGTTTACTGGGTTAAATATAATAAACCTGCTTTTCATCACAAGAAACACATTTAATCCTTCCTTTCCCCGGCAGCTGGCGTTATGGTCAGTTGGTTTATGCAACAAATCGCGCAATAAAATGTTTCAACATACTGACTAGCGGGACGTAAACTACCGCT
4,2,2,ATACAAAAAAAGACATGAACTTGTTTACTGGGTTAAATATAATAAACCTGCTTTTCATCACAAGAAACACATTTAATCCTTCCTTTCCCCGGCAGCTGGCGTTATGGTCAGTTGGTTTATGCAACAAATCGCGCAATAAAATGTTTCAACATACTGACTATAATCACTGTGGTACCGGAT
11,0,11,ATACAAAAAAAGACATGAACTTGTTTACTGGGTTAAATATAATAACCCTGCTTTTCATCACAAGAAACACATTTAATCCTTCCTTTCCCCGGCAGCTGGCGTTATGGTCAGTTGGTTTATGCAACAAATCGCGCAATAAAATGTTTCAACATACTGACTAAGGCGCGACCATAGTACGTT
4,1,3,ATACAAAAAAAGACATGACCGTGTTTACTGGGTTAAATATAGTCATCCTGCTATGCACCACAAAAACCGCAGCTAATGCTTCCTTTCCTCGGCAGCTGGCGTTATGCTCCGATGGATTTTGCAACAAATCTTACAATAAAAAGTTTCAACAAACTGTCTAAAATGGTCGGAACGGGAAGC
5,0,5,ATACAAAAAAAGACATGACCGTGTTTACTGGGTTAAATATAGTCATCCTGCTATGCACCACAAAAACCGCAGCTAATGCTTCCTTTCCTCGGCAGCTGGCGTTATGCTCCGATGGATTTTGCAACAAATCTTACAATAAAAAGTTTCAACAAACTGTCTAACAGCTGTTTTCAGTTTTGT
2,1,1,ATACAAAAAAAGACATGACCGTGTTTACTGGGTTAAATATAGTCATCCTGCTATGCACCACAAAAACCGCAGCTAATGCTTCCTTTCCTCGGCAGCTGGCGTTATGCTCCGATGGATTTTGCAACAAATCTTACAATAAAAAGTTTCAACAAACTGTCTAAGTGTTCCGTTCACCCGGGC
1,1,0,ATACAAAAAAAGACATGACCGTGTTTACTGGGTTAAATATAGTCATCCTGCTATGCACCACAAAAACCGCAGCTAATGCTTCCTTTCCTCGGCAGCTGGCGTTATGCTCCGATGGATTTTGCAACAAATCTTACAATAAAAAGTTTCAACAAACTGTCTACAAAGTATTTTGTGCCTACA
2,0,2,ATACAAAAAAAGACATGACCGTGTTTACTGGGTTAAATATAGTCATCCTGCTATGCACCACAAAAACCGCAGCTAATGCTTCCTTTCCTCGGCAGCTGGCGTTATGCTCCGATGGATTTTGCAACAAATCTTACAATAAAAAGTTTCAACAAACTGTCTACTGTTTCACCTGGTCACTAA
10,4,6,ATACAAAAAAAGACATGACCGTGTTTACTGGGTTAAATATAGTCATCCTGCTATGCACCACAAAAACCGCAGCTAATGCTTCCTTTCCTCGGCAGCTGGCGTTATGCTCCGATGGATTTTGCAACAAATCTTACAATAAAAAGTTTCAACAAACTGTCTAGCTTGGAGTTAATTGCGCTA
2,0,2,ATACAAAAAAAGACATGACCGTGTTTACTGGGTTAAATATAGTCATCCTGCTATGCACCACAAAAACCGCAGCTAATGCTTCCTTTCCTCGGCAGCTGGCGTTATGCTCCGATGGATTTTGCAACAAATCTTACAATAAAAAGTTTCAACAAACTGTCTATCAAGAGTCGTTGGACGTTG
2,1,1,ATACAAAAAAAGACATGACCGTGTTTACTGGGTTAAATATAGTCATCCTGCTATGCACCACAAAAACCGCAGCTAATGCTTCCTTTCCTCGGCAGCTGGCGTTATGCTCCGATGGATTTTGCAACAAATCTTACAATAAAAAGTTTCAACAAACTGTCTATTAGTGACATAATTGCAAAG
3,2,1,ATACAAAAAAAGACATGACCGTGTTTACTGGGTTAAATATAGTCATCCTGCTATGCACCACAAAAACCGCAGCTAATGCTTCCTTTCCTCGGCAGCTGGCGTTATGCTCCGATGGATTTTGCAACAAATCTTACAATAAAAAGTTTCAACAAACTGTCTATTTACAGTAGGCGTATAAGA
3,3,0,ATACAAAAAAAGACATGATCGTATTTAATTTGTTAAATATATTCATACTGCTTTCCATCACAAAAACCGCAGGTCATCCTTCATTTCCCTGACAGCTGACCTTATGGACAGATGGTTCTTGCAACAAATCTCACAATCAAAAGTTTCACCATTATGTCAAGCGACCTCGGAGATGACAAG
31,31,0,ATACAAAAAAAGACATGATCGTATTTAATTTGTTAAATATATTCATACTGCTTTCCATCACAAAAACCGCAGGTCATCCTTCATTTCCCTGACAGCTGGCCTTATGGACAGATGGTTCTTGCAACAAATCTCACAATCAAAAGTTTCACCATTATGTCAAAATAGTTGGTTCTATTGTAA
2,2,0,ATACAAAAAAAGACATGATCGTATTTAATTTGTTAAATATATTCATACTGCTTTCCATCACAAAAACCGCAGGTCATCCTTCATTTCCCTGACAGCTGGCCTTATGGACAGATGGTTCTTGCAACAAATCTCACAATCAAAAGTTTCACCATTATGTCAAACAAGGACACTGACGTATCG
2,2,0,ATACAAAAAAAGACATGATCGTATTTAATTTGTTAAATATATTCATACTGCTTTCCATCACAAAAACCGCAGGTCATCCTTCATTTCCCTGACAGCTGGCCTTATGGACAGATGGTTCTTGCAACAAATCTCACAATCAAAAGTTTCACCATTATGTCAAATTCGTTAGGAATCTCATAC
11,11,0,ATACAAAAAAAGACATGATCGTATTTAATTTGTTAAATATATTCATACTGCTTTCCATCACAAAAACCGCAGGTCATCCTTCATTTCCCTGACAGCTGGCCTTATGGACAGATGGTTCTTGCAACAAATCTCACAATCAAAAGTTTCACCATTATGTCAACAATTTCTGTGCACCTGTTC
9,8,1,ATACAAAAAAAGACATGATCGTATTTAATTTGTTAAATATATTCATACTGCTTTCCATCACAAAAACCGCAGGTCATCCTTCATTTCCCTGACAGCTGGCCTTATGGACAGATGGTTCTTGCAACAAATCTCACAATCAAAAGTTTCACCATTATGTCAACCCGATTGAGATGCCTTTAT
2,2,0,ATACAAAAAAAGACATGATCGTATTTAATTTGTTAAATATATTCATACTGCTTTCCATCACAAAAACCGCAGGTCATCCTTCATTTCCCTGACAGCTGGCCTTATGGACAGATGGTTCTTGCAACAAATCTCACAATCAAAAGTTTCACCATTATGTCAACTGTAGTCTTGACTATTCAG
4,4,0,ATACAAAAAAAGACATGATCGTATTTAATTTGTTAAATATATTCATACTGCTTTCCATCACAAAAACCGCAGGTCATCCTTCATTTCCCTGACAGCTGGCCTTATGGACAGATGGTTCTTGCAACAAATCTCACAATCAAAAGTTTCACCATTATGTCAAGCAGTTACGTTAGGACAATA
1,1,0,ATACAAAAAAAGACATGATCGTATTTAATTTGTTAAATATATTCATACTGCTTTCCATCACAAAAACCGCAGGTCATCCTTCATTTCCCTGACAGCTGGCCTTATGGACAGATGGTTCTTGCAACAAATCTCACAATCAAAAGTTTCACCATTATGTCAAGGAAACAATCCGCTTCGTAA
2,1,1,ATACAAAAAAAGACATGATCGTATTTAATTTGTTAAATATATTCATACTGCTTTCCATCACAAAAACCGCAGGTCATCCTTCATTTCCCTGACAGCTGGCCTTATGGACAGATGGTTCTTGCAACAAATCTCACAATCAAAAGTTTCACCATTATGTCAATTACTTACAGCTGAGCCTCA
50,5,45,ATACAAAAAAAGACCCGAACTTATCTACTGGGTAAAATATAATCATCCTCCTTTTCATCACAGAAACCGCAGATAATCCTTTCTTTACCCAGCAGCTTGCGTTATGGTCAGATGGTTTTTACAATAAATCTTACAATAAAGAGCTTAAACATACCGACTACGACAACTAACCGGACCCGA
2,2,0,ATACAAAAAAAGACCGGAACGTATATACTGGGTTAAATATAATCCTACTCCTTTTCAACACAAAAACCGCAGATAATCCTTCCTTTCACCGGCAGCTGGCGTTATGGTCTGCTGGTTTTTGCAACCATTCTCAGAATAAAAAGTATAAAATTACTGCCTAATCAATACAATTTGTCAACG
2,2,0,ATACAAAAAAAGACCGGAACGTATATACTGGGTTAAATATAATCCTACTCCTTTTCAACACAAAAACCGCAGATAATCCTTCCTTTCACCGGCAGCTGGCGTTATGGTCTGCTGGTTTTTGCAACCATTCTCAGAATAAAAAGTATAAAATTACTGCCTACAACCTCATTAGTTTATTCC
1,1,0,ATACAAAAAAAGACCGGAACGTATATACTGGGTTAAATATAATCCTACTCCTTTTCAACACAAAAACCGCAGATAATCCTTCCTTTCACCGGCAGCTGGCGTTATGGTCTGCTGGTTTTTGCAACCATTCTCAGAATAAAAAGTATAAAATTACTGCCTAGACATTGGTATTGGTATGGA
3,3,0,ATACAAAAAAAGACCGGAACGTATATACTGGGTTAAATATAATCCTACTCCTTTTCAACACAAAAACCGCAGATAATCCTTCCTTTCACCGGCAGCTGGCGTTATGGTCTGCTGGTTTTTGCAACCATTCTCAGAATAAAAAGTATAAAATTACTGCCTATCATGGTACCCCATTCCCAA
21,19,2,ATACAAAAAAAGACCGGAACGTATATACTGGGTTAAATATAATCCTACTCCTTTTCAACACAAAAACCGCAGATAATCCTTCCTTTCACCGGCAGCTGGCGTTATGGTCTGCTGGTTTTTGCAACCATTCTCAGAATAAAAAGTATAAAATTACTGCCTATGATTTTCACGCTGCGTCCA
1,1,0,ATACAAAAAAAGACCGGAACGTATTTACTGCGTTAAATGTAATCATCCTGCTTGTCATGACAAATACTGCATATAAGCCTTACTATCCACGGCAGCTGGCGTGATAATTAGATGGTTTTTGCAACAAATCTAACATTAAAAAGTATCAACATACTGACTAGCCAGAATTCTAAAGCGTAA
8,7,1,ATACAAAAAAAGACCGGAACGTATTTACTGCGTTAAATGTAATCATCCTGCTTGTCATGACAAATACTGCATATAAGCCTTACTATCCACGGCAGCTGGCGTGATAATTAGATGGTTTTTGCAACAAATCTAACATTAAAAAGTATCAACATACTGACTATCTCCAATACCGCAGTTCAT
9,5,4,ATACAAAAAAAGACCGGAACGTATTTACTGGGTTAAATATAATCATCCTGCTTTTCATCACGAAAACCGCAGATAATCCTTCATTTCCCCGGCAGCTGGCGTTATGGTAAGATGGTCTTTGCCACAAAGCTCACAATAAAACGATTCAACATACTGACCTACATCTCATCGCAGCGTCCA
5,1,4,ATACAAAAAAAGACCGGAACGTATTTACTGGGTTAAATATAATCATCCTGCTTTTCATCACGAAAACCGCAGATAATCCTTCATTTCCCCGGCAGCTGGCGTTATGGTAAGATGGTCTTTGCCACAAAGCTCACAATAAAACGATTCAACATACTGACCTAGTATAGGATGTCCCTCGGT
5,4,1,ATACAAAAAAAGACCGGAACGTATTTACTGGGTTAAATATAATCATCCTGCTTTTCATCACGAAAACCGCAGATAATCCTTCATTTCCCCGGCAGCTGGCGTTATGGTAAGATGGTCTTTGCCACAAAGCTCACAATAAAACGATTCAACATACTGACCTATGTATAACGTCGAGCAGTT
8,0,8,ATACAAAAAAAGACCGGAACGTATTTACTGGGTTAAATATAATCATCCTGCTTTTCATCACGAAAACCGCAGATAATCCTTCATTTCCCCGGCAGCTGGCGTTATGGTAAGATGGTCTTTGCCACAAAGCTCACAATAAAACGATTCAACATACTGACCTCCCCATGTTCAGTAGCCTGT
20,5,15,ATACAAAAAAAGACCGGAACGTATTTACTGGGTTAAATATAATCATCCTGCTTTTCATCACGAAAACCGCAGATAATCCTTCATTTCCCCGGCAGCTGGCGTTATGGTAAGATGGTCTTTGCCACAAAGCTCACAATAAAACGATTCAACATACTGACCTCGCCTGTCGCGCCTTGTCGT
27,2,25,ATACAAAAAAAGACCGGAACGTATTTACTGGGTTAAATATAATCATCCTGCTTTTCATCACGAAAACCGCAGATAATCCTTCATTTCCCCGGCAGCTGGCGTTATGGTAAGATGGTCTTTGCCACAAAGCTCACAATAAAACGATTCAACATACTGACCTTGGCGGGAGCTAGTCACCAA
9,4,5,ATACAAAAAAAGACCGGAACGTATTTACTGGGTTAAATATAATCATCCTGCTTTTCATCACGAAAACCGCAGATAATCCTTCATTTCCCCGGCAGCTGGCGTTATGGTAAGATGGTCTTTGCCACAAAGCTCACAATAAAACGATTCAACATACTGACCTTTTGTATCTTACCCTCGACC
5,4,1,ATACAAAAAAAGACCGGAACGTATTTACTGGGTTAAATATTATCATTCTGCTTTGCGCCAAAAAAACCGCAGATAATCCTTCCTTTCGCCGACAGCTGGCGTTATGGTCAGATGGTTTTCGCAACAAAACTCACAATGAAAAGTTTCAACACACTGACTAAATTGTCTAGACTTTAGGTA
8,5,3,ATACAAAAAAAGACCGGAACGTATTTACTGGGTTAAATATTATCATTCTGCTTTGCGCCAAAAAAACCGCAGATAATCCTTCCTTTCGCCGGCAGCTGGCGTTATGGTCAGATGGTTTTCGCAACAAAACTCACAATGAAAAGTTTCAACACACTGACTACGACCAATATGCCATGGTGG
2,0,2,ATACAAAAAAAGACCGGAACGTATTTACTGGGTTAAATATTATCATTCTGCTTTGCGCCAAAAAAACCGCAGATAATCCTTCCTTTCGCCGGCAGCTGGCGTTATGGTCAGATGGTTTTCGCAACAAAACTCACAATGAAAAGTTTCAACACACTGACTACGCCAAGTTCATAAGATCTG
7,2,5,ATACAAAAAAAGACCGGAACGTATTTACTGGGTTAAATATTATCATTCTGCTTTGCGCCAAAAAAACCGCAGATAATCCTTCCTTTCGCCGGCAGCTGGCGTTATGGTCAGATGGTTTTCGCAACAAAACTCACAATGAAAAGTTTCAACACACTGACTATAGGGCGTTATGAACTGCAT
2,2,0,ATACAAAAAAAGACCGGAACGTATTTACTGGGTTAAATTTAATCATCCTACGTTTCTTAACAAAAACTGCAGTCACTCCTTCCTTTCCCCGGTAGATGTCGTTATGGACAGATGGTTTGTCCAACGGATCACACTATAAAAAGTTTCGTCATACTGACTAACTTCGTCTTTCTTTGGGCT
3,3,0,ATACAAAAAAAGACCGGAACGTATTTACTGGGTTAAATTTAATCATCCTACGTTTCTTAACAAAAACTGCAGTCACTCCTTCCTTTCCCCGGTAGATGTCGTTATGGACAGATGGTTTGTCCAACGGATCACACTATAAAAAGTTTCGTCATACTGACTAATTCAAACGCTGCCACGATT
1,1,0,ATACAAAAAAAGACCGGAACGTATTTACTGGGTTAAATTTAATCATCCTACGTTTCTTAACAAAAACTGCAGTCACTCCTTCCTTTCCCCGGTAGATGTCGTTATGGACAGATGGTTTGTCCAACGGATCACACTATAAAAAGTTTCGTCATACTGACTACGTAAGTAGATTACTTACAT
9,9,0,ATACAAAAAAAGACCGGAACGTATTTACTGGGTTAAATTTAATCATCCTACGTTTCTTAACAAAAACTGCAGTCACTCCTTCCTTTCCCCGGTAGATGTCGTTATGGACAGATGGTTTGTCCAACGGATCACACTATAAAAAGTTTCGTCATACTGACTAGAGATATCATCCTAGGGAAA
1,1,0,ATACAAAAAAAGACCGGAACGTATTTACTGGGTTAAATTTAATCATCCTACGTTTCTTAACAAAAACTGCAGTCACTCCTTCCTTTCCCCGGTAGATGTCGTTATGGACAGATGGTTTGTCCAACGGATCACACTATAAAAAGTTTCGTCATACTGACTAGTGTCGACTATATCAGTTCC
1,1,0,ATACAAAAAAAGACCGGAACGTATTTACTGTGTTAAATATCATCATACTGCTTTTCATCACAACGACGGCAGACAATCCTTCCTATCCCCGACACCTGGCGTTCTGGTCAGAGGGTTTTTGCAACAAACCTCACAATAAAAAGTTTCAGCCTACGGACTAGCGGCGCGTCTGGTACACAA
2,2,0,ATACAAAAAAAGACCGGAACGTATTTACTGTGTTAAATATCATCATACTGCTTTTCATCACAACGACGGCAGACAATCCTTCCTATCCCCGACACCTGGCGTTCTGGTCAGAGGGTTTTTGCAACAAACCTCACAATAAAAAGTTTCAGCCTACGGACTAGTTGAATAAGCCAATATATG
3,3,0,ATACAAAAAAAGACCGGAACGTATTTACTGTTTTAAATATCATCATACTGCTTTTCATCACAACGACGGCAGACAATCCTTCCTATCCCCGACACCTGGCGTTCTGGTCAGAGGGTTTTTGCAACAAACCTCACAATAAAAAGTTTCAGCCTACGGACTATTGGGCAACCTAAACCCCAT
1,1,0,ATACAAAAAAAGACCGGAGGGTATTTACCGGGATAAATATAATCATCCGGCTTTTCAACACAAAAACCCCCTATAATCCTTCCTTTCCCTGCCAGATGGCGTTATGGTCAGATGGTTTTTCCAATAAATCTCACAATAAAGAGTTTCAACATACTGACTAAATGATGAGCACGGAGGTTA
19,19,0,ATACAAAAAAAGACCGGAGGGTATTTACCGGGATAAATATAATCATCCGGCTTTTCAACACAAAAACCCCCTATAATCCTTCCTTTCCCTGCCAGATGGCGTTATGGTCAGATGGTTTTTCCAATAAATCTCACAATAAAGAGTTTCAACATACTGACTAACAGACTCTTTCCCTGCTGT
5,3,2,ATACAAAAAAAGACCGGAGGGTATTTACCGGGATAAATATAATCATCCGGCTTTTCAACACAAAAACCCCCTATAATCCTTCCTTTCCCTGCCAGATGGCGTTATGGTCAGATGGTTTTTCCAATAAATCTCACAATAAAGAGTTTCAACATACTGACTACCAACATATAATTTTTCGGT
10,4,6,ATACAAAAAAAGACCGGAGGGTATTTACCGGGATAAATATAATCATCCGGCTTTTCAACACAAAAACCCCCTATAATCCTTCCTTTCCCTGCCAGATGGCGTTATGGTCAGATGGTTTTTCCAATAAATCTCACAATAAAGAGTTTCAACATACTGACTAGCACTTTACTTGGACTAAGT
1,1,0,ATACAAAAAAAGACCGGAGGGTATTTACCGGGATAAATATAATCATCCGGCTTTTCAACACAAAAACCCCCTATAATCCTTCCTTTCCCTGCCAGATGGCGTTATGGTCAGATGGTTTTTCCAATAAATCTCACAATAAAGAGTTTCAACATACTGACTAGCCTCCCTGCGCAATGGATA
2,2,0,ATACAAAAAAAGACCGGAGGGTATTTACCGGGATAAATATAATCATCCGGCTTTTCAACACAAAAACCCCCTATAATCCTTCCTTTCCCTGCCAGATGGCGTTATGGTCAGATGGTTTTTCCAATAAATCTCACAATAAAGAGTTTCAACATACTGACTAGGCTTACGCATGCCTATCGC
9,4,5,ATACAAAAAAAGACCGGAGGGTATTTACCGGGATAAATATAATCATCCGGCTTTTCAACACAAAAACCCCCTATAATCCTTCCTTTCCCTGCCAGATGGCGTTATGGTCAGATGGTTTTTCCAATAAATCTCACAATAAAGAGTTTCAACATACTGACTATACTCCCAAGCGAACAAAGA
2,2,0,ATACAAAAAAAGACCGGAGGGTATTTACCGGGATAAATATAATCATCCGGCTTTTCAACACAAAAACCCCCTATAATCCTTCCTTTCCCTGCCAGATGGCGTTATGGTCAGATGGTTTTTCCAATAAATCTCACAATAAAGAGTTTCAACATACTGACTATACTCCCAGTGTATTTTATA
4,4,0,ATACAAAAAAAGACCGGAGGGTATTTACCGGGATAAATATAATCATCCGGCTTTTCAACACAAAAACCCCCTATAATCCTTCCTTTCCCTGCCAGATGGCGTTATGGTCAGATGGTTTTTCCAATAAATCTCACAATAAAGAGTTTCAACATACTGACTATCAGCTGCCAAGGTTTTGTC
8,8,0,ATACAAAAAAAGACCGGAGGGTATTTACCGGGATAAATATAATCATCCGGCTTTTCAACACAAAAACCCCCTATAATCCTTCCTTTCCCTGCCAGATGGCGTTATGGTCAGATGGTTTTTCCAATAAATCTCACAATAAAGAGTTTCAACATACTGACTATGCGTAGTCCCAGAACTGCG
3,3,0,ATACAAAAAAAGACCGGCACGTATTTAGTGGGCTAAATATAATCATCTGGATTTTCATCACAAAAACCGCAGAATATCTTTCCCTTCCCCGGCAGCTGCCGTTATGGCCAGGTGGTTTTTGCAACAAGTCTCGGAATAAAAAGTTTAAACATACAGAATCAGCAGATTCATTGCTGTTCT
2,2,0,ATACAAAAAAAGACCGGCACGTATTTAGTGGGCTAAATATAATCATCTGGATTTTCATCACAAAAACCGCAGAATATCTTTCCCTTCCCCGGCAGCTGCCGTTATGGCCAGGTGGTTTTTGCAACAAGTCTCGGAATAAAAAGTTTAAACATACAGAATCAGTGTTATGTAGAAATGTCG
9,7,2,ATACAAAAAAAGACCGGCACGTATTTAGTGGGCTAAATATAATCATCTGGATTTTCATCACAAAAACCGCAGAATATCTTTCCCTTCCCCGGCAGCTGCCGTTATGGCCAGGTGGTTTTTGCAACAAGTCTCGGAATAAAAAGTTTAAACATACAGAATCTAGTGGCTTTTTCGGAAGAG
7,5,2,ATACAAAAAAAGACGAGAACGTATTTACTGGGTTAAATATAATCAACAAGCTTTTCATGACAAAAACCGCAGCTAATACTTCCTTTCCCCGGCAGCTGACGTTATGGTCAGATGGTTGTTCCAACAAATCTCACGGTAGAAAGTTTCAACATACTGACTACGGAACGCCCCTCAGGGATT
1,1,0,ATACAAAAAAAGACGAGAACGTATTTATAGGCTTAAATATAACAATCCTGCTTTTCATAACAAAAACCGCAGATATTCCTTCCATGCCCCGGCAGCTGGCGTTATGGTTAAATGGTTTTTGGGACAAATCGCACAAGGAAAAGTTTCAAGATACTTACTAATTACATTAGGTTTTTCATT
7,2,5,ATACAAAAAAAGACGAGAACGTATTTATAGGCTTAAATATAACAATCCTGCTTTTCATAACAAAAACCGCAGATATTCCTTCCATGCCCCGGCAGCTGGCGTTATGGTTAAATGGTTTTTGGGACAAATCGCACAAGGAAAAGTTTCAAGATACTTACTACTCTTCTAAGAGGCTAACGG
1,1,0,ATACAAAAAAAGACGAGAACGTATTTATAGGCTTAAATATAACAATCCTGCTTTTCATAACAAAAACCGCAGATATTCCTTCCATGCCCCGGCAGCTGGCGTTATGGTTAAATGGTTTTTGGGACAAATCGCACAAGGAAAAGTTTCAAGATACTTACTAGCGCTGGGCCCAAGCGGAAA
6,4,2,ATACAAAAAAAGACGCGAACGTATTCAATGGGATAAATCTAATCATCCTGCCTATCATCACAAAAACCGGAGATAATCCTTCCTTATCCCGGCAGCTGGAGTTATGGTCAAATGCCTTTTACAACAAATATCTCAATGCAAAGTTTCAAAATACTGACTAATACCCTTGATTAATGCAAA
5,0,5,ATACAAAAAAAGACGGGAAAGTATGTAATGGGGTAAATATGATCATCCTGCTTTTCATCACATAAACCGCAGATAATCCTTCCTTTCACCCGCAGCTGGCTTTATGATCAGATGGATGTTGCAACAAATGTTACAATAAAAGGTATCAACATACTGACTATCTAGGTTGGGATCAGATCG
21,1,20,ATACAAAAAAAGACGGGAAAGTATGTAATGGGGTAAATATGATCATCCTGCTTTTCATCACATAAACCGCAGATAATCCTTCCTTTCACCCGCAGCTGGCTTTATGATCAGATGGATGTTGCAACAAATGTTACAATAAAAGGTATCAACATACTGACTATGGAGCATAGTCGTCTCGGG
12,2,10,ATACAAAAAAAGACGGGAAAGTATGTAATGGGGTAAATATGATCATCCTGCTTTTCATCACATAAACCGCAGATAATCCTTCCTTTCACCCGCAGCTGGCTTTATGATCAGATGGATGTTGCAACAAATGTTACAATAAAAGGTATCAACATACTGACTATGTATCTGCTAGAAAGCGAT
3,3,0,ATACAAAAAAAGACGGGAAAGTATTTATTGGGGCTAATATAATCACCCAGCTTTTCATCCCTAAAACAGCAGATAATCCTTCCTTGCCCCGGCAGCTGGCGTCATGGTCAGATGGTTTTTGCAACAAATCTCAGTATAAAAAGAATCAACATACTGACTAAATTTTACAACCGCTTTTGT
7,5,2,ATACAAAAAAAGACGGGAAAGTATTTATTGGGGCTAATATAATCACCCAGCTTTTCATCCCTAAAACAGCAGATAATCCTTCCTTGCCCCGGCAGCTGGCGTCATGGTCAGATGGTTTTTGCAACAAATCTCAGTATAAAAAGAATCAACATACTGACTACCATGCGCAAGGCAGGGTTA
13,13,0,ATACAAAAAAAGACGGGAAAGTATTTATTGGGGCTAATATAATCACCCAGCTTTTCATCCCTAAAACAGCAGATAATCCTTCCTTGCCCCGGCAGCTGGCGTCATGGTCAGATGGTTTTTGCAACAAATCTCAGTATAAAAAGAATCAACATACTGACTAGCGGATTGGACTAGTATGGG
1,1,0,ATACAAAAAAAGACGGGAACGTATGTACTGGGTTAAATAGAATCATCCTGATTTTCATCACAAAAACCGCAGATAATCCGTCCTTACCCCGGCTGCTGGCGGTATGGTCAGATGGTTTTCGCAACCAATCTCCCAATAAAATGCTTCAGCATACTGACTACGATATACTTATCGTAAACA
14,10,4,ATACAAAAAAAGACGGGAACGTATGTACTGGGTTAAATAGAATCATCCTGATTTTCATCACAAAAACCGCAGATAATCCGTCCTTACCCCGGCTGCTGGCGGTATGGTCAGATGGTTTTCGCAACCAATCTCCCAATAAAATGCTTCAGCATACTGACTAGGTCCCTTCCCCTGATTGAG
5,4,1,ATACAAAAAAAGACGGGAACGTATTCACTGGGTTAATTTTCATTATCCTACTTTTCATCACTAAAACCGCAGGTAATGCTTCCTTCCGCCAGCAGCTGGAGTTATGGTCAGATGGTTTTTGCAACAAATCTCACAATAAAAAGTTTCCACATTCTGACTACGATGTGTCTTTTGGTCGTG
19,19,0,ATACAAAAAAAGACGGGAACGTATTCACTGGGTTAATTTTCATTATCCTACTTTTCATCACTAAAACCGCAGGTAATGCTTCCTTCCGCCGGCAGCTGGAGTTATGGTCAGATGGTTTTTGCAACAAATCTCACAATAAAAAGTTTCCACATTCTGACTAAGGGTTTATGACGAGTCCCT
2,2,0,ATACAAAAAAAGACGGGAACGTATTCACTGGGTTAATTTTCATTATCCTACTTTTCATCACTAAAACCGCAGGTAATGCTTCCTTCCGCCGGCAGCTGGAGTTATGGTCAGATGGTTTTTGCAACAAATCTCACAATAAAAAGTTTCCACATTCTGACTATACATTCCTAAGGTTCTTTG
2,1,1,ATACAAAAAAAGACGGGAACGTATTCACTGGGTTAATTTTCATTATCCTACTTTTCATCACTAAAACCGCAGGTAATGCTTCCTTCCGCCGGCAGCTGGAGTTATGGTCAGATGGTTTTTGCAACAAATCTCACAATAAAAAGTTTCCACATTCTGACTATTAAGTGTTAATGATGAAAC
2,2,0,ATACAAAAAAAGACGGGAACGTATTTACTGGGTTAAATATAATCTTCCTGCTGTTCCTCACGAAAACCGCAGATAATACTTCCTTTCCCCGGCAGCTGACTTTATGGTCAGATGGTTTTTGCAACAAATCTCCCAATAAAAAGTTTCAACACACTGACTAAACGGTAATGGAGCGCGAGA
1,1,0,ATACAAAAAAAGACGGGAACGTATTTACTGGGTTAAATATAATCTTCCTGCTGTTCCTCACGAAAACCGCAGATAATACTTCCTTTCCCCGGCAGCTGACTTTATGGTCAGATGGTTTTTGCAACAAATCTCCCAATAAAAAGTTTCAACACACTGACTACAACATGGCGGCATAACACC
5,2,3,ATACAAAAAAAGACGGGAACGTATTTACTGGGTTAAATATAATCTTCCTGCTGTTCCTCACGAAAACCGCAGATAATACTTCCTTTCCCCGGCAGCTGACTTTATGGTCAGATGGTTTTTGCAACAAATCTCCCAATAAAAAGTTTCAACACACTGACTATTACGCCTGGGAACACTGTG
6,6,0,ATACAAAAAAAGACGGGAACGTATTTACTGGGTTAAATATGAACATCCTGCGTTTCATCACAAAAACCGCAGAAAATCCTCTTTTTCGCCTGCAGCTGGCGTAATGGTCAGATGGGTTAGGCAACCAGTCCCACATTATAAAGTTTCAACATACTGACTAAAAGAATGCATATCGCCACC
12,12,0,ATACAAAAAAAGACGGGAACGTATTTACTGGGTTAAATATGAACATCCTGCGTTTCATCACAAAAACCGCAGAAAATCCTCTTTTTCGCCTGCAGCTGGCGTAATGGTCAGATGGGTTAGGCAACCAGTCCCACATTATAAAGTTTCAACATACTGACTAACGTCCTCTAGCATGTCTCG
10,8,2,ATACAAAAAAAGACGGGAACGTATTTACTGGGTTAAATATGAACATCCTGCGTTTCATCACAAAAACCGCAGAAAATCCTCTTTTTCGCCTGCAGCTGGCGTAATGGTCAGATGGGTTAGGCAACCAGTCCCACATTATAAAGTTTCAACATACTGACTAGACTGGTGTTCCAGCCTTTG
2,2,0,ATACAAAAAAAGACGGGAACGTATTTACTTGGTTAAATATAATTATCTCTCTCTTCATCACAAAAACCGCAGATAATCCTTCCTTTGCCCGGGAGCTGCCGATATGGTCAGATGGTTTCTGCAGCAATTCTCATAATAAAAAGTTTCAACATACTGTCTCACTACACGCCAACAGTGAAG
1,1,0,ATACAAAAAAAGACGGGAACGTATTTACTTGGTTAAATATAATTATCTCTCTCTTCATCACAAAAACCGCAGATAATCCTTCCTTTGCCCGGGAGCTGCCGATATGGTCAGATGGTTTCTGCAGCAATTCTCATAATAAAAAGTTTCAACATACTGTCTCATTCAGGCCTCTGTCAATCA
1,1,0,ATACAAAAAAAGACGGGAACGTATTTACTTGGTTAAATATAATTATCTCTCTCTTCATCACAAAAACCGCAGATAATCCTTCCTTTGCCCGGGAGCTGCCGATATGGTCAGATGGTTTCTGCAGCAATTCTCATAATAAAAAGTTTCAACATACTGTCTCCGGAACGGTCCAGAATGGTC
11,11,0,ATACAAAAAAAGACGGGAACGTATTTACTTGGTTAAATATAATTATCTCTCTCTTCATCACAAAAACCGCAGATAATCCTTCCTTTGCCCGGGAGCTGCCGATATGGTCAGATGGTTTCTGCAGCAATTCTCATAATAAAAAGTTTCAACATACTGTCTCTATCCATATTTGTTTGATGA
7,5,2,ATACAAAAAAAGACGGGAACGTGTATCCTGGGTTAAATATAATCATCCTGCTATTCATCCCAAAAACCGCAGATAATCCTTCCTTTGCCCGGCAGATAGCGTTATGGTCAGATGGTTTTTGCGACAATTCTCAGATTAAAAAGTATTGACAAACCGACTAGATAGCTGATGGCTCTGCTG
8,3,5,ATACAAAAAAAGACGGGAACGTGTATCCTGGGTTAAATATAATCATCCTGCTATTCATCCCAAAAACCGCAGATAATCCTTCCTTTGCCCGGCAGATAGCGTTATGGTCAGATGGTTTTTGCGACAATTCTCAGATTAAAAAGTATTGACAAACCGACTAGTTGGTCACAGCCGCATTAC
8,7,1,ATACAAAAAAAGACGGGAACGTGTATCCTGGGTTAAATATAATCATCCTGCTATTCATCCCAAAAACCGCAGATAATCCTTCCTTTGCCCGGCAGATAGCGTTATGGTCAGATGGTTTTTGCGACAATTCTCAGATTAAAAAGTATTGACAAACCGACTATCGGGTATAGACATGGAGTC
12,9,3,ATACAAAAAAAGACGGGAACGTGTATCCTGGGTTAAATATAATCATCCTGCTATTCATCCCAAAAACCGCAGATAATCCTTCCTTTGCCCGGCAGATAGCGTTATGGTCAGATGGTTTTTGCGACAATTCTCAGATTAAAAAGTATTGACAAACCGACTATGGCTGGCCATTAGACAACT
77,5,72,ATACAAAAAAAGACTGGAACGGATTTACTGGGTTATATATAATAATCCTGCTTTTCATCACAAAAACCGGAAATAATGCTTCCTCTCCCCGGCAGCTGGCGTTATGGGCGGATGGTTTTTACAACAAATATCACAATGAAAAGTTTCAAAATAGTGGCTAAGCGTTGGTCCTAAAATATG
8,1,7,ATACAAAAAAAGACTGGAACGGATTTACTGGGTTATATATAATAATCCTGCTTTTCATCACAAAAACCGGAAATAATGCTTCCTCTCCCCGGCAGCTGGCGTTATGGGCGGATGGTTTTTGCAACAAATATCACAATGAAAAGTTTCAAAATAGTGGCTAAAAGCGTCGACAGGATTTCA
21,2,19,ATACAAAAAAAGACTGGAACGGATTTACTGGGTTATATATAATAATCCTGCTTTTCATCACAAAAACCGGAAATAATGCTTCCTCTCCCCGGCAGCTGGCGTTATGGGCGGATGGTTTTTGCAACAAATATCACAATGAAAAGTTTCAAAATAGTGGCTAAAAGGCCTCCCGGTCTTAAT
32,6,26,ATACAAAAAAAGACTGGAACGGATTTACTGGGTTATATATAATAATCCTGCTTTTCATCACAAAAACCGGAAATAATGCTTCCTCTCCCCGGCAGCTGGCGTTATGGGCGGATGGTTTTTGCAACAAATATCACAATGAAAAGTTTCAAAATAGTGGCTACAATTAGCGCCGTCACGGAT
4,0,4,ATACAAAAAAAGACTGGAACGGATTTACTGGGTTATATATAATAATCCTGCTTTTCATCACAAAAACCGGAAATAATGCTTCCTCTCCCCGGCAGCTGGCGTTATGGGCGGATGGTTTTTGCAACAAATATCACAATGAAAAGTTTCAAAATAGTGGCTACGTACGGGGACCTTTAAAGA
8,8,0,ATACAAAAAAAGACTGGAACGTATTTAGTTGGTTAAGTATAGCCATCCTGCTGATCATCACAAAAACCGCAGGTAATCATTCCTTTCCCCGGCAGCTGGCGTACTGATCGGATGGGATTTGCAACAAATCTCACAACAAAAAGTTTCAACATACTGACCAAGTTTAGAATCTCCGGTTTG
9,9,0,ATACAAAAAAAGACTGGAACGTATTTAGTTGGTTAAGTATAGCCATCCTGCTGATCATCACAAAAACCGCAGGTAATCATTCCTTTCCCCGGCAGCTGGCGTACTGATCGGATGGGATTTGCAACAAATCTCGCAACAAAAAGTTTCAACATACTGACCAATCACAACAAGACGTTTCCC
3,0,3,ATACAAAAAAAGACTGGAACGTTTTTACAAGGTTAAATATATTCATCCTGCTTTTCATCACATAAACCGCGGATAATACTTCCGTTCCTCGGCAGCTGGCGTTAAGGGCAGATGGTTTTTGCAACAAATCTGCCGATAAAAAGCTTCAACTTAAGGACTACAATGAGGTTTTTCCGGGAA
2,2,0,ATACAAAAAAAGACTGGAACGTTTTTACAAGGTTAAATATATTCATCCTGCTTTTCATCACATAAACCGCGGATAATACTTCCGTTCCTCGGCAGCTGGCGTTAAGGGCAGATGGTTTTTGCAACAAATCTGCCGATAAAAAGCTTCAACTTAAGGACTACAGTTCAAGTACACTCTAAG
7,2,5,ATACAAAAAAAGACTGGAACGTTTTTACAAGGTTAAATATATTCATCCTGCTTTTCATCACATAAACCGCGGATAATACTTCCGTTCCTCGGCAGCTGGCGTTAAGGGCAGATGGTTTTTGCAACAAATCTGCCGATAAAAAGCTTCAACTTAAGGACTACGCCAATTCCTTCTCATCGG
2,2,0,ATACAAAAAAAGACTGGAACGTTTTTACAAGGTTAAATATATTCATCCTGCTTTTCATCACATAAACCGCGGATAATACTTCCGTTCCTCGGCAGCTGGCGTTAAGGGCTGATGGTTTTTGCAACAAATCTGCCGATAAAAAGCTTCAACTTAAGGACTATCTACGTCGCAGGACGGCTG
2,2,0,ATACAAAAAAAGACTGGATCGTATTTACTGGGTTAAATATAATCAACCTGATTTTCATCACAAAAACCGCAGGTAATCCTTCCTTTCCCCGGCAGCTGGCGTTATGGTCAGAGGGTTCGAGCAACAGATCTCACAATACAGAGTTTCAACATACTGACTAAATTCAACACCCTGCTCCCC
33,9,24,ATACAAAAAAAGACTGGATCGTATTTACTGGGTTAAATATAATCAACCTGATTTTCATCACAAAAACCGCAGGTAATCCTTCCTTTCCCCGGCAGCTGGCGTTATGGTCAGAGGGTTCGAGCAACAGATCTCACAATACAGAGTTTCAACATACTGACTAGCTAACTTGTTGATGCTCCA
91,8,83,ATACAAAAAAAGACTGGATCGTATTTACTGGGTTAAATATAATCAACCTGATTTTCATCACAAAAACCGCAGGTAATCCTTCCTTTCCCCGGCAGCTGGCGTTATGGTCAGAGGGTTCGAGCAACAGATCTCACAATACAGAGTTTCAACATACTGACTAGTGGTTCTCTAAGCTGAACC
59,6,53,ATACAAAAAAAGACTGGATCGTATTTACTGGGTTAAATATAATCAACCTGATTTTCATCACAAAAACCGCAGGTAATCCTTCCTTTCCCCGGCAGCTGGCGTTATGGTCAGAGGGTTCGAGCAACAGATCTCACAATACAGAGTTTCAACATACTGACTATTGTCTGTGAATGAGTAGAG
18,14,4,ATACAAAAAAAGACTGGCACGCATTTACCGTGTTAAATATAATCATCCTGCTTTTCATCACAAAAACTGTAGATAATCCTTCCTTTCCCCGACAGCTGACGTTATGGTCAGATGGATTTTGCATCAAGTCTCACAATAAAATGTTTCAACACACTGACTTACATGTAATTCTTTTGTGGT
17,3,14,ATACAAAAAAAGACTGGCACGTATTTACTGGGTTAAATATAATCATCCAGCTTAGGATCACTTAAACCGCAGATAATCCTTCCTTTCCTCGGCAGCTGGCGTTAAGGTCAGATGGTTTTCTCAACAAATCTCAAAATAAAAAGTTGCAACATAGTGACTAAGAAGGTTGCGGTAGGCAGT
4,3,1,ATACAAAAAAAGACTGGCACGTATTTACTGGGTTAAATATAATCATCCAGCTTAGGATCACTTAAACCGCAGATAATCCTTCCTTTCCTCGGCAGCTGGCGTTAAGGTCAGATGGTTTTCTCAACAAATCTCAAAATAAAAAGTTGCAACATAGTGACTACCAATCGGGTTCTTTAAGGG
5,1,4,ATACAAAAAAAGACTGGCACGTATTTACTGGGTTAAATATAATCATCCAGCTTAGGATCACTTAAACCGCAGATAATCCTTCCTTTCCTCGGCAGCTGGCGTTAAGGTCAGATGGTTTTCTCAACAAATCTCAAAATAAAAAGTTGCAACATAGTGACTACGGTCTGGATTGTGTTATTG
5,1,4,ATACAAAAAAAGACTGGCACGTATTTACTGGGTTAAATATAATCATCCAGCTTAGGATCACTTAAACCGCAGATAATCCTTCCTTTCCTCGGCAGCTGGCGTTAAGGTCAGATGGTTTTCTCAACAAATCTCAAAATAAAAAGTTGCAACATAGTGACTACGTGATTATTGTCACCGGCT
2,2,0,ATACAAAAAAAGACTGGCACGTATTTACTGGGTTAAATATAATCATCCAGCTTAGGATCACTTAAACCGCAGATAATCCTTCCTTTCCTCGGCAGCTGGCGTTAAGGTCAGATGGTTTTCTCAACAAATCTCAAAATAAAAAGTTGCAACATAGTGACTACTATGTATACCTCACTCATG
7,5,2,ATACAAAAAAAGACTGGCACGTATTTACTGGGTTAAATATAATCATCCAGCTTAGGATCACTTAAACCGCAGATAATCCTTCCTTTCCTCGGCAGCTGGCGTTAAGGTCAGATGGTTTTCTCAACAAATCTCAAAATAAAAAGTTGCAACATAGTGACTAGACTAGTTTCTTGTAACAGG
7,6,1,ATACAAAAAAAGACTGGCACGTATTTACTGGGTTAAATATAATCATCCAGCTTAGGATCACTTAAACCGCAGATAATCCTTCCTTTCCTCGGCAGCTGGCGTTAAGGTCAGATTGTTTTCTCAACAAATCTCAAAATAAAAAGTTGCAACATAGTGACTATAAATTTCCCCTGGCATAGT
4,1,3,ATACAAAAAAAGACTGGTACGTATTTACTAAGTTAACTATAATCATCCTGCTTTTCTTCACAAAAACCGCAGATAATCCTTCCTTTCCCCGGCAGCTGGCGTTATGGTCAGATGGTTTTTGCAACAAATCTCACAATAAAAAGTTGCAACATACTGACTAGAGACTCTTATCCGCGACGG
2,0,2,ATACAAAAAAAGACTGGTACGTATTTACTAGGTTAACTATAATCATCCTGCTTTTCTTCACAAAAACCGCAGATAATCCTTCCTTTCCCCGGCAGCTGGCGTTATGGTCAGATGGTTTTTGCAACAAATCTCACAATAAAAAGTTGCAACATACTGACTAACGCTGCCCGATTCCAATAC
38,12,26,ATACAAAAAAAGACTGGTACGTATTTACTAGGTTAACTATAATCATCCTGCTTTTCTTCACAAAAACCGCAGATAATCCTTCCTTTCCCCGGCAGCTGGCGTTATGGTCAGATGGTTTTTGCAACAAATCTCACAATAAAAAGTTGCAACATACTGACTACCCGTTTCATCACTCTTTTT
2,2,0,ATACAAAAAAAGACTGGTACGTATTTACTAGGTTAACTATAATCATCCTGCTTTTCTTCACAAAAACCGCAGATAATCCTTCCTTTCCCCGGCAGCTGGCGTTATGGTCAGATGGTTTTTGCAACAAATCTCACAATAAAAAGTTGCAACATACTGACTACGCAGAATATTAATAAGGCA
35,12,23,ATACAAAAAAAGACTGGTACGTATTTACTAGGTTAACTATAATCATCCTGCTTTTCTTCACAAAAACCGCAGATAATCCTTCCTTTCCCCGGCAGCTGGCGTTATGGTCAGATGGTTTTTGCAACAAATCTCACAATAAAAAGTTGCAACATACTGACTACTAAAAGCATTAGGCCACGA
25,5,20,ATACAAAAAAAGACTGGTACGTATTTACTAGGTTAACTATAATCATCCTGCTTTTCTTCACAAAAACCGCAGATAATCCTTCCTTTCCCCGGCAGCTGGCGTTATGGTCAGATGGTTTTTGCAACAAATCTCACAATAAAAAGTTGCAACATACTGACTAGGCTATCAAATGGTCACCGG
10,7,3,ATACAAAAAAAGACTTGAACGTATTTACTGGGTTAAATATAATCATCATGGTTGTGTTCTTAAAAACCGCAGATATTCCTTCCTTTCCCCGGCAGCTGGCGTAACAGTCAAAGGGTTTTTGCCACAAATCCCAAAATAAAAAGTTTCAACATACTGACCGAACATGTGAATTACGCCATG
7,4,3,ATACAAAAAAAGACTTGAACGTATTTACTGGGTTAAATATAATCATCATGGTTGTGTTCTTAAAAACCGCAGATATTCCTTCCTTTCCCCGGCAGCTGGCGTAACAGTCAAAGGGTTTTTGCCACAAATCCCAAAATAAAAAGTTTCAACATACTGACCGAAGTGAAACGGATAAAGTAT
5,4,1,ATACAAAAAAAGACTTGAACGTATTTACTGGGTTAAATATAATCATCATGGTTGTGTTCTTAAAAACCGCAGATATTCCTTCCTTTCCCCGGCAGCTGGCGTAACAGTCAAAGGGTTTTTGCCACAAATCCCAAAATAAAAAGTTTCAACATACTGACCGGATACTCGGATGCGCCACAG
1,1,0,ATACAAAAAAAGACTTGAACGTATTTACTGGGTTAAATATAATCATCATGGTTGTGTTCTTAAAAACCGCAGATATTCCTTCCTTTCCCCGGCAGCTGGCGTAACAGTCAAAGGGTTTTTGCCACAAATCCCAAAATAAAAAGTTTCAACATACTGACCGGTCATGAATCCGGTGACTGG
8,5,3,ATACAAAAAAAGACTTGAACGTATTTACTGGGTTAAATATAATCATCATGGTTGTGTTCTTAAAAACCGCAGATATTCCTTCCTTTCCCCGGCAGCTGGCGTAACAGTCAAAGGGTTTTTGCCACAAATCCCAAAATAAAAAGTTTCAACATACTGACCGTCCATCTTAAGCCTTACGGA
6,6,0,ATACAAAAAAAGACTTGAACGTATTTACTGGGTTAAATATAATCATCATGGTTGTGTTCTTAAAAACCGCAGATATTCCTTCCTTTCCCCGGCAGCTGGCGTAACAGTCAAAGGGTTTTTGCCACAAATCCCAAAATAAAAAGTTTCAACATACTGACCGTTGGCAGACAATCGCACTCG
31,6,25,ATACAAAAAAAGAGAAGAACATATTGACTGGGTTAAATATAATCATCCTGCTTTTCATCACAAAAACCGCAGATTGTCCTACCTTTCCCCGGCAGCTGGCGTTATGGTTAGATGGTTTTCGCAACCAATCGCACAATAAAAAGGTTCAACAAACTGACTAATTTCGTTAATGTCGAGGTG
32,20,12,ATACAAAAAAAGAGAAGAACGTATTAACTGGGTTAAATATAATCATCCTGCTTTTCATCACAAAAACCGCAGATTGTCCTACCTTTCCCCGGCAGCTGGCGTTATGGTTAGATGGTTTTCGCAACCAATCGCACAATAAAAAGGTTCAACAAACTGACTAATTTCATCATCGTTCCCACT
4,1,3,ATACAAAAAAAGAGAAGAACGTATTGACTGGGTTAAATATAATCATCCTGCTTTTCATCACAAAAACCGCAGATTGTCCTACCTTTCCCCGGCAGCTGGCGTTATGGTTAGATGGTTTTCGCAACCAATCGCACAATAAAAAGGTTCAACAAACTGACTAACGTCGATAATGACTTTTGT
25,5,20,ATACAAAAAAAGAGAAGAACGTATTGACTGGGTTAAATATAATCATCCTGCTTTTCATCACAAAAACCGCAGATTGTCCTACCTTTCCCCGGCAGCTGGCGTTATGGTTAGATGGTTTTCGCAACCAATCGCACAATAAAAAGGTTCAACAAACTGACTACGAAAGTAACCAACCCGCGT
4,2,2,ATACAAAAAAAGAGAAGAACGTATTGACTGGGTTAAATATAATCATCCTGCTTTTCATCACAAAAACCGCAGATTGTCCTACCTTTCCCCGGCAGCTGGCGTTATGGTTAGATGGTTTTCGCAACCAATCGCACAATAAAAAGGTTCAACAAACTGACTATATGTTAGCGGCTACTGTGG
3,1,2,ATACAAAAAAAGAGAAGAACGTATTGACTGGGTTAAATATAATCATCCTGCTTTTCATCACAAAAACCGCAGATTGTCCTACCTTTCCCCGGCAGCTGGCGTTATGGTTAGATGGTTTTCGCAACCAATCGCACAATAAAAAGGTTCAACAAACTGACTATATGTTCAATTAGCTATGCG
2,2,0,ATACAAAAAAAGAGAAGAACGTATTGACTGGGTTAAATATAATCATCCTGCTTTTCATCACAAAAACCGCAGATTGTCCTACCTTTCCCCGGCAGCTGGCGTTATGGTTAGATGGTTTTCGCAACCAATCGCACAATAAAAAGGTTCAACAAACTGACTATGGAATATGGGTGTTCCTGG
4,3,1,ATACAAAAAAAGAGAGGAACATATTTCCTGAGTTGAATATAATCATCCTGCTTTTCAGCACAAAAACTGCAGATAATACTTCCTATTCCCGACAGCTGGCGTTAACGTCGGATGGTTTTTGCAAGAAATCCGAAAATAAAAAGTTTCAACATACTTAGTAAGCATTAAAAGGCACGTGGC
9,8,1,ATACAAAAAAAGAGAGGAACGTATATACTGCGTGAAAAATAATCATCCTCCTTTTCATCACAAAAACCGCAGATAATCATTCCTTTCCCCGGCAGCTGGCGCAATGGATAGATGGTTTTTGCAACAAATCTCACAGTAAAAAGGATCAAGATACTGTCTACGACGTGGATGGTTTAAGAG
1,1,0,ATACAAAAAAAGAGAGGAACGTATATACTGCGTGAAAAATAATCATCCTCCTTTTCATCACAAAAACCGCAGATAATCATTCCTTTCCCCGGCAGCTGGCGCAATGGATAGATGGTTTTTGCAACAAATCTCACAGTAAAAAGGATCAAGATACTGTCTACGGGTACTGCGATTGACATT
7,7,0,ATACAAAAAAAGAGAGGAACGTATATACTGCGTGAAAAATAATCATCCTCCTTTTCATCACAAAAACCGCAGATAATCATTCCTTTCCCCGGCAGCTGGCGCAATGGATAGATGGTTTTTGCAACAAATCTCACAGTAAAAAGGATCAAGATACTGTCTATAAGATTAACACTGACGGCG
8,7,1,ATACAAAAAAAGAGAGGAACGTATTTACTGGGTTAAATATAATCACCCAGCTTTTCATCACAAGAATCGTAGTTAATCCTTCCTTTCCCCGGCAGCTGGAGTTATGGTCAGATGGTTTTTGCAACAAATCTCCCAATAACAAGTTTCAAGATACTGCATATATCAGCCTATTGAACGTGT
3,3,0,ATACAAAAAAAGAGAGGAACGTATTTACTGGGTTAAATATAATCACCCGGCTTTTCATCACAAGAATCGTAGTTAATCCTTCCTTTCCCCGGCAGCTGGAGTTATGGTCAGATGGTTTTTGCAACAAATCTCCCAATAACAAGTTTCAAGATACTGCATAGCCCTTTTTTAGGACGTGAC
5,4,1,ATACAAAAAAAGAGAGGAACGTATTTACTGGGTTAAATATAATCACCCGGCTTTTCATCACAAGAATCGTAGTTAATCCTTCCTTTCCCCGGCAGCTGGAGTTATGGTCAGATGGTTTTTGCAACAAATCTCCCAATAACAAGTTTCAAGATACTGCATATCACTGGAAATAATGGGAGG
15,8,7,ATACAAAAAAAGAGAGGAACGTATTTACTGGGTTAAATATAATCACCCGGCTTTTCATCACAAGAATCGTAGTTAATCCTTCCTTTCCCCGGCAGCTGGAGTTATGGTCAGATGGTTTTTGCAACAAATCTCCCAATAACAAGTTTCAAGATACTGCATATGAGTACACCGATGTGGGCT
3,3,0,ATACAAAAAAAGAGAGGAACGTATTTACTGGGTTAAATATAATCACCCGGCTTTTCATCACAAGAATCGTAGTTAATCCTTCCTTTCCCCGGCAGCTGGAGTTATGGTCAGATGGTTTTTGCAACAAATCTCCCAATAACAAGTTTCAAGATACTGCATATGGGGGCTACGGCCTGCAAG
15,6,9,ATACAAAAAAAGAGAGGAACGTATTTGCTGGGTTGAATATACCCAGCCTGCTTTTCCTCACAAAAACTGCAGATAATCCTTCCTTTTCCCGTCAGCTGGCGTTATGGTCAGATGGTTCTTACAACAAATCACATAATAAAAAGTCTCAACAGACTGACTACATCCAGCTTTGCTACAGGC
43,7,36,ATACAAAAAAAGAGAGGAACGTATTTGCTGGGTTGAATATACCCAGCCTGCTTTTCCTCACAAAAACTGCAGATAATCCTTCCTTTTCCCGTCAGCTGGCGTTATGGTCAGATGGTTCTTACAACAAATCACATAATAAAAAGTCTCAACAGACTGACTACGCTCGATCCCATCGAGGAA
2,1,1,ATACAAAAAAAGAGAGGAATGTATTTACTGGGTTAAATATACTCATCCTGCTTTTCATCACAACGACTGCAGATAAGCCTTCCCTACCCGGGCAGCTGGCGTTATGGTCAGATAGTTCTTGCCACATACCTAACAGTCCAAAGTTTCAACATACTGAATACCTTCAATTGTTCGATGGCC
1,1,0,ATACAAAAAAAGAGAGGAATGTATTTACTGGGTTAAATATACTCATCCTGCTTTTCATCACAACGACTGCAGATAAGCCTTCCCTACCCGGGCAGCTGGCGTTATGGTCAGATAGTTCTTGCCACATACCTAACAGTCCAAAGTTTCAACATACTGAATAGGTTCGTAATCGCTATAAAA
14,9,5,ATACAAAAAAAGAGAGGAATGTATTTACTGGGTTAAATATACTCATCCTGCTTTTCATCACAACGACTGCAGATAAGCCTTCCCTACCCGGGCAGCTGGCGTTATGGTCAGATAGTTCTTGCCACATACCTAACAGTCCAAAGTTTCAACATACTGAATAGGTTTGGCGATGTAATCAAC
15,11,4,ATACAAAAAAAGAGAGGAATGTATTTACTGGGTTAAATATACTCATCCTGCTTTTCATCACAACGACTGCAGATAAGCCTTCCCTACCCGGGCAGCTGGCGTTATGGTCAGATAGTTCTTGCCACATACCTAACAGTCCAAAGTTTCAACATACTGAATATACAGTAGTACTGTGCAATA
2,2,0,ATACAAAAAAAGAGAGGAATGTATTTACTGGGTTAAATATACTCATCCTGCTTTTCATCACAACGACTGCAGATAAGCCTTCCCTACCCGGGCAGCTGGCGTTATGGTCAGATAGTTCTTGCCACATACCTAACAGTCCAAAGTTTCAACATACTGAATATATTTGTAACTTTTGCTATT
5,4,1,ATACAAAAAAAGAGAGGAATGTATTTACTGGGTTAAATATACTCATCCTGCTTTTCATCACAACGACTGCAGATAAGCCTTCCCTACCCGGGCAGCTGGCGTTATGGTCAGATAGTTCTTGCCACATACCTAACAGTCCAAAGTTTCAACATACTGAATATGGTTACTGAGCAATCGAGT
2,2,0,ATACAAAAAAAGAGAGGACCTTATTTACTAGGTTAAATATAAACATCCTGCTTTTCAACACAAAAACCGCAGAGAATCATTCCTTTCCCCGGCCGCTGTCGTTATGGTCAGATGGTTTTTGCAACAGATCTCGCAATGAAAACTTCGAACTTACTGACTGCTACCCCGTATCAACAGGAC
16,16,0,ATACAAAAAAAGAGAGGACCTTATTTACTAGGTTAAATATAAACATCCTGCTTTTCAGCACAAAAACCGCAGAGAATCATTCCTTTCCCCGGCCGCTGTCGTTATGGTCAGATGGTTTTTGCAACAGATCTCGCAATGAAAACTTCGAACTTACTGACTGACGAAGAGTTACGCCTAATA
1,1,0,ATACAAAAAAAGAGAGGACCTTATTTACTAGGTTAAATATAAACATCCTGCTTTTCAGCACAAAAACCGCAGAGAATCATTCCTTTCCCCGGCCGCTGTCGTTATGGTCAGATGGTTTTTGCAACAGATCTCGCAATGAAAACTTCGAACTTACTGACTGATAATCTGCCGGCAGTCATT
1,1,0,ATACAAAAAAAGAGAGGACCTTATTTACTAGGTTAAATATAAACATCCTGCTTTTCAGCACAAAAACCGCAGAGAATCATTCCTTTCCCCGGCCGCTGTCGTTATGGTCAGATGGTTTTTGCAACAGATCTCGCAATGAAAACTTCGAACTTACTGACTGATACGCGTCTCATTACCCAC
2,2,0,ATACAAAAAAAGAGAGGACCTTATTTACTAGGTTAAATATAAACATCCTGCTTTTCAGCACAAAAACCGCAGAGAATCATTCCTTTCCCCGGCCGCTGTCGTTATGGTCAGATGGTTTTTGCAACAGATCTCGCAATGAAAACTTCGAACTTACTGACTGGCGACTTTACCGGGCTACCT
1,1,0,ATACAAAAAAAGAGAGGACCTTATTTACTAGGTTAAATATAAACATCCTGCTTTTCAGCACAAAAACCGCAGAGAATCATTCCTTTCCCCGGCCGCTGTCGTTATGGTCAGATGGTTTTTGCAACAGATCTCGCAATGAAAACTTCGAACTTACTGACTGTCTCTATTAGAGGTTCCTAG
1,1,0,ATACAAAAAAAGAGAGGACCTTATTTACTAGGTTAAATATAAACATCCTGCTTTTCAGCACAAAAACCGCAGAGAATCATTCCTTTCCCCGGCCGCTGTCGTTATGGTCAGATGGTTTTTGCAACAGATCTCGCAATGAAAACTTCGAACTTACTGACTGTTATGCATTACTGGCTTACC
5,3,2,ATACAAAAAAAGAGAGGCACGTCTTTACGGGGTTAAAGACAATCATCCTGCTTGTCAGCATAAAAACCGTAGAGAATCCTTCCTTTCCCCCGCAGCTGGCGTTATAGTCAGATGGTTTTTGCAACATATCTCACAATAAACAGTTTCAACTTAATGACTACCTAAGCTGCGTGTGGGGGT
9,6,3,ATACAAAAAAAGAGAGGCACGTCTTTACGGGGTTAAAGACAATCATCCTGCTTGTCAGCATAAAAACCGTAGAGAATCCTTCCTTTCCCCCGCAGCTGGCGTTATAGTCAGATGGTTTTTGCAACATATCTCACAATAAACAGTTTCAACTTAATGACTACCTGAGCGTCATCACTGAGT
3,3,0,ATACAAAAAAAGAGAGGCACGTCTTTACGGGGTTAAAGACAATCATCCTGCTTGTCAGCATAAAAACCGTAGAGAATCCTTCCTTTCCCCCGCAGCTGGCGTTATAGTCAGATGGTTTTTGCAACATATCTCACAATAAACAGTTTCAACTTAATGACTACGGTCCGCACCGCCTTCATT
14,0,14,ATACAAAAAAAGAGAGGCACGTCTTTACGGGGTTAAAGACAATCATCCTGCTTGTCAGCATAAAAACCGTAGAGAATCCTTCCTTTCCCCCGCAGCTGGCGTTATAGTCAGATGGTTTTTGCAACATATCTCACAATAAACAGTTTCAACTTAATGACTACGTCCTGTTACGGAGCGTTG
16,11,5,ATACAAAAAAAGAGAGGCACGTCTTTACGGGGTTAAAGACAATCATCCTGCTTGTCAGCATAAAAACCGTAGAGAATCCTTCCTTTCCCCCGCAGCTGGCGTTATAGTCAGATGGTTTTTGCAACATATCTCACAATAAACAGTTTCAACTTAATGACTAGCTGCGATAGTGTGACGGCA
11,0,11,ATACAAAAAAAGAGAGGCACGTCTTTACGGGGTTAAAGACAATCATCCTGCTTGTCAGCATAAAAACCGTAGAGAATCCTTCCTTTCCCCCGCAGCTGGCGTTATAGTCAGATGGTTTTTGCAACATATCTCACAATAAACAGTTTCAACTTAATGACTAGTGTTGGGTATACGGTCTTT
1,1,0,ATACAAAAAAAGATAGAAACGTGTTTACTGTTTTAAATATAATCATCCTGCTTTTCATCACACAGACCGCAGATAATCCTTCCTGTCCACGGCAGCTGACGTTATGGTCAGATGGTTTTTGCAACAACCCTCACAATGAAAAGTTTTAACATAATGACTAAAATGCGTACAACCTCTACA
2,2,0,ATACAAAAAAAGATAGAAACGTGTTTACTGTTTTAAATATAATCATCCTGCTTTTCATCACACAGACCGCAGATAATCCTTCCTGTCCACGGCAGCTGACGTTATGGTCAGATGGTTTTTGCAACAACCCTCACAATGAAAAGTTTTAACATAATGACTAAGCGTACTGGCTTGCCAATG
1,1,0,ATACAAAAAAAGATAGAAACGTGTTTACTGTTTTAAATATAATCATCCTGCTTTTCATCACACAGACCGCAGATAATCCTTCCTGTCCACGGCAGCTGACGTTATGGTCAGATGGTTTTTGCAACAACCCTCACAATGAAAAGTTTTAACATAATGACTAATAACTTTGATACGCGTGTG
2,1,1,ATACAAAAAAAGATAGAAACGTGTTTACTGTTTTAAATATAATCATCCTGCTTTTCATCACACAGACCGCAGATAATCCTTCCTGTCCACGGCAGCTGACGTTATGGTCAGATGGTTTTTGCAACAACCCTCACAATGAAAAGTTTTAACATAATGACTACACTTGTTGGCAGATAGCGG
12,12,0,ATACAAAAAAAGATAGAAACGTGTTTACTGTTTTAAATATAATCATCCTGCTTTTCATCACACAGACCGCAGATAATCCTTCCTGTCCACGGCAGCTGACGTTATGGTCAGATGGTTTTTGCAACAACCCTCACAATGAAAAGTTTTAACATAATGACTACATCGGCGAATCTTAACGAG
1,1,0,ATACAAAAAAAGATAGAAACGTGTTTACTGTTTTAAATATAATCATCCTGCTTTTCATCACACAGACCGCAGATAATCCTTCCTGTCCACGGCAGCTGACGTTATGGTCAGATGGTTTTTGCAACAACCCTCACAATGAAAAGTTTTAACATAATGACTACTTTCCTAGATTTTGGGCAG
16,10,6,ATACAAAAAAAGATAGAAACGTGTTTACTGTTTTAAATATAATCATCCTGCTTTTCATCACACAGACCGCAGATAATCCTTCCTGTCCACGGCAGCTGACGTTATGGTCAGATGGTTTTTGCAACAACCCTCACAATGAAAAGTTTTAACATAATGACTAGTTCTAATGGGGAACCTATG
7,7,0,ATACAAAAAAAGATAGAAACGTGTTTACTGTTTTAAATATAATCATCCTGCTTTTCATCACACAGACCGCAGATAATCCTTCCTGTCCACGGCAGCTGACGTTATGGTCAGATGGTTTTTGCAACAACCCTCACAATGAAAAGTTTTAACATAATGACTATAGGCCTTGTTCAATGTTAT
11,11,0,ATACAAAAAAAGATAGAAACGTGTTTACTGTTTTAAATATAATCATCCTGCTTTTCATCACACAGACCGCAGATAATCCTTCCTGTCCACGGCAGCTGACGTTATGGTCAGATGGTTTTTGCAACAACCCTCACAATGAAAAGTTTTAACATAATGACTATGTGAGCGGGTACAGGGCAG
2,2,0,ATACAAAAAAAGATAGGAAAATATTTACTGGGTCAAATAGAATCATCGTGCTTTCCAGCACAAAAACCGCAGATAATCCTTCCTCTCCCCGGCAGCTGACGTTATGGTCAGATTGATTTTCCAACCAATTTCACAATAAACCGTTTCAACATACTGACTAACTTATTCATGGATGATGCT
33,22,11,ATACAAAAAAAGATAGGAAAATATTTACTGGGTCAAATAGAATCATCGTGCTTTCCAGCACAAAAACCGCAGATAATCCTTCCTCTCCCCGGCAGCTGACGTTATGGTCAGATTGATTTTCCAACCAATTTCACAATAAACCGTTTCAACATACTGACTAGGGTTTAATCATGTATTGTA
4,4,0,ATACAAAAAAAGATAGGAAAATATTTACTGGGTCAAATAGAATCATCGTGCTTTCCAGCACAAAAACCGCAGATAATCCTTCCTCTCCCCGGCAGCTGACGTTATGGTCAGATTGATTTTCCAACCAATTTCACAATAAACCGTTTCAACATACTGACTATTGGCGCACCGCACGGGCTT
2,2,0,ATACAAAAAAAGATAGGAACATATCTACAGGGTTAAATATAATCATCCTGCTTTACTTCACACAAACCGCAGATATTCCTTCCTTTCCCCGGCACCTGGCCTTATGGTCAGATGGTTTTTGCAACAAATCTCACAATAAAAAGTTTCAACGCACTGATTAGACCTATTCCCTGCGCACTG
1,1,0,ATACAAAAAAAGATAGGAACGTATTAACTTGATTAATTATAATCATCCTGCTTTTCATCACAAAAACCGCGGATAATCCTTCCTTTCCCCGGCAGCTGGCGCATTAGTCAGATGGTTTTTGCAACAAATCTCACAATAAAAAGTTGCAACATACTGACTAGAGTCTGACTCCACCATCAG
1,1,0,ATACAAAAAAAGATAGGAACGTATTAACTTGATTAATTATAATCATCCTGCTTTTCATCACAAAAACCGCGGATAATCCTTCCTTTCCCCGGCAGCTGGCGCATTAGTCAGATGGTTTTTGCAACAAATCTCACAATAAAAAGTTGCAACATACTGACTATGGCACGAAGCACTCGGGTT
15,6,9,ATACAAAAAAAGATAGGAACGTATTTACTGAGTTAAATATGATCATCCTGATTTTCATCACCAAAACCGCAGATAAACCTTCCTTTGCGGGGCAGCTGACGTTATGGTGAGATGGTTTTTGGTACAAATCTCACAATAAAGAATTTCAACAGGGTGACTCAGATAATCGTAGAAATCGAC
6,2,4,ATACAAAAAAAGATAGGAACGTATTTACTGAGTTAAATATGATCATCCTGATTTTCATCACCAAAACCGCAGATAAACCTTCCTTTGCGGGGCAGCTGACGTTATGGTGAGATGGTTTTTGGTACAAATCTCACAATAAAGAATTTCAACAGGGTGACTCATCGAGCGGTACCTAGAGCT
5,2,3,ATACAAAAAAAGATAGGAACGTATTTACTGAGTTAAATATGATCATCCTGATTTTCATCACCAAAACCGCAGATAAACCTTCCTTTGCGGGGCAGCTGACGTTATGGTGAGATGGTTTTTGGTACAAATCTCACAATAAAGAATTTCAACAGGGTGACTCTCGGTCAGCGGATACTCTAC
3,3,0,ATACAAAAAAAGATAGGAACGTATTTACTGAGTTAAATATGATCATCCTGATTTTCATCACCAAAACCGCAGATAAACCTTCCTTTGCGGGGCAGCTGACGTTATGGTGAGATGGTTTTTGGTACAAATCTCACAATAAAGAATTTCAACAGGGTGACTCTCGTAAATGAAATAGCACAG
2,2,0,ATACAAAAAAAGATAGGAACGTATTTACTGAGTTAAATATGATCATCCTGATTTTCATCACCAAAACCGCAGATAAACCTTCCTTTGCGGGGCAGCTGACGTTATGGTGAGATGGTTTTTGGTACAAATCTCACAATAAAGAATTTCAACAGGGTGACTCTTAGTGCTACGAGGTTTGAC
7,6,1,ATACAAAAAAAGATAGGAACGTATTTACTGGGTTAAATATAATCCGCATGCTTTGCATCACAAAAACCGCGGATTATCCTTGCTTACCCCGGCAGCTGGCGTTATGGCCAGATGGTTTTTGCACCAAATCTTACAATAAATAGTTTCAATATACTGACTAATCAGAGCTATCGTGTTTCG
7,7,0,ATACAAAAAAAGATAGGAACGTATTTACTGGGTTAAATATAATCCGCATGCTTTGCATCACAAAAACCGCGGATTATCCTTGCTTACCCCGGCAGCTGGCGTTATGGCCAGATGGTTTTTGCACCAAATCTTACAATAAATAGTTTCAATATACTGACTAGGTTCTCGCGTAATCTTAAT
1,1,0,ATACAAAAAAAGATAGGAACGTATTTACTGGGTTAAATATAATCCGCATGCTTTGCATCACAAAAACCGCGGATTATCCTTGCTTACCCCGGCAGCTGGCGTTATGGCCAGATGGTTTTTGCACCAAATCTTACAATAAATAGTTTCAATATACTGACTATGGCGGAATGTCCCGTATTG
4,2,2,ATACAAAAAAAGATAGGAACGTATTTGCTGGGTAGGATATAATCATCCTGCTTTTCATCATAAAAACCGCAGATAATCCTTCCTTTCCCTGGCACGTGGCGTTATTGTCAGATGGTTTGTGGAACAAATCTCACAATAAAAAGTTTCGACATGCTGACTAAAGTGCACAGTTCCTGGGTT
1,0,1,ATACAAAAAAAGATAGGAACGTATTTGCTGGGTAGGATATAATCATCCTGCTTTTCATCATAAAAACCGCAGATAATCCTTCCTTTCCCTGGCACGTGGCGTTATTGTCAGATGGTTTGTGGAACAAATCTCACAATAAAAAGTTTCGACATGCTGACTAGCTAGTATAATGTGTCAAAG
12,5,7,ATACAAAAAAAGATAGGAACGTATTTGCTGGGTAGGATATAATCATCCTGCTTTTCATCATAAAAACCGCAGATAATCCTTCCTTTCCCTGGCACGTGGCGTTATTGTCAGATGGTTTGTGGAACAAATCTCACAATAAAAAGTTTCGACATGCTGACTATAGGGACGCATAATTTTTCG
1,0,1,ATACAAAAAAAGATAGGAACGTATTTGCTGGGTAGGATATAATCATCCTGCTTTTCATCATAAAAACCGCAGATAATCCTTCCTTTCCCTGGCACGTGGCGTTATTGTCAGATGGTTTGTGGAACAAATCTCACAATAAAAAGTTTCGACATGCTGACTATGAAAGGCCGATATTTTCCC
21,8,13,ATACAAAAAAAGATAGGAACGTATTTGCTGGGTAGGATATAATCATCCTGCTTTTCATCATAAAAACCGCAGATAATCCTTCCTTTCCCTGGCACGTGGCGTTATTGTCAGATGGTTTGTGGAACAAATCTCACAATAAAAAGTTTCGACATGCTGACTATGTTTCGCAAACAGCCGCTA
1,1,0,ATACAAAAAAAGATAGGAACGTATTTGCTGGGTAGGATATAATCATCCTGCTTTTCATCATAAAAACCGCAGATAATCCTTCCTTTCCCTGGCACGTGGCGTTATTGTCAGATGGTTTGTGGAACAAATCTCACAATAAAAAGTTTCGACATGCTGACTATTCTAAAGGGTTGATCCGGT
22,15,7,ATACAAAAAAAGATAGGAAGGCATGTACTGAGTTAAATATAATCATCCTGGTTTTCATCACAAAAACTTCAGATAATCCTTCTTCTCCCCGGCAGCTGGCGTTATGGTCAGATGGTTTTTGCAACAAATCTCACAATAAAAAGATTCCACATACTGACTAAAAAACGTATGCTACCAGAG
2,1,1,ATACAAAAAAAGATAGGAAGGCATGTACTGAGTTAAATATAATCATCCTGGTTTTCATCACAAAAACTTCAGATAATCCTTCTTCTCCCCGGCAGCTGGCGTTATGGTCAGATGGTTTTTGCAACAAATCTCACAATAAAAAGATTCCACATACTGACTAAACCAGGGGCCTCCGAATCG
9,7,2,ATACAAAAAAAGATAGGAAGGCATGTACTGAGTTAAATATAATCATCCTGGTTTTCATCACAAAAACTTCAGATAATCCTTCTTCTCCCCGGCAGCTGGCGTTATGGTCAGATGGTTTTTGCAACAAATCTCACAATAAAAAGATTCCACATACTGACTACAGCACGTTTATGACTCCGG
12,6,6,ATACAAAAAAAGATAGGAAGGCATGTACTGAGTTAAATATAATCATCCTGGTTTTCATCACAAAAACTTCAGATAATCCTTCTTCTCCCCGGCAGCTGGCGTTATGGTCAGATGGTTTTTGCAACAAATCTCACAATAAAAAGATTCCACATACTGACTAGCGTGAGAATATGAAGGTTT
2,2,0,ATACAAAAAAAGATAGGAAGGCATGTACTGAGTTAAATATAATCATCCTGGTTTTCATCACAAAAACTTCAGATAATCCTTCTTCTCCCCGGCAGCTGGCGTTATGGTCAGATGGTTTTTGCAACAAATCTCACAATAAAAAGATTCCACATACTGACTATATCAACATAGATGTGGATC
2,2,0,ATACAAAAAAAGATAGGAAGGCATGTACTGAGTTAAATATAATCATCCTGGTTTTCATCACAAAAACTTCAGATAATCCTTCTTCTCCCCGGCAGCTGGCGTTATGGTCAGATGGTTTTTGCAACAAATCTCACAATAAAAAGATTCCACATACTGACTATCATCAAATTAGCTCATGCG
1,1,0,ATACAAAAAAAGATAGGAATGTATTTACTGGGTTAAATTTAAGCATCCTGCTTTTCATCCCACAAACCGCAGATTATCCTTCCTTTCCCCGGCAGCCGGCGTTATGGTCAGATGGTTTTTGCAGCAAATCTCACAATACAAAGTTTCAACATACGGATCACACGTACCTTAACCACGTTT
3,2,1,ATACAAAAAAAGATAGGAATGTATTTACTGGGTTAAATTTAAGCATCCTGCTTTTCATCCCACAAACCGCAGATTATCCTTCCTTTCCCCGGCAGCCGGCGTTATGGTCAGATGGTTTTTGCAGCAAATCTCACAATACAAAGTTTCAACATACGGATCACAGGGAGGTGTACTGTCATT
1,1,0,ATACAAAAAAAGATAGGAATGTATTTACTGGGTTAAATTTAAGCATCCTGCTTTTCATCCCACAAACCGCAGATTATCCTTCCTTTCCCCGGCAGCCGGCGTTATGGTCAGATGGTTTTTGCAGCAAATCTCACAATACAAAGTTTCAACATACGGATCAGCCCTGTTATTGTCGAACCT
1,1,0,ATACAAAAAAAGATAGGAATGTATTTACTGGGTTAAATTTAAGCATCCTGCTTTTCATCCCACAAACCGCAGATTATCCTTCCTTTCCCCGGCAGCCGGCGTTATGGTCAGATGGTTTTTGCAGCAAATCTCACAATACAAAGTTTCAACATACGGATCAGGCTGCTCCTAAAGGCAAAG
23,21,2,ATACAAAAAAAGATAGGAATGTATTTACTGGGTTAAATTTAAGCATCCTGCTTTTCATCCCACAAACCGCAGATTATCCTTCCTTTCCCCGGCAGCCGGCGTTATGGTCAGATGGTTTTTGCAGCAAATCTCACAATACAAAGTTTCAACATACGGATCATGTTACCTCCTCCGTTCGGA
2,2,0,ATACAAAAAAAGATAGGAATGTATTTACTGGGTTAAATTTAAGCATCCTGCTTTTCATCCCACAAACCGTAGATTATCCTTCCTTTCCCCGGCAGCCGGCGTTATGGTCAGATGGTTTTTGCAGCAAATCTCACAATACAAAGTTTCAACATACGGATCAGTCCCGCGTGCATCGACCCG
6,6,0,ATACAAAAAAAGATAGGGTCGTATTTAATGGGTAACATATAATTATCCTGCTTTTCAGCACAAAAATCGCAGACCATACTTCCTTTCCCCGGCAGCTGACGTTATGTGCAGATGGTTTTTGCAACAAATCTCACACTGACATGTTTCAACAAACGGACTAGCAGATCACCCCGGTAGTCC
3,3,0,ATACAAAAAAAGATAGGGTCGTATTTAATGGGTAACATATAATTATCCTGCTTTTCAGCACAAAAATCGCAGACCATACTTCCTTTCCCCGGCAGCTGACGTTATGTGCAGATGGTTTTTGCAACAAATCTCACACTGACATGTTTCAACAAACGGACTAGGGGTGATTCGTTCCAATGC
19,4,15,ATACAAAAAAAGATATGAACGTATTTACTGGGTTAAATATAATTCTCCTGCTTGTCATCACAAAAACAGCATAAAATCATACCTTTCCTCATAACCTGGCATTATCGTCAGATGGTTCATGCAACAAATCTCACAATCAACAGTTTCAACATACTGACAACTGGAAAGTTAACCAACATT
19,3,16,ATACAAAAAAAGATATGAACGTATTTACTGGGTTAAATATAATTCTCCTGCTTGTCATCACAAAAACAGCATAAAATCATACCTTTCCTCATAACCTGGCGTTATCGTCAGATGGTTCATGCAACAAATCTCACAATCAACAGTTTCAACATACTGACAAAGCTCTAAAGTCCTCTCTTC
32,4,28,ATACAAAAAAAGATATGAACGTATTTACTGGGTTAAATATAATTCTCCTGCTTGTCATCACAAAAACAGCATAAAATCATACCTTTCCTCATAACCTGGCGTTATCGTCAGATGGTTCATGCAACAAATCTCACAATCAACAGTTTCAACATACTGACAAGAGTTATCTAGAGTACTATT
1,1,0,ATACAAAAAAAGCCAGGAACATATATACTGGGTTAACAATAGTCATCTAGTTTTTCATCACAAAAACCGCAGATAATCCCTCCTTTCCCCGGCAGCTGGCGTTATGGTCAGATGGTTTTTGCAACAAATCTCACAATCAAAACTATCAACTTACTAACTACCCTTCACAGGTATGCCATG
1,1,0,ATACAAAAAAAGCCAGGAACATATATACTGGGTTAACAATAGTCATCTAGTTTTTCATCACAAAAACCGCAGATAATCCCTCCTTTCCCCGGCAGCTGGCGTTATGGTCAGATGGTTTTTGCAACAAATCTCACAATCAAAACTATCAACTTACTAACTAGGCACGTTATTTGGAGAATA
1,1,0,ATACAAAAAAAGCCAGGAACATATATACTGGGTTAACAATAGTCATCTAGTTTTTCATCACAAAAACCGCAGATAATCCCTCCTTTCCCCGGCAGCTGGCGTTATGGTCAGATGGTTTTTGCAACAAATCTCACAATCAAAACTATCAACTTACTAACTATCTAACTTCATTCACCGATG
4,4,0,ATACAAAAAAAGCCAGGAACATATATACTGGGTTAACAATAGTCATCTAGTTTTTCATCACAAAAACCGCAGATAATCCCTCCTTTCCCCGGCAGCTGGCGTTATGGTCAGATGGTTTTTGCAACAAATCTCTCAATAGACCTTTTCAGTACACTGACTAGGAAGTTGATAGGATATGGA
8,8,0,ATACAAAAAAAGCCAGGAACATATTTCCTGGGTTAAATATAATCATCCTCCTTTTCATCACAAAAACCGCAGATAATCCTTCCCTTCCTCGGCAGCTAGCGTTGTGGTCAGATGCTTTTTGCAACAAATGTCACATTAAATTGTTTCAACATACTGACTAACAAAATGAGACCCTCAAAG
5,5,0,ATACAAAAAAAGCCAGGAACATATTTCCTGGGTTAAATATAATCATCCTCCTTTTCATCACAAAAACCGCAGATAATCCTTCCCTTCCTCGGCAGCTAGCGTTGTGGTCAGATGCTTTTTGCAACAAATGTCACATTAAATTGTTTCAACATACTGACTACTACTTAGATTCCATCCTTG
4,4,0,ATACAAAAAAAGCCAGGAACATATTTCCTGGGTTAAATATAATCATCCTCCTTTTCATCACAAAAACCGCAGATAATCCTTCCCTTCCTCGGCAGCTAGCGTTGTGGTCAGATGCTTTTTGCAACAAATGTCACATTAAATTGTTTCAACATACTGACTAGATAACTTAGCAAATTAAAT
3,3,0,ATACAAAAAAAGCCAGGAACATATTTCCTGGGTTAAATATAATCATCCTCCTTTTCATCACAAAAACCGCAGATAATCCTTCCCTTCCTCGGCAGCTAGCGTTGTGGTCAGATGCTTTTTGCAACAAATGTCACATTAAATTGTTTCAACATACTGACTAGCGGCGCATCTCCAGGACAA
8,8,0,ATACAAAAAAAGCCAGGAACGTATTTACTGGGTTAAAAATAATCAACCTGCTTTTTATCACAAAGACCGCGGATAATCCTTCCTTTCCCCAGCAGCTGGCGTTATGGTCAGATGGTTTTTGCAACAAATCTTACACTAATTAGTGTCATCATACTGACTAAAGCAGATCGTTCCGCGTGG
5,5,0,ATACAAAAAAAGCCAGGAACGTATTTACTGGGTTAAAAATAATCAACCTGCTTTTTATCACAAAGACCGCGGATAATCCTTCCTTTCCCCAGCAGCTGGCGTTATGGTCAGATGGTTTTTGCAACAAATCTTACACTAATTAGTGTCATCATACTGACTAATAAATTCATCAAATGGATA
1,1,0,ATACAAAAAAAGCCAGGAACGTATTTACTGGGTTAAAAATAATCAACCTGCTTTTTATCACAAAGACCGCGGATAATCCTTCCTTTCCCCAGCAGCTGGCGTTATGGTCAGATGGTTTTTGCAACAAATCTTACACTAATTAGTGTCATCATACTGACTACATTGGGCTTGCAGATCACG
11,7,4,ATACAAAAAAAGCCAGGAACGTATTTACTGGGTTAAAAATAATCAACCTGCTTTTTATCACAAAGACCGCGGATAATCCTTCCTTTCCCCAGCAGCTGGCGTTATGGTCAGATGGTTTTTGCAACAAATCTTACACTAATTAGTGTCATCATACTGACTACGCTAGCACTGCACCAACCT
26,7,19,ATACAAAAAAAGCCAGGAACGTATTTACTGGGTTAATTATAATCATCCTTCTTTTCATCACAAAAACCCCAGATAATCCTTCCCTTCTCCGGGAGCTGGCGTTATGGTAAGAGGGTTGTTGCAACAAACCTCACAATAAATAGTTTCAACATGCTGACTAAACACAGTTTCATTGATACC
1,1,0,ATACAAAAAAAGCCAGGCATGTAGTTACTGGGTTAAATACAATCATCCTTCTTTTCATCACAAAAACCGCAGATAATCCTACCTTTCCCCGGCAGCTGGCGTTATGGTCAGATGGGTTTCGTAACATATCTCACAATAAAAATATACAACATACTGACTAGCGGAGCCTCTAAGCAGGTA
7,3,4,ATACAAAAAAAGCCAGGCATGTAGTTACTGGGTTAAATACAATCATCCTTCTTTTCATCACAAAAACCGCAGATAATCCTACCTTTCCCCGGCAGCTGGCGTTATGGTCAGATGGGTTTCGTAACATATCTCACAATAAAAATATACAACATACTGACTATCGTCGGACTGGTTAACCAA
1,1,0,ATACAAAAAAAGCCAGGTAGGTATTTACTGGGTTAAATATAATCATCCTGCTTTTCATCAGAAAAAGCGCGGATAATCCTTCTTTTAACCGGCAGCTGGCGTCGTGTTCCGGCGGTTTGTGCAACAAATCTCACAATAAAAACCGTAAACATACTGACTAACAAGACAAATGCATAGTAA
5,5,0,ATACAAAAAAAGCCAGGTAGGTATTTACTGGGTTAAATATAATCATCCTGCTTTTCATCAGAAAAAGCGCGGATAATCCTTCTTTTAACCGGCAGCTGGCGTCGTGTTCCGGCGGTTTGTGCAACAAATCTCACAATAAAAACCGTAAACATACTGACTACCCTCAGAACCTTAGATAGT
2,2,0,ATACAAAAAAAGCCAGGTAGGTATTTACTGGGTTAAATATAATCATCCTGCTTTTCATCAGAAAAAGCGCGGATAATCCTTCTTTTAACCGGCAGCTGGCGTCGTGTTCCGGCGGTTTGTGCAACAAATCTCACAATAAAAACCGTAAACATACTGACTACGCCCAATGTCATCGTGGTA
1,1,0,ATACAAAAAAAGCCAGGTAGGTATTTACTGGGTTAAATATAATCATCCTGCTTTTCATCAGAAAAAGCGCGGATAATCCTTCTTTTAACCGGCAGCTGGCGTCGTGTTCCGGCGGTTTGTGCAACAAATCTCACAATAAAAACCGTAAACATACTGACTACTCAACTTGCGAGGTGGACA
1,1,0,ATACAAAAAAAGCCAGGTAGGTATTTACTGGGTTAAATATAATCATCCTGCTTTTCATCAGAAAAAGCGCGGATAATCCTTCTTTTAACCGGCAGCTGGCGTCGTGTTCCGGCGGTTTGTGCAACAAATCTCACAATAAAAACCGTAAACATACTGACTAGAAACATCGTACCGATCAAC
4,4,0,ATACAAAAAAAGCCAGGTAGGTATTTACTGGGTTAAATATAATCATCCTGCTTTTCATCAGAAAAAGCGCGGATAATCCTTCTTTTAACCGGCAGCTGGCGTCGTGTTCCGGCGGTTTGTGCAACAAATCTCACAATAAAAACCGTAAACATACTGACTAGGACGACAAATGCATAGTAA
4,4,0,ATACAAAAAAAGCCAGGTAGGTATTTACTGGGTTAAATATAATCATCCTGCTTTTCATCAGAAAAAGCGCGGATAATCCTTCTTTTAACCGGCAGCTGGCGTCGTGTTCCGGCGGTTTGTGCAACAAATCTCACAATAAAAACCGTAAACATACTGACTATAAATAGTACTATTATCTTG
1,1,0,ATACAAAAAAAGCCAGTAACGTATTTACGGGGTAGAATATAACCGTCCTGCTTTTCATCACAAAAAGCGCACACACTCCTCCCTTTCCCGGGCAGCTGGCACTATGGTCAGATGGTTGTCGTAACGAATCTCACAATAAATCGTTTCAACATACCGACTATAGTAGGCTAGGAATAAAGT
3,1,2,ATACAAAAAAAGCCAGTAACGTATTTACGGGGTAGAATATAACCGTCCTGCTTTTCATCACAAAAAGCGCACACACTCCTCCCTTTCCCGGGCAGCTGGCGCTATGGTCAGATGGTTGTCGTAACAAATCTCACAATAAATCGTTTCAACATACCGACTACCCCCGGGTCCTCACGTTGA
1,0,1,ATACAAAAAAAGCCAGTAACGTATTTACGGGGTAGAATATAACCGTCCTGCTTTTCATCACAAAAAGCGCACACACTCCTCCCTTTCCCGGGCAGCTGGCGCTATGGTCAGATGGTTGTCGTAACGAATCTCACAATAAATCGTTTCAACATACCGACTAAAGCATCTGTTTCCTCAATG
5,5,0,ATACAAAAAAAGCCAGTAACGTATTTACGGGGTAGAATATAACCGTCCTGCTTTTCATCACAAAAAGCGCACACACTCCTCCCTTTCCCGGGCAGCTGGCGCTATGGTCAGATGGTTGTCGTAACGAATCTCACAATAAATCGTTTCAACATACCGACTAAAGCTATGTAACAATGTGAT
5,5,0,ATACAAAAAAAGCCAGTAACGTATTTACGGGGTAGAATATAACCGTCCTGCTTTTCATCACAAAAAGCGCACACACTCCTCCCTTTCCCGGGCAGCTGGCGCTATGGTCAGATGGTTGTCGTAACGAATCTCACAATAAATCGTTTCAACATACCGACTAAAGTCCGTCGATTCTATACT
3,3,0,ATACAAAAAAAGCCAGTAACGTATTTACGGGGTAGAATATAACCGTCCTGCTTTTCATCACAAAAAGCGCACACACTCCTCCCTTTCCCGGGCAGCTGGCGCTATGGTCAGATGGTTGTCGTAACGAATCTCACAATAAATCGTTTCAACATACCGACTAAGTGGGTCTTTTTCGTATAA
1,1,0,ATACAAAAAAAGCCAGTAACGTATTTACGGGGTAGAATATAACCGTCCTGCTTTTCATCACAAAAAGCGCACACACTCCTCCCTTTCCCGGGCAGCTGGCGCTATGGTCAGATGGTTGTCGTAACGAATCTCACAATAAATCGTTTCAACATACCGACTAATTTGCATGGACAGTTTAGA
2,2,0,ATACAAAAAAAGCCAGTAACGTATTTACGGGGTAGAATATAACCGTCCTGCTTTTCATCACAAAAAGCGCACACACTCCTCCCTTTCCCGGGCAGCTGGCGCTATGGTCAGATGGTTGTCGTAACGAATCTCACAATAAATCGTTTCAACATACCGACTACGATCTGACTCTATTCCTGA
3,3,0,ATACAAAAAAAGCCAGTAACGTATTTACGGGGTAGAATATAACCGTCCTGCTTTTCATCACAAAAAGCGCACACACTCCTCCCTTTCCCGGGCAGCTGGCGCTATGGTCAGATGGTTGTCGTAACGAATCTCACAATAAATCGTTTCAACATACCGACTAGTAGCGACGAATCAGTCGGT
3,1,2,ATACAAAAAAAGCCAGTAACGTATTTACGGGGTAGAATATAACCGTCCTGCTTTTCATCACAAAAAGCGCACACACTCCTCCCTTTCCCGGGCAGCTGGCGCTATGGTCAGATGGTTGTCGTAACGAATCTCACAATAAATCGTTTCAACATACCGACTATCGGCTATTCGGTTATGTTT
3,3,0,ATACAAAAAAAGCCAGTAACGTATTTACGGGGTAGAATATAACCGTCCTGCTTTTCATCACAAAAAGCGCACACACTCCTCCCTTTCCCGGGCAGCTGGCGCTATGGTCAGATGGTTGTCGTAACGAATCTCACAATAAATCGTTTCAACATACCGACTATCTCAGTTAGCCCTCATCAT
3,1,2,ATACAAAAAAAGCCTAGAACGCATTTACTGGGTGAGCTATAACCATCCTGCTTTTCAACACCGAAACCGCAGATAATCCTTCCTATCCCCGACAGCTGGCGTTATGGTCGGATGGTTTTTGCAATGAATCTCACTATAAGCAGTTTAATCATGCTGACATAGGAGGAGAGCCCGTCCCTG
1,1,0,ATACAAAAAAAGCCTAGAACGCATTTACTGGGTGAGCTATAACCATCCTGCTTTTCAACACCGAAACCGCAGATAATCCTTCCTATCCCCGACAGCTGGCGTTATGGTCGGATGGTTTTTGCAATGAATCTCACTATAAGCAGTTTAATCATGCTGACATATCCACCCCTCGACGATAAG
1,1,0,ATACAAAAAAAGCCTAGAACGCATTTACTGGGTGAGCTATAACCATCCTGCTTTTCAACACCGAAACCGCAGATAATCCTTCCTATCCCCGACAGCTGGCGTTATGGTCGGATGGTTTTTGCAATGAATCTCACTATAAGCAGTTTAATCATGCTGACATCACTTTGAGCACACGTCTTA
1,1,0,ATACAAAAAAAGCCTAGAACGCATTTACTGGGTGAGCTATAACCATCCTGCTTTTCAACACCGAAACCGCAGATAATCCTTCCTATCCCCGACAGCTGGCGTTATGGTCGGATGGTTTTTGCAATGAATCTCACTATAAGCAGTTTAATCATGCTGACATCTTGCGACTTCTGATTTGAC
5,4,1,ATACAAAAAAAGCCTAGAACGCATTTACTGGGTGAGCTATAACCATCCTGCTTTTCAACACCGAAACCGCAGATAATCCTTCCTATCCCCGACAGCTGGCGTTATGGTCGGATGGTTTTTGCAATGAATCTCACTATAAGCAGTTTAATCATGCTGACATGTGTTCGAACCGACTGACTT
1,1,0,ATACAAAAAAAGCTAGGAACGTATTTACTGGGTTAAATATAACCATCCTGCTTTTCATCACCAAAACCGAAGATAGTCCTTTATTTCCCCGGCAACTGGCGTTACGGTCAGATGGTTGGTGCCACAAATCTCACCATCAAAAGTTTCATCCTACTGACTACTATCGGCCCGCATGCCAGA
6,2,4,ATACAAAAAAAGCTAGGAACGTATTTACTGGGTTAAATATAACCATCCTGCTTTTCATCACCAAAACCGAAGATAGTCCTTTATTTCCCCGGCAACTGGCGTTACGGTCAGATGGTTGGTGCCACAAATCTCACCATCAAAAGTTTCATCCTACTGACTACTCAGGAAACTACAACAAAG
3,3,0,ATACAAAAAAAGCTAGGAACGTATTTACTGGGTTAAATATAACCATCCTGCTTTTCATCACCAAAACCGAAGATAGTCCTTTATTTCCCCGGCAACTGGCGTTACGGTCAGATGGTTGGTGCCACAAATCTCACCATCAAAAGTTTCATCCTACTGACTATAATTGCATTAACAACCGCT
6,6,0,ATACAAAAAAAGCTAGGAACGTATTTACTGGGTTAAATATAACCATCCTGCTTTTCATCACCAAAACCGAAGATAGTCCTTTATTTCCCCGGCAACTGGCGTTACGGTCAGATGGTTGGTGCCACAAATCTCACCATCAAAAGTTTCATCCTACTGACTATATACCCCATTCAACTGCGG
2,2,0,ATACAAAAAAAGCTAGGAACGTATTTACTGGGTTAAATATAACCATCCTGCTTTTCATCACCAAAACCGAAGATAGTCCTTTATTTCCCCGGCAACTGGCGTTACGGTCAGATGGTTGGTGCCACAAATCTCACCATCAAAAGTTTCATCCTACTGACTATCCCATCTCTCAAGCTCGAT
4,4,0,ATACAAAAAAAGCTAGGAACGTATTTACTGGGTTAAATATAACCATCCTGCTTTTCATCACCAAAACCGAAGATAGTCCTTTATTTCCCCGGCAACTGGCGTTACGGTCAGATGGTTGGTGCCACAAATCTCACCATCAAAAGTTTCATCCTACTGACTATGGAACTCAAACTGGTCGAG
1,1,0,ATACAAAAAAAGCTAGGAACGTATTTACTGGGTTAAATATAACCATCCTGCTTTTCATCACCAAAACCGAAGATAGTCCTTTATTTCCCCGGCAACTGGCGTTACGGTCAGATGGTTGGTGCCACAAATCTCACCCTCAAAAGTTTCATCCTACTGACTACCCCATCGAGCTGCCCTTAG
4,3,1,ATACAAAAAAAGGAAGGAACGTATTTACCGGGTTAAATATAATCATCCTGCTTTTCATCTCGAAATACGCAGATAATCCTTCCTTTCCCCGGCAGCTGGAGTTATGGTCAGATGATTGTTGCAACCAATGTCACACTAAAAAGTTTAAATATCCTGACTCCAAGCATCCTCAGATCAAGC
1,1,0,ATACAAAAAAAGGCACGAACGTATTTACTGGGTTAAATAAAATCATCCTGCCTTTCACCACAAAAAACGTGGATAATCCTTCCGTTCCTCAGCCGCTGGCGTTATGGGCAGATGGTTTTTGCAACAAATCTCACAATAAAACGTTTCTACATACTGACTAACGACATTCAGGGTACTAAA
3,3,0,ATACAAAAAAAGGCACGAACGTATTTACTGGGTTAAATAAAATCATCCTGCCTTTCACCACAAAAAACGTGGATAATCCTTCCGTTCCTCAGCCGCTGGCGTTATGGGCAGATGGTTTTTGCAACAAATCTCACAATAAAACGTTTCTACATACTGACTAGGACGGAAGCTCGTGCCCCG
3,3,0,ATACAAAAAAAGGCAGGAACGTATTTACTGGGTTAAATATAATCATCTTTCTTTAGATCACAAAAGCCGCAGATAATCCTTCATTGTCCCGGCAGCCGGCGTTATCGTCAGATGGTTTTTGGAACAAATCTAACAATAAAAAGTTTCGACTTACTGACTAAAATTAAAGTGTTCAGGCAA
3,2,1,ATACAAAAAAAGGCAGGAACGTATTTACTGGGTTAAATATAATCATCTTTCTTTAGATCACAAAAGCCGCAGATAATCCTTCATTGTCCCGGCAGCCGGCGTTATCGTCAGATGGTTTTTGGAACAAATCTAACAATAAAAAGTTTCGACTTACTGACTAAGCGACTTCATGAAAATGTT
1,1,0,ATACAAAAAAAGGCAGGAACGTATTTACTGGGTTAAATATAATCATCTTTCTTTAGATCACAAAAGCCGCAGATAATCCTTCATTGTCCCGGCAGCCGGCGTTATCGTCAGATGGTTTTTGGAACAAATCTAACAATAAAAAGTTTCGACTTACTGACTATACTGGTCCTTTGACATGCG
4,1,3,ATACAAAAAAAGGCAGGAACGTATTTACTGGGTTAAGTATAATCATCCTGCTATTCATCACCAAAACCGCACATTATCCTTCCCTTCCCCGGCAGCGGGCGTTATGGTCAGAAGGTTTTGGCAACAAATCTCACAATAAAAAGTTTCGACATACTGACTAACTTTCCTCTCTCCCACTAT
7,5,2,ATACAAAAAAAGGCAGGAACGTATTTACTGGGTTAAGTATAATCATCCTGCTATTCATCACCAAAACCGCACATTATCCTTCCCTTCCCCGGCAGCGGGCGTTATGGTCAGAAGGTTTTGGCAACAAATCTCACAATAAAAAGTTTCGACATACTGACTAAGGGCATGGGGTTCGACTGT
3,3,0,ATACAAAAAAAGGCAGGAACGTATTTACTGGGTTAAGTATAATCATCCTGCTATTCATCACCAAAACCGCACATTATCCTTCCCTTCCCCGGCAGCGGGCGTTATGGTCAGAAGGTTTTGGCAACAAATCTCACAATAAAAAGTTTCGACATACTGACTACCTAAGTTCATTAATTATTT
1,1,0,ATACAAAAAAAGGCAGGAACGTATTTACTGGGTTAAGTATAATCATCCTGCTATTCATCACCAAAACCGCACATTATCCTTCCCTTCCCCGGCAGCGGGCGTTATGGTCAGAAGGTTTTGGCAACAAATCTCACAATAAAAAGTTTCGACATACTGACTACTACATGCCTGAGGGACTAG
3,0,3,ATACAAAAAAAGGCAGGAACGTATTTACTGGGTTAAGTATAATCATCCTGCTATTCATCACCAAAACCGCACATTATCCTTCCCTTCCCCGGCAGCGGGCGTTATGGTCAGAAGGTTTTGGCAACAAATCTCACAATAAAAAGTTTCGACATACTGACTACTCATATATGGTTGCACCCT
3,3,0,ATACAAAAAAAGGCAGGAACGTATTTACTGGGTTAAGTATAATCATCCTGCTATTCATCACCAAAACCGCACATTATCCTTCCCTTCCCCGGCAGCGGGCGTTATGGTCAGAAGGTTTTGGCAACAAATCTCACAATAAAAAGTTTCGACATACTGACTACTGCGAAGACGCGTTTCCCG
11,11,0,ATACAAAAAAAGGCAGGAACGTATTTACTGGGTTAAGTATAATCATCCTGCTATTCATCACCAAAACCGCACATTATCCTTCCCTTCCCCGGCAGCGGGCGTTATGGTCAGAAGGTTTTGGCAACAAATCTCACAATAAAAAGTTTCGACATACTGACTAGAACATTCATGTGGTGGCAA
7,1,6,ATACAAAAAAAGGCAGGAACGTATTTACTGGGTTAAGTATAATCATCCTGCTATTCATCACCAAAACCGCACATTATCCTTCCCTTCCCCGGCAGCGGGCGTTATGGTCAGAAGGTTTTGGCAACAAATCTCACAATAAAAAGTTTCGACATACTGACTAGCGCGTTCTCGGGTTGTCTT
18,14,4,ATACAAAAAAAGGCAGGAACGTATTTACTGGGTTAAGTATAATCATCCTGCTATTCATCACCAAAACCGCACATTATCCTTCCCTTCCCCGGCAGCGGGCGTTATGGTCAGAAGGTTTTGGCAACAAATCTCACAATAAAAAGTTTCGACATACTGACTAGTCAACTGATTTGTGGATGA
2,2,0,ATACAAAAAAAGGCAGGAACGTATTTACTGGGTTAAGTATAATCATCCTGCTATTCATCACCAAAACCGCACATTATCCTTCCCTTCCCCGGCAGCGGGCGTTATGGTCAGAAGGTTTTGGCAACAAATCTCACAATAAAAAGTTTCGACATACTGACTATGTATAACATTTGAAATCGA
13,0,13,ATACAAAAAAAGGCAGGAACGTATTTACTGGGTTAAGTATAATCATCCTGCTATTCATCACCAAAACCGCACATTATCCTTCCCTTCCCCGGCAGCGGGCGTTATGGTCATAAGGTTTTGGCAACAAATCTCACAATAAAAAGTTTCGACATACTGACTAGCAGATTTACTTTGATCAAG
2,2,0,ATACAAAAAAAGGCAGGAACGTATTTACTGGGTTAGATATAACCTTCCTGCTTTTCATCACAAAAACCGCAGATAATCCTACCTTTCCCCGGCAACTGTCGTTATGGTCAGATGTTTTTTGCAACAAATCTCCCAATAAAAAGTTTCAACATACTGACAAAATATGGAGGCTATTAGCGA
1,1,0,ATACAAAAAAAGGCAGGAACGTATTTACTGGGTTAGATATAACCTTCCTGCTTTTCATCACAAAAACCGCAGATAATCCTACCTTTCCCCGGCAACTGTCGTTATGGTCAGATGTTTTTTGCAACAAATCTCCCAATAAAAAGTTTCAACATACTGACAAAGTAGTTTATTACACAACAC
15,14,1,ATACAAAAAAAGGCAGGAACGTATTTACTGGGTTAGATATAACCTTCCTGCTTTTCATCACAAAAACCGCAGATAATCCTACCTTTCCCCGGCAACTGTCGTTATGGTCAGATGTTTTTTGCAACAAATCTCCCAATAAAAAGTTTCAACATACTGACAACACCATGCAGGATTTAGTGC
3,3,0,ATACAAAAAAAGGCAGGAACGTATTTACTGGGTTAGATATAACCTTCCTGCTTTTCATCACAAAAACCGCAGATAATCCTACCTTTCCCCGGCAACTGTCGTTATGGTCAGATGTTTTTTGCAACAAATCTCCCAATAAAAAGTTTCAACATACTGACAACTCTGGGTTACGGACGACTA
1,0,1,ATACAAAAAAAGGCAGGAACGTATTTACTGGGTTAGATATAACCTTCCTGCTTTTCATCACAAAAACCGCAGATAATCCTACCTTTCCCCGGCAACTGTCGTTATGGTCAGATGTTTTTTGCAACAAATCTCCCAATAAAAAGTTTCAACATACTGACAAGACTCATACCGGGACCCCTG
6,2,4,ATACAAAAAAAGGCAGGAACGTATTTACTGGGTTAGATATAACCTTCCTGCTTTTCATCACAAAAACCGCAGATAATCCTACCTTTCCCCGGCAACTGTCGTTATGGTCAGATGTTTTTTGCAACAAATCTCCCAATAAAAAGTTTCAACATACTGACAAGGCAAAAGCCGAATCTAATG
7,5,2,ATACAAAAAAAGGCAGGAACGTATTTACTGGGTTAGATATAACCTTCCTGCTTTTCATCACAAAAACCGCAGATAATCCTACCTTTCCCCGGCAACTGTCGTTATGGTCAGATGTTTTTTGCAACAAATCTCCCAATAAAAAGTTTCAACATACTGACAAGGTTTAATTACCACAACTCA
3,0,3,ATACAAAAAAAGGCAGGAACGTATTTACTGGGTTAGATATAACCTTCCTGCTTTTCATCACAAAAACCGCAGATAATCCTACCTTTCCCCGGCAACTGTCGTTATGGTCAGATGTTTTTTGCAACAAATCTCCCAATAAAAAGTTTCAACATACTGACAATCCATCATCGTTCCGGTATC
13,5,8,ATACAAAAAAAGGCAGGAACGTATTTACTGGGTTAGATATAACCTTCCTGCTTTTCATCACAAAAACCGCAGATAATCCTACCTTTCCCCGGCAACTGTCGTTATGGTCAGATGTTTTTTGCAACAAATCTCCCAATAAAAAGTTTCAACATACTGACAATGATGTACCTCTTATGTCCC
9,9,0,ATACAAAAAAAGGCAGGAACGTATTTACTGGGTTAGATATAACCTTCCTGCTTTTCATCACAAAAACCGCAGATAATCCTACCTTTCCCCGGCAACTGTCGTTATGGTCAGATGTTTTTTGCAACAAATCTCCCAATAAAAAGTTTCAACATACTGACAATTCCCAGTGGTTCTTTCGAA
1,1,0,ATACAAAAAAAGGCAGGAACGTATTTACTGGGTTAGATATAATCATCCTGCTTTTCATCACGAAACGCGAAGATAATCCTTCCTTTCACCGGCCGCCGGCGTTATGGACAGATGGTGTTTGCATAAAAACTCACAATAAAAAGTTTCGATATACTGGCTAAAGGAGGAAGTGCTCATATT
10,2,8,ATACAAAAAAAGGCAGGAACGTATTTACTGGGTTAGATATAATCATCCTGCTTTTCATCACGAAACGCGAAGATAATCCTTCCTTTCACCGGCCGCCGGCGTTATGGACAGATGGTGTTTGCATAAAAACTCACAATAAAAAGTTTCGATATACTGGCTAACCACAGAGAAGGTTTTACA
2,1,1,ATACAAAAAAAGGCAGGAACGTATTTACTGGGTTAGATATAATCATCCTGCTTTTCATCACGAAACGCGAAGATAATCCTTCCTTTCACCGGCCGCCGGCGTTATGGACAGATGGTGTTTGCATAAAAACTCACAATAAAAAGTTTCGATATACTGGCTAGCAAAACGTTCTCGGGGTGG
6,1,5,ATACAAAAAAAGGCAGGAACGTATTTACTGGGTTAGATATAATCATCCTGCTTTTCATCACGAAACGCGAAGATAATCCTTCCTTTCACCGGCCGCCGGCGTTATGGACAGATGGTGTTTGCATAAAAACTCACAATAAAAAGTTTCGATATACTGGCTAGGTACTCAGACTTAGAGACA
2,2,0,ATACAAAAAAAGGCAGGAACGTATTTACTTGGTTAGATATAATCATCCTGCTTTTCATCACGAAACGCGAAGATAATCCTTCCTTTCACCGGCCGCCGGCGTTATGGACAGATGGTGTTTGCATAAAAACTCACAATAAAAAGTTTCGATATACTGGCTACGGCGTTGTGTACTGCACAT
7,7,0,ATACAAAAAAAGGCAGGAACGTATTTATTGGGTTAAATTTAATCATCCTGCTTTTCATAACAAAAACCGCAGTTAATCATTACTTTCCCCGGCAGCTGCCGTTATGGTCAGATCGTTTTTGCAACAAATCTCACAATAAAAAGTTACAGCATACTGACTAATGAGCTTACATCTGTTGTT
2,2,0,ATACAAAAAAAGGCAGGAACGTATTTATTGGGTTAAATTTAATCATCCTGCTTTTCATAACAAAAACCGCAGTTAATCATTACTTTCCCCGGCAGCTGCCGTTATGGTCAGATCGTTTTTGCAACAAATCTCACAATAAAAAGTTACAGCATACTGACTACTGTTAACAATGATATACGG
7,7,0,ATACAAAAAAAGGCAGGAACGTATTTATTGGGTTAAATTTAATCATCCTGCTTTTCATAACAAAAACCGCAGTTAATCATTACTTTCCCCGGCAGCTGCCGTTATGGTCAGATCGTTTTTGCAACAAATCTCACAATAAAAAGTTACAGCATACTGACTAGTAGCCATTTGCGAGGCGGT
5,5,0,ATACAAAAAAAGGCAGGAACGTATTTATTGGGTTAAATTTAATCATCCTGCTTTTCATAACAAAAACCGCAGTTAATCATTACTTTCCCCGGCAGCTGCCGTTATGGTCAGATCGTTTTTGCAACAAATCTCACAATAAAAAGTTACAGCATACTGACTATAGTAATTGGCAGCGACCTG
5,5,0,ATACAAAAAAAGGCAGGAACGTATTTATTGGGTTAAATTTAATCATCCTGCTTTTCATAACAAAAACCGCAGTTAATCATTACTTTCCCCGGCAGCTGCCGTTATGGTCAGATCGTTTTTGCAACAAATCTCACAATAAAAAGTTACAGCATACTGACTATATTAACGTTGAGATGTATC
6,0,6,ATACAAAAAAAGGCAGGAACGTATTTTATGGGTTAAATATAATCATACTGTTTTTCATCACAAAAACCGAAGATAATCCTTCCTATCTCCGGCAGGTGGTGTTATGGTCATAAGGTTTTTGCAACAAATCGCACAATAGAAAGCTTCAACCTACTGACTAATGGCGGGTCCTGTCAGCTA
24,0,24,ATACAAAAAAAGGCAGGAACGTATTTTATGGGTTAAATATAATCATACTGTTTTTCATCACAAAAACCGAAGATAATCCTTCCTATCTCCGGCAGGTGGTGTTATGGTCATAAGGTTTTTGCAACAAATCGCACAATAGAAAGCTTCAACCTACTGACTAGCTTTTGCGGTCGGCGCTCG
10,0,10,ATACAAAAAAAGGCAGGAACGTATTTTATGGGTTAAATATAATCATACTGTTTTTCATCACAAAAACCGAAGATAATCCTTCCTATCTCCGGCAGGTGGTGTTATGGTCATAAGGTTTTTGCAACAAATCGCACAATAGAAAGCTTCAACCTACTGACTATGCGATACTTTTGGAATGCA
33,2,31,ATACAAAAAAAGGCAGGAACGTATTTTATGGGTTAAATATAATCATACTGTTTTTCATCACAAAAACCGAAGATAATCCTTCCTATCTCCGGCAGGTGGTGTTATGGTCATAAGGTTTTTGCAACAAATCGCACAATAGAAAGCTTCAACCTACTGACTATGTTCACCGATCCCCAAGTC
38,6,32,ATACAAAAAAAGGCAGGAATGTATTTACTGGGTTAGATATAATCATCCTGCTTTTCATCACAAAAACCGCAGATAATCCTTCCTTTCCCCGTCAGATGGCGTTATGGTCAGATGGTTATTGCAACAAATCTCACATTAAACAGTTCCAAGATACTGACTAGATACCTCATCCGGTCGGGG
9,6,3,ATACAAAAAAAGGCAGGACCGAATATACTAGGTGAAATCGAATCATCCTGCTTTACGTCACAAAAACCGCAGATGATCCTACCTTTCCCCGGCAGCGGGCGTTATGGTCAGATGGTTTTTGCAACAAATCCCACAATTAAAAGTTTCAACATACTTAGTAAATGTACGTAGCTCTCTAAA
3,1,2,ATACAAAAAAAGGCAGGACCGAATATACTAGGTGAAATCGAATCATCCTGCTTTACGTCACAAAAACCGCAGATGATCCTACCTTTCCCCGGCAGCGGGCGTTATGGTCAGATGGTTTTTGCAACAAATCCCACAATTAAAAGTTTCAACATACTTAGTAAATTCTTTGGTTGGTAAGGG
23,13,10,ATACAAAAAAAGGCAGGACCGAATATACTAGGTGAAATCGAATCATCCTGCTTTACGTCACAAAAACCGCAGATGATCCTACCTTTCCCCGGCAGCGGGCGTTATGGTCAGATGGTTTTTGCAACAAATCCCACAATTAAAAGTTTCAACATACTTAGTAAGTTCGTGTCCTCCAGTGCA
42,7,35,ATACAAAAAAAGGCAGGACCGAATATACTAGGTGAAATCGAATCATCCTGCTTTACGTCACAAAAACCGCAGATGATCCTACCTTTCCCCGGCAGCGGGCGTTATGGTCAGATGGTTTTTGCAACAAATCCCACAATTAAAAGTTTCAACATACTTAGTAGCGGTACAAAGGCTTTTGAG
10,2,8,ATACAAAAAAAGGCAGGACCGAATATACTAGGTGAAATCGAATCATCCTGCTTTACGTCACAAAAACCGCAGATGATCCTACCTTTCCCCGGCAGCGGGCGTTATGGTCAGATGGTTTTTGCAACAAATCCCACAATTAAAAGTTTCAACATACTTAGTATGGTGTGGAAAACAGGTTCA
2,0,2,ATACAAAAAAAGGCAGGCACGTATTTGCTGGGATGAATGTGATCATCCTGCTTTTAATCACAGAAACCGCAGATAATCCTTCCTTTCGCCGGCAGCTGGCGTTATGGTCAGATGGTTTTTGCAACCAATCTCACAATAAAAAGTTTCAACATACTGACTAAGGGACTACCCACAGTTGGT
3,1,2,ATACAAAAAAAGGCAGGCACGTATTTGCTGGGATGAATGTGATCATCCTGCTTTTAATCACAGAAACCGCAGATAATCCTTCCTTTCGCCGGCAGCTGGCGTTATGGTCAGATGGTTTTTGCAACCAATCTCACAATAAAAAGTTTCAACATACTGACTAATGTGTTTCCAAACTTATAC
5,1,4,ATACAAAAAAAGGCAGGCACGTATTTGCTGGGATGAATGTGATCATCCTGCTTTTAATCACAGAAACCGCAGATAATCCTTCCTTTCGCCGGCAGCTGGCGTTATGGTCAGATGGTTTTTGCAACCAATCTCACAATAAAAAGTTTCAACATACTGACTAGAATACTAGTGCCTTTCAGA
9,3,6,ATACAAAAAAAGGCAGGCACGTATTTGCTGGGATGAATGTGATCATCCTGCTTTTAATCACAGAAACCGCAGATAATCCTTCCTTTCGCCGGCAGCTGGCGTTATGGTCAGATGGTTTTTGCAACCAATCTCACAATAAAAAGTTTCAACATACTGACTAGTAGATACGTTTAAAAGTTG
36,7,29,ATACAAAAAAAGGCAGGCACGTATTTGCTGGGATGAATGTGATCATCCTGCTTTTAATCACAGAAACCGCAGATAATCCTTCCTTTCGCCGGCAGCTGGCGTTATGGTCAGATGGTTTTTGCAACCAATCTCACAATAAAAAGTTTCAACATACTGACTATCAGCTAGTGCTGGAGACTG
3,3,0,ATACAAAAAAAGGCAGGCACGTATTTGCTGGGATGAATGTGATCATCCTGCTTTTAATCACAGAAACCGCAGATAATCCTTCCTTTCGCCGGCAGCTGGCGTTATGGTCAGATGGTTTTTGCAACCAATCTCACAATAAAAAGTTTCAACATACTGACTATCGCCTATGTGTACCTTTAT
1,0,1,ATACAAAAAAAGGCAGGCACGTATTTGCTGGGATGAATGTGATCATCCTGCTTTTAATCACAGAAACCGCAGATAATCCTTCCTTTCGCCGGCAGCTGGCGTTATGGTCAGATGGTTTTTGCAACCAATCTCACAATAAAAAGTTTCAACATACTGACTATGTGTGCATACGCGTGTAAT
3,2,1,ATACAAAAAAAGGCAGTAACGTATTTTTTAGATTTACTATAATCATCCTGCTTTTCATCTCAAAAACCCCAGATAATCTTTCCTTTCCCCGGCAGCTGGCGTTATGTTCAGATGGATTTTGCAACAAATCTCACAGTAAAAAGTTTCAACATACTGACTGCGTGTCGGTACATTGAGCGG
2,0,2,ATACAAAAAAAGGCAGTAACGTATTTTTTGGGTTTACTATAATCATCCTGCTTTTCATCTCAAAAACCCCAGATAATCTTTCCTTTCCCCGGCAGCTGGCGTTATGTTCAGATGGATTTTGCAACAAATCTCACAGTAAAAAGTTTCAACATACTGACTGTTCTTTTCGGGCCCGCATGC
4,4,0,ATACAAAAAAAGGCAGTAACGTGTCTACTGGGTTAAATATAATCATCCTGCTTTTCATCACATAAACCGCAGATGATCCTTTCTTTCCCCGGCAGCTGGCGTTATGGTCATGTGGTTTTTCCAACAAATCTCACGATAAATAGTTTCATAATGCTGATTATAGGCCGTATCAACTTATGA
5,4,1,ATACAAAAAAAGGCCGAAACGTATTTCCTGGGTTAAATATACTCGTCTTTCTTTTCATCACAAAAACCGCAGTTAATCCTTCCTTTGGCTGGCAGCAGGCGGTATGCTCAGATGGTTTTCGCAATAAATCTCACAATAACAAGTCTTAACTTACTCAGTACATTTACTCAGGCATTACAC
2,2,0,ATACAAAAAAAGGCCGGAACGTATTTCCTGGGTTAAATATACTCGTCTTTCTTTTCATCACAAAAACCGCAGTTAATCCTTCCTTTGGCTGGCAGCAGGCGGTATGCTCAGATGGTTTTCGCAATAAATCTCACAATAACAAGTCTTAACTTACTCAGTAACGCAGCGGCGGAATCCGTA
8,6,2,ATACAAAAAAAGGCCGGAACGTATTTCCTGGGTTAAATATACTCGTCTTTCTTTTCATCACAAAAACCGCAGTTAATCCTTCCTTTGGCTGGCAGCAGGCGGTATGCTCAGATGGTTTTCGCAATAAATCTCACAATAACAAGTCTTAACTTACTCAGTAAGCTGCATTGGTGGAGGGGA
6,1,5,ATACAAAAAAAGGCCGGAACGTATTTCCTGGGTTAAATATACTCGTCTTTCTTTTCATCACAAAAACCGCAGTTAATCCTTCCTTTGTCTGGCAGCAGGCGGTATGCTCAGATGGTTTTCGCAATAAATCTCACAATAACAAGTCTTAACTTACTCAGTACTAGACGCACCAAGATCTTC
5,5,0,ATACAAAAAAAGTCAGAAACGACTTTGCTGAGTGAAATATAATCATACTGCTTATCATGACAAAAAGCGCAGATAATCCTTCCTTTCCCCGGCAGCTGGCGCTATGGTCAGTCGGCTTTTGCACCCAATCTCACAATCACGAGTCTCAAGATACTGACTAAATTACTGGTCATATGACCG
1,1,0,ATACAAAAAAAGTCAGAAACGACTTTGCTGAGTGAAATATAATCATACTGCTTATCATGACAAAAAGCGCAGATAATCCTTCCTTTCCCCGGCAGCTGGCGCTATGGTCAGTCGGCTTTTGCACCCAATCTCACAATCACGAGTCTCAAGATACTGACTAAGACTCTTAAGATATTCAAA
4,4,0,ATACAAAAAAAGTCAGAAACGACTTTGCTGAGTGAAATATAATCATACTGCTTATCATGACAAAAAGCGCAGATAATCCTTCCTTTCCCCGGCAGCTGGCGCTATGGTCAGTCGGCTTTTGCACCCAATCTCACAATCACGAGTCTCAAGATACTGACTAGATATTCCCGGGGTTGCAAG
13,11,2,ATACAAAAAAAGTCAGAAACGACTTTGCTGAGTGAAATATAATCATACTGCTTATCATGACAAAAAGCGCAGATAATCCTTCCTTTCCCCGGCAGCTGGCGCTATGGTCAGTCGGCTTTTGCACCCAATCTCACAATCACGAGTCTCAAGATACTGACTATGACTTCAGTTTCTATTCGA
30,8,22,ATACAAAAAAAGTCAGGAACGCATCTACTGGGTTAGGTATAATCATCCTGCTTTTCATCACTAAAACCGCAGATAATCCTTCCTTTCCCCGGCAGCTGGCGTTAAAGTCAGATGGTTTTTGCACCAAAGCTCAGAATAAAAAGTTTCAACTTACAGACTAACAATGAGGACACTAAACTG
2,2,0,ATACAAAAAAAGTCAGGAACGCATCTACTGGGTTAGGTATAATCATCCTGCTTTTCATCACTAAAACCGCAGATAATCCTTCCTTTCCCCGGCAGCTGGCGTTAAAGTCAGATGGTTTTTGCACCAAAGCTCAGAATAAAAAGTTTCAACTTACAGACTATTTACCCGTGAATGTTAGGG
1,1,0,ATACAAAAAAAGTCAGGAACGTAATAACTGGGTTAAACATAATCATCCTGCTTTTCATCACAAAAACCGCAGAGAGTCCTTCCTTTCTCTGGCAGCTGGCGTTATGGTCAGTGGTTTTTTGCAACAAATCTCACAAGAAAAAGTTTCCACATACTGACTCCAGTAAGATAAAGTTGGGCC
3,0,3,ATACAAAAAAAGTCAGGAACGTAATAACTGGGTTAAACATAATCATCCTGCTTTTCATCACAAAAACCGCAGAGAGTCCTTCCTTTCTCTGGCAGCTGGCGTTATGGTCAGTGGTTTTTTGCAACAAATCTCACAAGAAAAAGTTTCCACATACTGACTCCGGTACGCTGGGCTGTATTC
3,1,2,ATACAAAAAAAGTCAGGAACGTAATAACTGGGTTAAACATAATCATCCTGCTTTTCATCACAAAAACCGCAGAGAGTCCTTCCTTTCTCTGGCAGCTGGCGTTATGGTCAGTGGTTTTTTGCAACAAATCTCACAAGAAAAAGTTTCCACATACTGACTCCTAAGGTATCAGATTACAAG
4,2,2,ATACAAAAAAAGTCAGGAACGTAATAACTGGGTTAAACATAATCATCCTGCTTTTCATCACAAAAACCGCAGAGAGTCCTTCCTTTCTCTGGCAGCTGGCGTTATGGTCAGTGGTTTTTTGCAACAAATCTCACAAGAAAAAGTTTCCACATACTGACTCGTCACACTGTGTGACATGAG
1,1,0,ATACAAAAAAAGTCAGGAACGTAATAACTGGGTTAAACATAATCATCCTGCTTTTCATCACAAAAACCGCAGAGAGTCCTTCCTTTCTCTGGCAGCTGGCGTTATGGTCAGTGGTTTTTTGCAACAAATCTCACAAGAAAAAGTTTCCACATACTGACTCGTCCAGGCAACCGATTGATT
3,2,1,ATACAAAAAAAGTCAGGAACGTAATAACTGGGTTAAACATAATCATCCTGCTTTTCATCACAAAAACCGCAGAGAGTCCTTCCTTTCTCTGGCAGCTGGCGTTATGGTCAGTGGTTTTTTGCAACAAATCTCACAAGAAAAAGTTTCCACATACTGACTCTGTTTGTTGAGGGGTAGGCT
12,3,9,ATACAAAAAAAGTCAGGAACGTATTTACTGAGTTAAATATAATGATCCTGCTTTTCATCACAAAAACCGCAAACAAACCTTCCTTTCCCCCGCAGCTGGCGTTATGGTCAGATTGTTTTTGCAACAACTCTCACATTAGAATGTTTCACCCGACTGACGAAAACAGTTGCTCAGCGTGTT
34,3,31,ATACAAAAAAAGTCAGGAACGTATTTACTGAGTTAAATATAATGATCCTGCTTTTCATCACAAAAACCGCAAACAAACCTTCCTTTCCCCCGCAGCTGGCGTTATGGTCAGATTGTTTTTGCAACAACTCTCACATTAGAATGTTTCACCCGACTGACGACATGAATGTAGTAAGACTTA
9,0,9,ATACAAAAAAAGTCAGGAACGTATTTACTGGATTAAATATAATCATCCGGCTTTTCATCACAAAAATCGCAGAGAATCCTTCCTTCCCCCGGTAGCTGGCGTTATAGTCAGAAGGTCTTAGCAACAAACCTCACAATAAACAGTTTCAACATACTGCCTAGCTGTAAGCCTTATTGTTGC
26,3,23,ATACAAAAAAAGTCAGGAACGTATTTACTGGGTTAAATATAATCATCCGGCTTTTCATCACAAAAATCGCAGAGAATCCTTCCTTCCCCCGGTAGCTGGCGTTATAGTCAGAAGGTCTTAGCAACAAACCTCACAATAAACAGTTTCAACATACTGCCTACTCACATCGGGCGGACCACA
63,10,53,ATACAAAAAAAGTCAGGAACGTATTTACTGGGTTAAATATAATCATCCGGCTTTTCATCACAAAAATCGCAGAGAATCCTTCCTTCCCCCGGTAGCTGGCGTTATAGTCAGAAGGTCTTAGCAACAAACCTCACAATAAACAGTTTCAACATACTGCCTATGCACCAAAGCTGAACTTGA
5,1,4,ATACAAAAAAAGTCAGGAACGTATTTACTGGGTTAAATATAATCATCCGGCTTTTCATCACAAAAATCGCAGAGACTCCTTCCTTCCCCCGGTAGCTGGCGTTATAGTCAGAAGGTCTTAGCAACAAACCTCACAATAAACAGTTTCAACATACTGCCTAGTTCGGAGGGGATCTGTACA
7,5,2,ATACAAAAAAAGTCAGGAACGTATTTACTGGGTTAAATATAATCATCCTGCTTTTCAACACAAATACCACAGATAATCCTTCCTTTCCCCGGCGGCTGGCGTTATGGTCAGATGGTTTTTGCCACGAATCTCACAATATACAGTTGCGACATACTGACTAACTTAATGCTGATGGGGGAA
7,6,1,ATACAAAAAAAGTCAGGAACGTATTTACTGGGTTAAATATAATCATCCTGCTTTTCAACACAAATACCACAGATAATCCTTCCTTTCCCCGGCGGCTGGCGTTATGGTCAGATGGTTTTTGCCACGAATCTCACAATATACAGTTGCGACATACTGACTAATAGCCAAAATTGCCAGATC
7,7,0,ATACAAAAAAAGTCAGGAACGTATTTACTGGGTTAAATATAATCATCCTGCTTTTCAACACAAATACCACAGATAATCCTTCCTTTCCCCGGCGGCTGGCGTTATGGTCAGATGGTTTTTGCCACGAATCTCACAATATACAGTTGCGACATACTGACTACGCCCGTTACACTTCGTGCA
2,2,0,ATACAAAAAAAGTCAGGAACGTATTTACTGGGTTAAATATAATCATCCTGCTTTTCAACACAAATACCACAGATAATCCTTCCTTTCCCCGGCGGCTGGCGTTATGGTCAGATGGTTTTTGCCACGAATCTCACAATATACAGTTGCGACATACTGACTACTATCACGCAGGCGCTTCTA
2,0,2,ATACAAAAAAAGTCAGGAACGTATTTACTGGGTTAAATATAATCATCCTGCTTTTCAACACAAATACCACAGATAATCCTTCCTTTCCCCGGCGGCTGGCGTTATGGTCAGATGGTTTTTGCCACGAATCTCACAATATACAGTTGCGACATACTGACTATCACGAGTGCGTTACCATGT
1,1,0,ATACAAAAAAAGTCAGGAACGTATTTACTGGGTTAAATATAATCATCCTGCTTTTCAACACAAATACCACAGATAATCCTTCCTTTCCCCGGCGGCTGGCGTTATGGTCAGATGGTTTTTGCCACGAATCTCACAATATACAGTTGCGACATACTGACTATTTGTGATACAAATGCTGAC
1,1,0,ATACAAAAAAAGTCAGGAACGTATTTGCTGAGTTAAATATTAAGATCCTGCGTTTCATCACAATAACCGCAGATTATACTTCCATTCCCCGGAAGCTGGGGTTTTTGTCAGAAGGTTTTTGCGACAATTCTCACAATCAAGCGTTTCTACTTTCTGACTAAAATAGACTCTCTTTTAGGC
8,8,0,ATACAAAAAAAGTCAGGAACGTATTTGCTGAGTTAAATATTAAGATCCTGCGTTTCATCACAATAACCGCAGATTATACTTCCATTCCCCGGAAGCTGGGGTTTTTGTCAGAAGGTTTTTGCGACAATTCTCACAATCAAGCGTTTCTACTTTCTGACTAAGATCAAAAGCTTCAGTTGT
3,3,0,ATACAAAAAAAGTCAGGAACGTATTTGCTGAGTTAAATATTAAGATCCTGCGTTTCATCACAATAACCGCAGATTATACTTCCATTCCCCGGAAGCTGGGGTTTTTGTCAGAAGGTTTTTGCGACAATTCTCACAATCAAGCGTTTCTACTTTCTGACTAAGGTCCATTGTGCTTGAGTG
3,3,0,ATACAAAAAAAGTCAGGAACGTATTTGCTGAGTTAAATATTAAGATCCTGCGTTTCATCACAATAACCGCAGATTATACTTCCATTCCCCGGAAGCTGGGGTTTTTGTCAGAAGGTTTTTGCGACAATTCTCACAATCAAGCGTTTCTACTTTCTGACTACCGTTTTCTGGTCTAGCTAC
7,7,0,ATACAAAAAAAGTCAGGAACGTATTTGCTGAGTTAAATATTAAGATCCTGCGTTTCATCACAATAACCGCAGATTATACTTCCATTCCCCGGAAGCTGGGGTTTTTGTCAGAAGGTTTTTGCGACAATTCTCACAATCAAGCGTTTCTACTTTCTGACTACGATAGGCCGTGCTTGTGGA
1,1,0,ATACAAAAAAAGTCAGGAACGTATTTGCTGAGTTAAATATTAAGATCCTGCGTTTCATCACAATAACCGCAGATTATACTTCCATTCCCCGGAAGCTGGGGTTTTTGTCAGAAGGTTTTTGCGACAATTCTCACAATCAAGCGTTTCTACTTTCTGACTAGATGATACAGAGAAGTTGAT
16,11,5,ATACAAAAAAAGTCAGGAACGTTTTTACTGGGTTAAATATAATCTACATGTTTGTCATCACAAATGCCGCAGAACATCCTTCCTTTCCCCGGCAGTTGGCGTTATGGTCAGACGGTTTTTGCAACAAACCTCCCAATAAAAAGTTTCAACATACTGACTACCCTTTCATTTCCGGGGCCA
2,0,2,ATACAAAAAAAGTCAGTAACGTATTTACTGGGTTAAATGTAATCATCGGGCTTGTCATCACAAAAACCGCAGATAATCCTTCCGTTCCCCGGCAGCTGTCGTTATGTTCTGATGGTTTTTGCATAGATTCACAGAGTAGAGAGTTTAAGCAAACTGGCTACAACTTAGCATTGATAAAGA
3,2,1,ATACAAAAAAAGTCAGTAACGTATTTACTGGGTTAAATGTAATCATCGGGCTTGTCATCACAAAAACCGCAGATAATCCTTCCGTTCCCCGGCAGCTGTCGTTATGTTCTGATGGTTTTTGCATAGATTCACAGAGTAGAGAGTTTAAGCAAACTGGCTACATATAATATCACTCGCTCA
5,0,5,ATACAAAAAAAGTCAGTAACGTATTTACTGGGTTAAATGTAATCATCGGGCTTGTCATCACAAAAACCGCAGATAATCCTTCCGTTCCCCGGCAGCTGTCGTTATGTTCTGATGGTTTTTGCATAGATTCACAGAGTAGAGAGTTTAAGCAAACTGGCTACATGGACTGTGACAAATCAG
39,11,28,ATACAAAAAAAGTCAGTAACGTATTTACTGGGTTAAATGTAATCATCGGGCTTGTCATCACAAAAACCGCAGATAATCCTTCCGTTCCCCGGCAGCTGTCGTTATGTTCTGATGGTTTTTGCATAGATTCACAGAGTAGAGAGTTTAAGCAAACTGGCTATACCGGCGGGTCGCATTCTA
3,0,3,ATACAAAAAAAGTCAGTAACGTATTTACTGGGTTAAATGTAATCATCGGGCTTGTCATCACAAAAACCGCAGATAATCCTTCCGTTCCCCGGCAGCTGTCGTTATGTTCTGATGGTTTTTGCATAGATTCACAGAGTAGAGAGTTTAAGCAAACTGGCTATCTCGCCGACTTCAGACGGG
3,0,3,ATACAAAAAAAGTCAGTAACGTATTTACTGGGTTAAATGTAATCATCGGGCTTGTCATCACAAAAACCGCAGATAATCCTTCCGTTCCCCGGCAGCTGTCGTTATGTTCTGATGGTTTTTGCATAGATTCACAGAGTAGAGAGTTTAAGCAAACTGTCTATGTTTCCCGTTCGATAGGTA
4,4,0,ATACAAAAAAAGTCAGTAACGTCTTTACTGGCTTAGAGATAATCAGCCTGCTTTACACTACAAAAACCGTAGATAATCCCGCCTTCCCCCGGCAGACGGCGTTACGGCCAGATGGATTTTGCAACAAATATCACAATAAAAAGATTCAACATACTCAGTACGCCAGACTAGTGTAGGGCA
10,10,0,ATACAAAAAAAGTCAGTAACGTCTTTACTGGCTTAGAGATAATCAGCCTGCTTTACACTACAAAAACCGTAGATAATCCCGCCTTCCCCCGGCAGACGGCGTTACGGCCAGATGGATTTTGCAACAAATATCACAATAAAAAGATTCAACATACTCAGTAGAAGACTGTATAGGCAACAT
2,2,0,ATACAAAAAAAGTCAGTAACGTCTTTACTGGCTTAGAGATAATCAGCCTGCTTTACACTACAAAAACCGTAGATAATCCCGCCTTCCCCCGGCAGACGGCGTTACGGCCAGATGGATTTTGCAACAAATATCACAATAAAAAGATTCAACATACTCAGTAGATAAACAGCTTTCGCGTTA
6,5,1,ATACAAAAAAAGTCCGGAGTGTATTTACTGGGTTAAATATAATCATCATGCTTTTCATAACAAAAAGCGCAGATAATGCTGCCCTTCCCCGGCACCTGGCGTTATAGTCAGATGGTCTTTGCAACACATCTCACAATAAAAAGTTTAAACATACTGCCTAGTCCTGTCTTGATACAGGTT
2,2,0,ATACAAAAAAAGTCCGGAGTGTATTTACTGGGTTAAATATAATCATCATGCTTTTCATAACAAAAAGCGCAGATAATGCTGCCCTTCCCCGGCACCTGGCGTTATAGTCAGATGGTCTTTGCAACACATCTCACAATAAAAAGTTTAAACATACTGCCTATACTTCATAATCGTTCGATA
9,2,7,ATACAAAAAAAGTTAGGCACGTATTTACTGGGTTAATTCTAATCATCTTGCTTTTCCTCACAAAAACCGCAGACGATCCTTCCATTCCCCGGCAGCTGGCCTTATGGTCAGATGGTTACTACAACAGATCTCAGTATAAAAAGTTTCAAAGTACTGACTACAGCGACGCAAAGTGCTCAC
33,8,25,ATACAAAAAAAGTTAGGCACGTATTTACTGGGTTAATTCTAATCATCTTGCTTTTCCTCACAAAAACCGCAGACGATCCTTCCATTCCCCGGCAGCTGGCCTTATGGTCAGATGGTTACTGCAACAGATCTCAGTATAAAAAGTTTCAAAGTACTGACTACAGTCTCTTCAATATGGTGG
4,0,4,ATACAAAAAAAGTTAGGCACGTATTTACTGGGTTAATTCTAATCATCTTGCTTTTCCTCACAAAAACCGCAGACGATCCTTCCATTCCCCGGCAGCTGGCCTTATGGTCAGATGGTTACTGCAACAGATCTCAGTATAAAAAGTTTCAAAGTACTGACTACTCATTCCCTCCCGGGGGGA
22,3,19,ATACAAAAAAAGTTAGGCACGTATTTACTGGGTTAATTCTAATCATCTTGCTTTTCCTCACAAAAACCGCAGACGATCCTTCCATTCCCCGGCAGCTGGCCTTATGGTCAGATGGTTACTGCAACAGATCTCAGTATAAAAAGTTTCAAAGTACTGACTAGCCATTTGTTGGACTCAACC
6,0,6,ATACAAAAAAAGTTAGGCACGTATTTACTGGGTTAATTCTAATCATCTTGCTTTTCCTCACAAAAACCGCAGACGATCCTTCCATTCCCCGGCAGCTGGCCTTATGGTCAGATGGTTACTGCAACAGATCTCAGTATAAAAAGTTTCAAAGTACTGACTATTCTAACCGATGTGCGTTTG
7,7,0,ATACAAAAAAATAAAGGACGGTATTTACTGGGTGAAAACTAATCATCCTGCTTTTCATCACAAAACCCGCAGATAATCGATCCTTTCCCCGGCAGTTGACGTTATGGAATGATGGTTGTCGCAACAAATGACACAATATAAAGTTTCAACATACGGACTAATCTTCGTGCACGTTGAGCT
3,3,0,ATACAAAAAAATAAAGGACGGTATTTACTGGGTGAAAACTAATCATCCTGCTTTTCATCACAAAACCCGCAGATAATCGATCCTTTCCCCGGCAGTTGACGTTATGGAATGATGGTTGTCGCAACAAATGACACAATATAAAGTTTCAACATACGGACTAGCTTTCTAGTTGGTCTTTAC
7,5,2,ATACAAAAAAATAAAGGACGGTATTTACTGGGTGAAAACTAATCATCCTGCTTTTCATCACAAAACCCGCAGATAATCGATCCTTTCCCCGGCAGTTGACGTTATGGAATGATGGTTGTCGCAACAAATGACACAATATAAAGTTTCAACATACGGACTAGGTACTAAAGATTGACAGGA
9,7,2,ATACAAAAAAATAAAGGACGGTATTTACTGGGTGAAAACTAATCATCCTGCTTTTCATCACAAAACCCGCAGATAATCGATCCTTTCCCCGGCAGTTGACGTTATGGAATGATGGTTGTCGCAACAAATGACACAATATAAAGTTTCAACATACGGACTATGCTGCTCTTTAGGTAACCC
101,2,99,ATACAAAAAAATACAGGAACGTATTTTCTGGGTTAAACATCATCATCGTGCTTTTCATCAGAAAAACCGCAGATAATGCTTCCTTTCCCCGGCATCTGGCGTTATAGTCAGATGGTTTTTGCAACAAACCTCACAATAAAAAGTTTGAACATACTGACTAAGGAGAATTCGCAAGTGTTG
31,5,26,ATACAAAAAAATACAGGAACGTATTTTCTGGGTTAAACATCATCATCGTGCTTTTCATCAGAAAAACCGCAGATAATGCTTCCTTTCCCCGGCATCTGGCGTTATAGTCAGATGGTTTTTGCAACAAACCTCACAATAAAAAGTTTGAACATACTGACTAATTTGTTGCTCCTAGCGACG
29,2,27,ATACAAAAAAATACAGGAACGTATTTTCTGGGTTAAACATCATCATCGTGCTTTTCATCAGAAAAACCGCAGATAATGCTTCCTTTCCCCGGCATCTGGCGTTATAGTCAGATGGTTTTTGCAACAAACCTCACAATAAAAAGTTTGAACATACTGACTAGTGGAGAATGCTCGTCATAT
67,9,58,ATACAAAAAAATACAGGAACGTATTTTCTGGGTTAAACATCATCATCGTGCTTTTCATCAGAAAAACCGCAGATAATGCTTCCTTTCCCCGGCATCTGGCGTTATAGTCAGATGGTTTTTGCAACAAACCTCACAATAAAAAGTTTGAACATACTGACTATAGCTAGGGCCCCTACGATG
128,3,125,ATACAAAAAAATACAGGAACGTGGTAACTCGGTTATATATAAACATCCTGCTTTTCATCACAAAAACCCCAGATAATCCTTCCTTTCCCCGGCAGCTGGTGGTATGATCAGATGGGTTTTGCAACAAATCTCATAATAATAAGTTTCAACATACTGACTACTTCATGGAAGGCAATCGTT
1,1,0,ATACAAAAAAATACAGTAACGTATTTACTGGGTTAAATGTTATCATCCTGCTTTTCAACAAAAACTTCGCAGGTAATCCTTCCTTTCGCCGGCTGCTGGCGTTATGGTCAGATGGTTTTTGCAACAATTCTCACAATAAAAAGTTTCAACATACTGACTAAGCGGATCGTCATCTCATGT
5,1,4,ATACAAAAAAATACAGTAACGTATTTACTGGGTTAAATGTTATCATCCTGCTTTTCAACAAAAACTTCGCAGGTAATCCTTCCTTTCGCCGGCTGCTGGCGTTATGGTCAGATGGTTTTTGCAACAATTCTCACAATAAAAAGTTTCAACATACTGACTAGACTGTAGCGTTCGACCCAT
2,2,0,ATACAAAAAAATACAGTAACGTATTTACTGGGTTAAATGTTATCATCCTGCTTTTCAACAAAAACTTCGCAGGTAATCCTTCCTTTCGCCGGCTGCTGGCGTTATGGTCAGATGGTTTTTGCAACAATTCTCACAATAAAAAGTTTCAACATACTGACTATCTCATAGACCCTATGGTTC
1,0,1,ATACAAAAAAATACGGGCATGTGGTTACTGGGTATAATATAATGATCCTGCTATTCATCACAAAACCCGCAGATACTCCTTCCTTTCCCCGGCAGCTGGTGTTAAGGGCATATGGTCTTTGTAACAAATCTCACAACAAAAATTTTCAAAATACTCACTATACATCAAATAGCAGTCCTA
5,2,3,ATACAAAAAAATACGGGCATGTGGTTACTGGGTATAATATAATGATCCTGCTATTCATCACAAAACCCGCAGATACTCCTTCCTTTCCCCGGCAGCTGGTGTTAAGGGCATATGGTCTTTGTAACAAATCTCACAACAAAAATTTTCAAAATACTGACTAATAGCTCGGGTTATCGGGGC
3,2,1,ATACAAAAAAATACGGGCATGTGGTTACTGGGTATAATATAATGATCCTGCTATTCATCACAAAACCCGCAGATACTCCTTCCTTTCCCCGGCAGCTGGTGTTAAGGGCATATGGTCTTTGTAACAAATCTCACAACAAAAATTTTCAAAATACTGACTACTGGAGAGTCCCGTCGTCGC
4,4,0,ATACAAAAAAATATAGGAACGTAGTTACTGGGGTGAATATAATCATACTTTTTTTCATCACAAAAACCTTAGATAATCCTTTCTTGCCCCGGGAGCTGGAGTTATGGTCAGACGGTTTTTGCCACAAATCTCACAATAAGATGTTTCAACACACTGACTAGATGATTGGCTCATTACTCG
4,4,0,ATACAAAAAAATATAGGAACGTAGTTACTGGGGTGAATATAATCATACTTTTTTTCATCACAAAAACCTTAGATAATCCTTTCTTGCCCCGGGAGCTGGAGTTATGGTCAGACGGTTTTTGCCACAAATCTCACAATAAGATGTTTCAACACACTGACTATGAAGAACTCTCATGATTAC
36,1,35,ATACAAAAAAATATCGGAACGTATTTACTGGGTTAAATATAATCATCCTGCTTTTGCTAACCAAAACCGCAGGTAATCCTTCCTTTCCCCGCCAGCTGGTGTTATAGTAACAAAGTTTTAGCAACAAATCTCACAATAAAAAGTTTCAACATACTGACTACTGATCATGGGCTTTTAGTC
22,2,20,ATACAAAAAAATATCGGAACGTATTTACTGGGTTAAATATAATCATCCTGCTTTTGCTAACCAAAACCGCAGGTAATCCTTCCTTTCCCCGCCAGCTGGTGTTATAGTAACAAAGTTTTAGCAACAAATCTCACAATAAAAAGTTTCAACATACTGACTACTGCTTTGGTGTGTGCTGTC
6,1,5,ATACAAAAAAATATCGGAACGTATTTACTGGGTTAAATATAATCATCCTGCTTTTGCTAACCAAAACCGCAGGTAATCCTTCCTTTCCCCGCCAGCTGGTGTTATAGTAACAAAGTTTTAGCAACAAATCTCACAATAAAAAGTTTCAACATACTGACTAGGTGTGCACCTTTGGCGATT
2,0,2,ATACAAAAAAATATCGGAACGTATTTACTGGGTTAAATATAATCATCCTGCTTTTGCTAACCAAAACCGCAGGTAATCCTTCCTTTCCCCGCCAGCTGGTGTTATAGTAACAAAGTTTTAGCAACAAATCTCACAATAAAAAGTTTCAACATACTGACTAGTCTCCGCTGCGTCTTTTCC
20,3,17,ATACAAAAAAATATCGGAACGTATTTACTGGGTTAAATATAATCATCCTGCTTTTGCTAACCAAAACCGCAGGTAATCCTTCCTTTCCCCGCCAGCTGGTGTTATAGTAACAAAGTTTTAGCAACAAATCTCACAATAAAAAGTTTCAACATACTGACTATTCGACAATCCAGGGGTTCA
1,1,0,ATACAAAAAAATCCAGGAACGTATTTACTGGGTAAAAGAAAATCATCCTGCTTTTCTTCACAAAAACCGCAGATAATCCATCCTTTCCCCGGCAGCTGGCGTTATGGTCAGATGGTTTATGCAACGAATCTCACAATAAAAGGTTTCAACTTACTGCCTAGGGGGGTATTCTCCTCTGCT
3,3,0,ATACAAAAAAATCCAGGAACGTATTTACTGGGTAAAAGAAAATCATCCTGCTTTTCTTCACAAAAACCGCAGATAATCCATCCTTTCCCCGGCAGCTGGCGTTATGGTCAGATGGTTTATGCAACGAATCTCACAATAAAAGGTTTCAACTTACTGCCTATCCTACTACTAGGAAAGGGC
16,2,14,ATACAAAAAAATGCAGGAACGTATTTTATGGGTTAAATATAATCATACTGTTTTTCATCACAAAAACCGAAGATAATCCTTCCTATCTCCGGCAGGTGGTGTTATGGTCATAAGGTTTTTGCAACAAATCGCACAATAGAAAGCTTCAACCTACTGACTATAGCAGAACCTCATCCGAAC
4,0,4,ATACAAAAAACAAAAGGAACCTATTTACTGGGTTAAACATAATCAACCTGCTTCTCATCACAAAAACCGCTGATATTCCTTCCTTTCCCCGGCAGCTGGCGTTATGGTCAGATGGTTTTTGTAACAACTCTCACAAGAAAAGGTTTCTACATACTGACCAATCAGATCGCGTTTGTTTTA
6,6,0,ATACAAAAAACAACAGGAACGAATTTACTGGGTTAAATAGAATCATCCTGCTTTACATCACAAAAAGCGCTGATAATCCTACCTTTTCACGGCAGCAGGCGTTTTGATCAGATGGTTTTTGAAACAAATCTCACCATAAAAAATTTCAACATACTGACTAAGTCGCGTTGTGTTATTGGG
3,3,0,ATACAAAAAACAACAGGAACGAATTTACTGGGTTAAATAGAATCATCCTGCTTTACATCACAAAAAGCGCTGATAATCCTACCTTTTCACGGCAGCAGGCGTTTTGATCAGATGGTTTTTGAAACAAATCTCACCATAAAAAATTTCAACATACTGACTATTCCCACTTTGTGAACCTGA
16,4,12,ATACAAAAAACGAAAGGAACCTATTTACTGGGTTAAACATAATCAACCTGCTTCTCATCACAAAAACCGCTGATATTCCTTCCTTTCCCCGGCAGCTGGCGTTATGGTCAGATGGTTTTTGTAACAACTCTCACAAGAAAAGGTTTCTACATACTGACCACGGACACGGTGCTACTGTGG
6,1,5,ATACAAAAAACGAAAGGAACCTATTTACTGGGTTAAACATAATCAACCTGCTTCTCATCACAAAAACCGCTGATATTCCTTCCTTTCCCCGGCAGCTGGCGTTATGGTCAGATGGTTTTTGTAACAACTCTCACAAGAAAAGGTTTCTACATACTGACCAGATTAGAGCCTCGCTGACTA
13,0,13,ATACAAAAAACGAAAGGAACCTATTTACTGGGTTAAACATAATCAACCTGCTTCTCATCACAAAAACCGCTGATATTCCTTCCTTTCCCCGGCAGCTGGCGTTATGGTCAGATGGTTTTTGTAACAACTCTCACAAGAAAAGGTTTCTACATACTGACCATGGAGTATACGGAGCTCAAA
3,2,1,ATACAAAAAACGAAAGGAACCTATTTACTGGGTTAAACATAATCAACCTGCTTCTCATCACAAAAACCGCTGATATTCCTTCCTTTCCCCGGTAGCTGGCGTTATGGTCAGATGGTTTTTGTAACAACTCTCACAAGAAAAGGTTTCTACATACTGACCAGCGCTGGTGAGTTCGGGATT
2,0,2,ATACAAAAAACGAAAGGAACCTATTTACTGGGTTAAACATAATCAACCTGCTTCTCATCACAAAAACCGCTGATATTCCTTCCTTTCCCCGGTAGCTGGCGTTATGGTCAGATGGTTTTTGTAACAACTCTCACAAGAAAAGGTTTCTACATACTGACCATGTACACGGTACTGTATTAC
12,12,0,ATACAAAAAACGAAAGGAACGTATGTACTGGGTTAAATATAATCATCCTGCTTTTCATCACTAAAACCGGAGATACTCCTTCTTTTCCCCGGCAGCTGGCGGTATGGTCAGTATATTTTTGCATCAAACCTCACAATAAATAGGTTCAACATACTGACTACTAGCAGGGCGTCCACTACC
22,20,2,ATACAAAAAACGAAAGGAACGTATGTACTGGGTTAAATATAATCATCCTGCTTTTCATCACTAAAACCGGAGATACTCCTTCTTTTCCCCGGCAGCTGGCGGTATGGTCAGTATGTTTTTGCATCAAACCTCACAATAAATAGGTTCAACATACTGACTACTACCAATCTCTTATTCAGG
11,4,7,ATACAAAAAACGACACGTACGTATTTACTGGGTTAAATATAATCATCCTGCTTTTCATCGCAAATATCGCAGATAATCCTTCCTTTCGCCCGCAGCTAGCGTTATGGTCAGATGGTTTTAGCAACAAATTACACAATAAAACGTTTCAACATACTGACTAATAGGGTTGGTGTCGTAAAG
17,3,14,ATACAAAAAACGACACGTACGTATTTACTGGGTTAAATATAATCATCCTGCTTTTCATCGCAAATATCGCAGATAATCCTTCCTTTCGCCCGCAGCTAGCGTTATGGTCAGATGGTTTTAGCAACAAATTACACAATAAAACGTTTCAACATACTGACTACGAGGCGGCACTTAGTCCGG
36,14,22,ATACAAAAAACGACACGTACGTATTTACTGGGTTAAATATAATCATCCTGCTTTTCATCGCAAATATCGCAGATAATCCTTCCTTTCGCCCGCAGCTAGCGTTATGGTCAGATGGTTTTAGCAACAAATTACACAATAAAACGTTTCAACATACTGACTACTTTCGTAAGCTTCAATGTA
7,2,5,ATACAAAAAACGACACGTACTTATTTACTGGGTTAAATATAATCATCCTGCTTTTCATCGCAAATATCGCAGATAATCCTTCCTTTCGCCCGCAGCTAGCGTTATGGTCAGATGGTTTTAGCAACAAATTACACAATAAAACGTTTCAACATACTGACTACAGGATGACCCTCAATTTTG
2,1,1,ATACAAAAAACGACAGGAACGTATGTACTCGGTTAAATATAATCATCCTACTTTTGAGCACAAAAACCGCAGATAATCCTTCCTTTTCCCAGCAGCTGGCTTTATGGTCAGATAGTCCTTGCAACAAATCTCACAATAAAAAGTTGCAACATAATGACTAATGAAATTAGCGGCATACCT
3,3,0,ATACAAAAAACGACAGGAACGTATGTACTCGGTTAAATATAATCATCCTACTTTTGAGCACAAAAACCGCAGATAATCCTTCCTTTTCCCAGCAGCTGGCTTTATGGTCAGATAGTCCTTGCAACAAATCTCACAATAAAAAGTTGCAACATAATGACTACGATAGTTTTACGTCTCGCT
1,1,0,ATACAAAAAACGACAGGAACGTATGTACTCGGTTAAATATAATCATCCTACTTTTGAGCACAAAAACCGCAGATAATCCTTCCTTTTCCCAGCAGCTGGCTTTATGGTCAGATAGTCCTTGCAACAAATCTCACAATAAAAAGTTGCAACATAATGACTAGTTCAGCGGGTATCAAAAGG
2,2,0,ATACAAAAAACGACAGGAACGTATGTACTCGGTTAAATATAATCATCCTACTTTTGAGCACAAAAACCGCAGATAATCCTTCCTTTTCCCAGCAGCTGGCTTTATGGTCAGATAGTCCTTGCAACAAATCTCACCATAAAAAGTTGCAACATAATGACTAGGTAGAGAGAAGCAGGTACT
3,3,0,ATACAAAAAACGACAGGAACGTATTTACTCGGTTAAATATAATCATCCTGCTTTTCATCACAACATCCGGACATAATCCTTTCTTTCCCCGGCAGCTGGCGTTATGGTCAGATGGTTTTTGCAACAAATCTCACCATTAAATGTTTCACCATACTGATTAATATTCTCATACATTTCGAG
8,6,2,ATACAAAAAACGACAGGAACGTATTTACTCGGTTAAATATAATCATCCTGCTTTTCATCACAACATCCGGACATAATCCTTTCTTTCCCCGGCAGCTGGCGTTATGGTCAGATGGTTTTTGCAACAAATCTCACCATTAAATGTTTCACCATACTGATTACAGGTTAGGAACTGGACAGT
1,0,1,ATACAAAAAACGACAGGAACGTATTTACTCGGTTAAATATAATCATCCTGCTTTTCATCACAACATCCGGACATAATCCTTTCTTTCCCCGGCAGCTGGCGTTATGGTCAGATGGTTTTTGCAACAAATCTCACCATTAAATGTTTCACCATACTGATTAGAGTTTTAACTTAGGGACCG
7,5,2,ATACAAAAAACGACAGGAACGTATTTACTGGGTAAAGTATAATCAGCGTGCTTTTCAGCACGAAAACCGCAAATAATCCTTCCTTTCCCCGGCAGATGGCGTTATGGTCAGATCAGTTTTGCAACAAATCTCACCATAAAAAGTTTCAACACACTGACCAACTTTTGAGAGCTGAATAGG
2,2,0,ATACAAAAAACGACAGGAACGTATTTACTGGGTAAAGTATAATCAGCGTGCTTTTCAGCACGAAAACCGCAAATAATCCTTCCTTTCCCCGGCAGATGGCGTTATGGTCAGATCAGTTTTGCAACAAATCTCACCATAAAAAGTTTCAACACACTGACCACGATCCTCGTATCCCTCACG
9,4,5,ATACAAAAAACGACAGGAACGTATTTACTGGGTAAAGTATAATCAGCGTGCTTTTCAGCACGAAAACCGCAAATAATCCTTCCTTTCCCCGGCAGATGGCGTTATGGTCAGATCAGTTTTGCAACAAATCTCACCATAAAAAGTTTCAACACACTGACCAGAGGAATATTCATGTCGCTG
17,6,11,ATACAAAAAACGACAGGAACGTATTTACTGGGTCAACTATAATCATCCTCGTTTTCATCACAAAAACCGCAGATGATGCTTCCTTTCCCCGGCAGCTAGCGTTATGGTCAATAGGTTTTTGCAACAAATCTCATAGTAAAAAGTTTCAACACACTGCCTAGTAATAGAGGAGGCCGCGCT
3,1,2,ATACAAAAAACGACAGGAACGTATTTACTGGGTCAAGTATAATCAGCGTGCTTTTCAGCACGAAAACCGCAAATAATCCTTCCTTTCCCCGGCAGATGGCGTTATGGTCAGATCAGTTTTGCAACAAATCTCACCATAAAAAGTTTCAACACACTGACCAGGAATGGCTTACCGCATCAA
55,4,51,ATACAAAAAACGACAGGATCGTATTTACTGGGTTAAATATAATCATCCTGCTTTACATCACAAAAACCGAAGATAATCCTTCCTTTCCGCGGCAGCTGGCGTTATGGTCAAGTGGTTTTTGCCACAAGTCGCACAATAAAAGCTTTAAACATACTGGCTATGGGGCGGGTGCAATCATGA
2,2,0,ATACAAAAAACGACAGTAACGTATTCACTGGGTTATATATAATCATCCCGCTTTTCATCAGAAATGCCGGAGATAAACCTGCCTTTCCCCGGCAGCTGCCATTATGGTCAGATGGTTTTTGCACCAAATCTCACAATAATAAGTTTCAACATACTGACTAATCCCTCGACTCGGAATAAT
4,4,0,ATACAAAAAACGACAGTAACGTATTCACTGGGTTATATATAATCATCCCGCTTTTCATCAGAAATGCCGGAGATAAACCTGCCTTTCCCCGGCAGCTGCCATTATGGTCAGATGGTTTTTGCACCAAATCTCACAATAATAAGTTTCAACATACTGACTACCCTAAAGGTTGAAGCGGTA
1,1,0,ATACAAAAAACGACAGTAACGTATTCACTGGGTTATATATAATCATCCCGCTTTTCATCAGAAATGCCGGAGATAAACCTGCCTTTCCCCGGCAGCTGCCATTATGGTCAGATGGTTTTTGCACCAAATCTCACAATAATAAGTTTCAACATACTGACTAGCACTGCGCGATGAATCCGT
5,5,0,ATACAAAAAACGACAGTAACGTATTCACTGGGTTATATATAATCATCCCGCTTTTCATCAGAAATGCCGGAGATAAACCTGCCTTTCCCCGGCAGCTGCCATTATGGTCAGATGGTTTTTGCACCAAATCTCACAATAATAAGTTTCAACATACTGACTAGGTGCTCGAGCTTATCCTCC
6,6,0,ATACAAAAAACGACAGTAACGTATTCACTGGGTTATATATAATCATCCCGCTTTTCATCAGAAATGCCGGAGATAAACCTGCCTTTCCCCGGCAGCTGCCATTATGGTCAGATGGTTTTTGCACCAAATCTCACAATAATAAGTTTCAACATACTGACTATGTTAGAACCCGCTTCTACC
1,1,0,ATACAAAAAACGAGAGGAAAGTCTGGACTGGGTTAAATTTAATCATTCTGCTTTTCATCACAAAAACCGCAGATAATCCTACCTTTCCCCGGCAGCTGGCGTTGCGGTCAGATGGTTTTTGCAACTAATCTCACAACAATAAGTTTCAACTCACTGACTAAAAGAGGTTTGGGACTACGC
37,28,9,ATACAAAAAACGAGAGGAAAGTCTGGACTGGGTTAAATTTAATCATTCTGCTTTTCATCACAAAAACCGCAGATAATCCTACCTTTCCCCGGCAGCTGGCGTTGCGGTCAGATGGTTTTTGCAACTAATCTCACAACAATAAGTTTCAACTCACTGACTAATCGAATAGCTCAAACGGGC
6,6,0,ATACAAAAAACGAGAGGAAAGTCTGGACTGGGTTAAATTTAATCATTCTGCTTTTCATCACAAAAACCGCAGATAATCCTACCTTTCCCCGGCAGCTGGCGTTGCGGTCAGATGGTTTTTGCAACTAATCTCACAACAATAAGTTTCAACTCACTGACTACATGCAACGTGCCCCGCTAA
2,2,0,ATACAAAAAACGAGAGGAAAGTCTGGACTGGGTTAAATTTAATCATTCTGCTTTTCATCACAAAAACCGCAGATAATCCTACCTTTCCCCGGCAGCTGGCGTTGCGGTCAGATGGTTTTTGCAACTAATCTCACAACAATAAGTTTCAACTCACTGACTACCGACTAATGGTTTCATGCT
10,6,4,ATACAAAAAACGAGAGGAAAGTCTGGACTGGGTTAAATTTAATCATTCTGCTTTTCATCACAAAAACCGCAGATAATCCTACCTTTCCCCGGCAGCTGGCGTTGCGGTCAGATGGTTTTTGCAACTAATCTCACAACAATAAGTTTCAACTCACTGACTAGATCTCCGATGGGAGGAGCA
8,8,0,ATACAAAAAACGAGAGGAAAGTCTGGACTGGGTTAAATTTAATCATTCTGCTTTTCATCACAAAAACCGCAGATAATCCTACCTTTCCCCGGCAGCTGGCGTTGCGGTCAGATGGTTTTTGCAACTAATCTCACAACAATAAGTTTCAACTCACTGACTAGCCTGCATCTATCAACTACA
12,7,5,ATACAAAAAACGAGAGGAAAGTCTGGACTGGGTTAAATTTAATCATTCTGCTTTTCATCACAAAAACCGCAGATAATCCTACCTTTCCCCGGCAGCTGGCGTTGCGGTCAGATGGTTTTTGCAACTAATCTCACAACAATAAGTTTCAACTCACTGACTATAGTTGGGGGGTACAATCTC
7,7,0,ATACAAAAAACGAGAGGAAAGTCTGGACTGGGTTAAATTTAATCATTCTGCTTTTCATCACAAAAACCGCAGATAATCCTACCTTTCCCCGGCAGCTGGCGTTGCGGTCAGATGGTTTTTGCAACTAATCTCACAACAATAAGTTTCAACTCACTGACTATCACCACTCAAAGCAGCATG
11,11,0,ATACAAAAAACGAGAGGAAAGTCTGGACTGGGTTAAATTTAATCATTCTGCTTTTCATCACAAAAACCGCAGATAATCCTACCTTTCCCCGGCAGCTGGCGTTGCGGTCAGATGGTTTTTGCAACTAATCTCACAACAATAAGTTTCAACTCACTGACTATGCAACTAACATGGTTTAGG
1,0,1,ATACAAAAAACTAAAGGAACCTATTTACTGGGTTAAACATAATCAACCTGCTTCTCATCACAAAAACCGCTGATATTCCTTCCTTTCCCCGGCAGCTGGCGTTATGGTCAGATGGTTTTTGTAACAACTCTCACAAGAAAAGGTTTCTACATACTGACCAGCCCAGGTACCGATCTCTCT
9,7,2,ATACAAAAAAGACCGGAACGTATAATACTGGGTTAAATATAATCCTACTCCTTTTCAACACAAAAACCGCAGATAATCCTTCCTTTCACCGGCAGCTGGCGTTATGGTCTGCTGGTTTTTGCAACCATTCTCAGAATAAAAAGTATAAAATTACTGCCTAAACCACGGCAGCGTAGTTTA
25,10,15,ATACAAAAAAGCACAGGAAGGTATTTACTGGGTTAGATATTATCATCCCGCTTTTCATCACATAAACCGCAGATATTCCTTCCTTTCCACGGCAGCTGGCGTTATGCTCAGATGGTTTTTGCAACAGATCCCACATTAAAACGTTACAAGACACTGACTAGATTTACTCCAATATGTTGC
5,2,3,ATACAAAAAAGGAAAGGAACGTAATTACTAGGTTAAATATAATCATCCTGTGTTTCATCACAAAAACCGCAGATACTCCTCCCTTGACCCGACAGGTGGCGTTATGGTCAGATGCTTATTGCACCAAATTACACAATAAAAAGTTTCAACAGACTGACTAGCGATAAGGCAATCGTCAAA
3,3,0,ATACAAAAAAGGAAAGGAACGTAATTACTAGGTTAAATATAATCATCCTGTGTTTCATCACAAAAACCGCAGATACTCCTCCCTTGACCCGACAGGTGGCGTTATGGTCAGATGCTTATTGCACCAAATTACACAATAAAAAGTTTCAACAGACTGACTATAACAACTGCATCCAGTTTG
2,2,0,ATACAAAAAAGGAAAGGAACGTAATTACTAGGTTAAATATAATCATCCTGTTTTCATCACCAAAAACCGCAGATACTCCTCCCTTGACCCGACAGGTGGCGTTATGGTCAGATGCTTATTGCACCAAATTACACAATAAAAAGTTTCAACAGACTGACTACGATGCTGGTTACTTGGAAC
10,4,6,ATACAAAAAAGGACAATAATGTATTTAGTCGGTTTAATATAATCATCCTTCTTTTCATCACGAAAACCGCAGATAATCCTTCCTTTCCCCGGCAGCTGGCGTTAAGGTCAGATGTTTTTTGCAAGAAATCTCACAATAACAGGTAGCAACATCCTGACAAGTCTTTTGTCTCGGCGGCTA
19,12,7,ATACAAAAAAGGACAGGAACGTATTGACAGGGTCAAATATAATCGTCCTGCTTTTCATCACAAAAACCGCAGATACTCGTTCCTTTCCCCGGCTGCTAGCGTTATGGTCTTACGGTTTTAGCAACAACTCTCTCAACAAAAAGTTTCAACCTACTGACTAAAAGGGTGTCACGTTAGTGA
10,10,0,ATACAAAAAAGGACAGGAACGTATTGACAGGGTCAAATATAATCGTCCTGCTTTTCATCACAAAAACCGCAGATACTCGTTCCTTTCCCCGGCTGCTAGCGTTATGGTCTTACGGTTTTAGCAACAACTCTCTCAACAAAAAGTTTCAACCTACTGACTAATATCGAATTCATGCAAGGG
13,12,1,ATACAAAAAAGGACAGGAACGTATTGACAGGGTCAAATATAATCGTCCTGCTTTTCATCACAAAAACCGCAGATACTCGTTCCTTTCCCCGGCTGCTAGCGTTATGGTCTTACGGTTTTAGCAACAACTCTCTCAACAAAAAGTTTCAACCTACTGACTACAGTAATCACTAGCATAGGA
2,2,0,ATACAAAAAAGGACAGGAACGTATTGACAGGGTCAAATATAATCGTCCTGCTTTTCATCACAAAAACCGCAGATACTCGTTCCTTTCCCCGGCTGCTAGCGTTATGGTCTTACGGTTTTAGCAACAACTCTCTCAACAAAAAGTTTCAACCTACTGACTAGATATCGTTTAGAAGGGGAA
4,2,2,ATACAAAAAAGGACAGGAACGTATTGACAGGGTCAAATATAATCGTCCTGCTTTTCATCACAAAAACCGCAGATACTCGTTCCTTTCCCCGGCTGCTAGCGTTATGGTCTTACGGTTTTAGCAACAACTCTCTCAACAAAAAGTTTCAACCTACTGACTAGTTTGCCCAGTGTCGGAAGT
6,6,0,ATACAAAAAAGGACAGGAACGTATTTAATTCGTTAAATAGAATCGTTCAGCTTTTTATCAAAAAAACCGCAGATAATACTGCATTTCCACGGCAGCTGGCGTTACGGTCAGATTGTTTTCGCAACATATCTCACAAAAAAAAGTTTCAACATATTGACTAAGACCTTGCCTAACCGTTTA
15,13,2,ATACAAAAAAGGACAGGAACGTATTTAATTCGTTAAATAGAATCGTTCAGCTTTTTATCAAAAAAACCGCAGATAATACTGCATTTCCACGGCAGCTGGCGTTACGGTCAGATTGTTTTCGCAACATATCTCACAAAAAAAAGTTTCAACATATTGACTATGGTAGGTTCACGCGCCACG
8,8,0,ATACAAAAAAGGACAGGAACGTATTTACTGGGTTAAATATACTCATCCTGCTTATCATTACAAAAACCGCAGTTAATCGTTACATTCCCCGGCAGGTGGCGTTATGTTCAGATGGTTTGTGCAGCAAATCTCACAAATAAAAGTTACAACATTCTGACTAACTGCGTACCACCGTTTCAC
3,3,0,ATACAAAAAAGGACAGGATCGTATTTACTGGGTTAAATCTAATTATCCAGCTTTTCATCACAAGAACGGCAGATAATGCTACCTTTCCCCGGCAGCTGGAGATATTGTCAGATGGGTTTTGCAACAAATCTCACAATAAAAAGTATCAACATACTGACTACATGGTTAAACATAAAATTG
2,2,0,ATACAAAAAAGGACAGGATCGTATTTACTGGGTTAAATCTAATTATCCAGCTTTTCATCACAAGAACGGCAGATAATGCTACCTTTCCCCGGCAGCTGGAGATATTGTCAGATGGGTTTTGCAACAAATCTCACAATAAAAAGTATCAACATACTGACTACCCTCCACAAGTCTTCAAAG
4,0,4,ATACAAAAAAGGACAGGATCGTATTTACTGGGTTAAATCTAATTATCCAGCTTTTCATCACAAGAACGGCAGATAATGCTACCTTTCCCCGGCAGCTGGAGATATTGTCAGATGGGTTTTGCAACAAATCTCACAATAAAAAGTATCAACATACTGACTAGACTCTGGAAAATTCCTGTG
4,3,1,ATACAAAAAAGGACAGGATCGTATTTACTGGGTTAAATCTAATTATCCAGCTTTTCATCACAAGAACGGCAGATAATGCTACCTTTCCCCGGCAGCTGGAGATATTGTCAGATGGGTTTTGCAACAAATCTCACAATAAAAAGTATCAACATACTGACTAGTGACTCCGGCGTCGTCGTC
8,6,2,ATACAAAAAAGGACAGGATCGTATTTACTGGGTTAAATCTAATTATCCAGCTTTTCATCACAAGAACGGCAGATAATGCTACCTTTCCCCGGCAGCTGGAGATATTGTCAGATGGGTTTTGCAACAAATCTCACAATAAAAAGTATCAACATACTGACTATACAGGCTCTCCGTATTCGG
11,7,4,ATACAAAAAAGGACAGGATCGTATTTACTGGGTTAAATCTAATTATCCAGCTTTTCATCACAAGAACGGCAGATAATGCTACCTTTCCCCGGCAGCTGGAGATATTGTCAGATGGGTTTTGCAACAAATCTCACAATAAAAAGTATCAACATACTGACTATGGGATAGACACGCAGAGAA
9,7,2,ATACAAAAAAGGAGAGCAACGTATTTACTGGGATAAATGTAATAATCCTGCTTATCATCACAACAACCGCAGATAATCCTTCCTTTACCCGGCAGCTGGCGTTAGGGTCATGTGGTTTTTGCAACAAATCTCATAATACAAATTGTCAACATACTGACTACGCGGGCACGCTACTAGATA
2,2,0,ATACAAAAAAGGATAGGTATGTATTTACTGGGTTAAATATATTCATCCTGCTTTTGATCACAAAAAACGCAGATAATCCTTCCTTTCCCCGGCGGCTGGGGTAATGGTCAGATGGTTTTTACAACAAACCTCACAATAAAAAGTTTCAACATACAGAAAACTTGATCGGCGCTACGTTTT
9,9,0,ATACAAAAAAGGATAGGTATGTATTTACTGGGTTAAATATATTCATCCTGCTTTTGATCACAAAAAACGCAGATAATCCTTCCTTTCCCCGGCGGCTGGGGTAATGGTCAGATGGTTTTTACAACAAACCTCACAATAAAAAGTTTCAACATACAGAAAAGGGCACCTTAGACCTCGGCT
12,2,10,ATACAAAAAAGGCCAGGAAAGTATTTATTGGGTTAAATATAATTAGCCTGCTTTTCATCACAAAAACCGCAGAGAATCCTTCCATTCCCCGGCAGCTGGCGTTATGGTCAGATGGTTTTAGCAACAAATCTCACCATAAAAAGTATCAACATGCTGCCGAAGAGCGGCCCAGTTGTCCAG
29,4,25,ATACAAAAAAGGGCAGGAACGTATTTACTGGGTGAGATATAATCATCTTGCTTTCCATCACATAAACCGCAGATAATCCTTCCTTTCCCCGGCAGCTGGCGTTATTGTCAGATGGTTTTTGCAACAACTCTCACATTAAAAAGTTACAACATACTGACTATGCAACCGTGGCATCGCATG
6,0,6,ATACAAAAAAGGGCAGGAACGTATTTACTGGGTGAGATATAATCATCTTGCTTTCCATCACATAAACCGCAGATAATCCTTCCTTTCCCCGGCAGCTGGCGTTATTGTCAGATGGTTTTTGCAACAACTCTCACATTAAAAAGTTTCAACATAATGACTAAGCCGAGCTTAAACGATACA
15,4,11,ATACAAAAAAGGGCAGGAACGTATTTACTGGGTGAGATATAATCATCTTGCTTTCCATCACATAAACCGCAGATAATCCTTCCTTTCCCCGGCAGCTGGCGTTATTGTCAGATGGTTTTTGCAACAACTCTCACATTAAAAAGTTTCAACATAATGACTACCCATCTGGGTGTTCTTCAA
84,23,61,ATACAAAAAAGGGCAGGAACGTATTTACTGGGTGAGATATAATCATCTTGCTTTCCATCACATAAACCGCAGATAATCCTTCCTTTCCCCGGCAGCTGGCGTTATTGTCAGATGGTTTTTGCAACAACTCTCACATTAAAAAGTTTCAACATAATGACTACGCGTACCAAGGTACCACCA
1,1,0,ATACAAAAAAGGGCAGGAACGTATTTACTGGGTGAGATATAATCATCTTGCTTTCCATCACATAAACCGCAGATAATCCTTCCTTTCCCCGGCAGCTGGCGTTATTGTCAGATGGTTTTTGCAACAACTCTCACATTAAAAAGTTTCAACATAATGACTAGAGCTTTAGACCCTCAATAG
16,1,15,ATACAAAAAAGGGCAGGAACGTATTTACTGGGTGAGATATAATCATCTTGCTTTCCATCACATAAACCGCAGATAATCCTTCCTTTCCCCGGCAGCTGGCGTTATTGTCAGATGGTTTTTGCAACAACTCTCACATTAAAAAGTTTCAACATAATGACTAGGTAACTTTTTTTCGCAGTC
4,1,3,ATACAAAAAAGGGCAGGAACGTATTTACTGGGTGAGATATAATCATCTTGCTTTCCATCACATAAACCGCAGATAATCCTTCCTTTCCCCGGCAGCTGGCGTTATTGTCAGATGGTTTTTGCAACAACTCTCACATTAAAAAGTTTCAACATAATGACTAGTCTAATATGCAAAAGAACA
17,5,12,ATACAAAAAAGGGCAGGAACGTATTTACTGGGTGAGATATAATCATCTTGCTTTCCATCACATAAACCGCAGATAATCCTTCCTTTCCCCGGCAGCTGGCGTTATTGTCAGATGGTTTTTGCAACAACTCTCACATTAAAAAGTTTCAACATAATGACTATTTCCCCCCATTTGCACCTC
8,6,2,ATACAAAAAAGGGCAGGAACGTATTTTCTGGGTTATATATAATCATTCTGCTTCTCATCACAAAAACCGCAGATAATCCTTCCTTTCCCCGGCCGCTAGCGTTATGGTCAGATGTTTTTTGCAACAAATCTCACAATAAAAAGTTTCAACATACTGACTATGCCAGAGATTTACAAGTAT
3,1,2,ATACAAAAAAGGGCAGGAACGTATTTTCTGGGTTATATATAATCATTCTGCTTCTCATCACAAAAACCGCAGATAATCCTTCCTTTCCCCGGCCGCTGGCGTTATGGTCAGATGTTTTTTGCAACAAATCTCACAATAAAAAGTTTCAACATACTGACTAAGAAATCTCGCGTTGTGTAG
7,1,6,ATACAAAAAAGGGCAGGAACGTATTTTCTGGGTTATATATAATCATTCTGCTTCTCATCACAAAAACCGCAGATAATCCTTCCTTTCCCCGGCCGCTGGCGTTATGGTCAGATGTTTTTTGCAACAAATCTCACAATAAAAAGTTTCAACATACTGACTAGGCTTATAAAAGATCCCTGG
10,6,4,ATACAAAAAAGGTCAGGAACCTATTTACTGGGTTAAATATAATCACCCGGCTTTTCATCACAAAAACCGCAGATAATCCTCCCTTTCCCTGGCAGCTGGCGTCATTGTCAAATGGTTTTCGCAACAAATCTTACAATAAAATGTTTCAACATACTGACTAAGATTACTTAGTCCTACGCA
5,5,0,ATACAAAAAAGGTCAGGAACCTATTTACTGGGTTAAATATAATCACCCGGCTTTTCATCACAAAAACCGCAGATAATCCTCCCTTTCCCTGGCAGCTGGCGTCATTGTCAAATGGTTTTCGCAACAAATCTTACAATAAAATGTTTCAACATACTGACTAATAAAGGTAATTGATGATCT
9,9,0,ATACAAAAAAGGTCAGGAACCTATTTACTGGGTTAAATATAATCACCCGGCTTTTCATCACAAAAACCGCAGATAATCCTCCCTTTCCCTGGCAGCTGGCGTCATTGTCAAATGGTTTTCGCAACAAATCTTACAATAAAATGTTTCAACATACTGACTACTCAGGCGATCCTATTCGGA
6,6,0,ATACAAAAAAGGTCAGGAACCTATTTACTGGGTTAAATATAATCACCCGGCTTTTCATCACAAAAACCGCAGATAATCCTCCCTTTCCCTGGCAGCTGGCGTCATTGTCAAATGGTTTTCGCAACAAATCTTACAATAAAATGTTTCAACATACTGACTACTGAAGAACTGCAATTCATA
11,11,0,ATACAAAAAAGGTCAGGAACCTATTTACTGGGTTAAATATAATCACCCGGCTTTTCATCACAAAAACCGCAGATAATCCTCCCTTTCCCTGGCAGCTGGCGTCATTGTCAAATGGTTTTCGCAACAAATCTTACAATAAAATGTTTCAACATACTGACTATCTGAGGTAGGATCTATTTC
1,1,0,ATACAAAAAAGGTCAGGAACCTATTTACTGGGTTAAATATAATCACCCGGCTTTTCATCGCAAAAACCGCAGATAATCCTCCCTTTCCCTGGCAGCTGGCGTCATTGTCAAATGGTTTTCGCAACAAATCTTACAATAAAATGTTTCAACATACTGACTACGTCATGACGACCACAGTCA
8,8,0,ATACAAAAAAGGTCAGGAACGTAGGTACTGGGTTAAATATAGTCATCCTGCTCTCCATCAAAAAAACCGCAGATAATCCCTCCTTTCCCCAGCAGCTGGCGTTATGGTCAGATGGTTTTTGCAACAAATCTCACAATAAAATGTTGCAACATACTGACTAGAAAGATCGATCAAATATGA
1,1,0,ATACAAAAAAGGTCAGGAACGTAGGTACTGGGTTAAATATAGTCATCCTGCTCTCCATCAAAAAAACCGCAGATAATCCCTCCTTTCCCCAGCAGCTGGCGTTATGGTCAGATGGTTTTTGCAACAAATCTCACAATAAAATGTTGCAACATACTGACTATGTCATAATAACACCAGCCG
6,6,0,ATACAAAAAAGGTCAGGAACGTAGGTACTGGGTTAAATATAGTCATCCTGCTCTCCATCAAAAAAACCGCAGATAATCCCTCCTTTCCCCAGCAGCTGGCGTTATGGTCAGATGGTTTTTGCAACAAATCTCACAATAAAATGTTGCCACATACTGACTAAAACTTTGGTTACAAGAGTG
1,1,0,ATACAAAAAAGGTCAGGAACGTAGGTACTGGGTTAAATATAGTCATCCTGCTCTCCATCAAAAAAACCGCCGATAATCCCTCCTTTCCCCAGCAGCTGGCGTTATGGTCAGATGGTTTTTGCAACAAATCTCACAATAAAATGTTGCAACATACTGACTAAAAGAAAGGATTGGGTTTAG
69,6,63,ATACAAAAAAGTACAGGTACGTATCTACTGTGTTCAATCTAATCACCCTGTTTTTCTTCACAAACACCGCAGATAATCCTTGCTTTCCGCGGTATCTGGCATTATATTCCGATGGATTTTTCAACAAATCTCACAATAAAAAGATTCAACATACTGACTACGCCACTTTGACGGGCCTAG
24,0,24,ATACAAAAAAGTACAGGTACGTATCTACTGTGTTCAATCTAATCACCCTGTTTTTCTTCACAAACACCGCAGATAATCCTTGCTTTCCGCGGTATCTGGCATTATATTCCGATGGATTTTTCCACAAATCTCACAATAAAAAGATTCAACATACTGACTACGTACTCGCTGTCACTCAAA
1,0,1,ATACAAAAAATATGAGGAACGTATTTAGTGGGTTAAATATAATCATCCTGCTTTTCATTAAAAAACCCACAGATAATCCTTCCTTTCCCCGGCAGCTGGCGTTATCCTCAGATGGTTTTTGCAGCAGATCTCAAAATAAAAAGTTCCTACATACTGATGAAAGAGTCCGAGCGAGTTACT
10,3,7,ATACAAAAAATATGAGGAACGTATTTAGTGGGTTAAATATAATCATCCTGCTTTTCATTAAAAAACCCACAGATAATCCTTCCTTTCCCCGGCAGCTGGCGTTATCCTCAGATGGTTTTTGCAGCAGATCTCAAAATAAAAAGTTCCTACATACTGATGAATGACCTACAGTTTCTCGGG
7,2,5,ATACAAAAAATATGAGGAACGTATTTAGTGGGTTAAATATAATCATCCTGCTTTTCATTAAAAAACCCACAGATAATCCTTCCTTTCCCCGGCAGCTGGCGTTATCCTCAGATGGTTTTTGCAGCAGATCTCAAAATAAAAAGTTCCTACATACTGATGACAGAACCTGGGCAGCGGTAG
6,0,6,ATACAAAAAATATGAGGAACGTATTTAGTGGGTTAAATATAATCATCCTGCTTTTCATTAAAAAACCCACAGATAATCCTTCCTTTCCCCGGCAGCTGGCGTTATCCTCAGATGGTTTTTGCAGCAGATCTCAAAATAAAAAGTTCCTACATACTGATGACATACTAGAGGGTGTAGCCG
28,11,17,ATACAAAAAATATGAGGAACGTATTTAGTGGGTTAAATATAATCATCCTGCTTTTCATTAAAAAACCCACAGATAATCCTTCCTTTCCCCGGCAGCTGGCGTTATCCTCAGATGGTTTTTGCAGCAGATCTCAAAATAAAAAGTTCCTACATACTGATGACGACACCTGGCTTTGATGCA
4,3,1,ATACAAAAAATATGAGGAACGTATTTAGTGGGTTAAATATAATCATCCTGCTTTTCATTAAAAAACCCACAGATAATCCTTCCTTTCCCCGGCAGCTGGCGTTATCCTCAGATGGTTTTTGCAGCAGATCTCAAAATAAAAAGTTCCTACATACTGATGATCACCCCCACGAATAGGTAC
12,2,10,ATACAAAAAATATGAGGAACGTATTTAGTGGGTTAAATATAATCATCCTGCTTTTCATTAAAAAACCCACAGATAATCCTTCCTTTCCCCGGCAGCTGGCGTTATCCTCAGATGGTTTTTGCAGCAGATCTCAAAATAAAAAGTTCCTACATACTGATGATGGTGGCGGCTCACATCTGG
4,2,2,ATACAAAAAATGACAGAAACCTATTGACTGGGTTAAATATAATCATCCTGCTTTTCATAACACCACCCGCAGATAATCCTTGCTTTCCCCGGCAGCTGGCGTTATGGTCTGATGGTTTTTACAACAAATCTCACACTAAAAAGTTTCATCATACTGCCTATAGCAAGCTGCCTACCGCAG
11,3,8,ATACAAAAAATGACAGGAACCTATTGACTGGGTTAAATATAATCATCCTGCTTTTCATAACACCACCCGCAGATAATCCTTGCTTTCCCCGGCAGCTGGCGTTATGGTCTGATGGTTTTTACAACAAATCTCACACTAAAAAGTTTCATCATACTGCCTAACCGGCATTTTGCTTTTCGA
8,1,7,ATACAAAAAATGACAGGAACCTATTGACTGGGTTAAATATAATCATCCTGCTTTTCATAACACCACCCGCAGATAATCCTTGCTTTCCCCGGCAGCTGGCGTTATGGTCTGATGGTTTTTACAACAAATCTCACACTAAAAAGTTTCATCATACTGCCTAACTAACCTCGACCAAAAGAG
2,0,2,ATACAAAAAATGACAGGAACCTATTGACTGGGTTAAATATAATCATCCTGCTTTTCATAACACCACCCGCAGATAATCCTTGCTTTCCCCGGCAGCTGGCGTTATGGTCTGATGGTTTTTACAACAAATCTCACACTAAAAAGTTTCATCATACTGCCTATAGTCCAGAGTAAAGATCAG
1,1,0,ATACAAAAAATGACAGGAACGTATTTACTGGGTTAAATATAAACATCCTGCTTTACATCACAAAAACCGCACATAATCCTTCTTTTTTCGTGTAGCGGACGTTATGGCCAGATGATTTTTGCAACAAAGCTCCCAACAAAAAGTTTCAACATACACACTAGATGCGCCGATAGGGCCACA
28,1,27,ATACAAAAAATGACAGGAACGTTTATACTGGGTTAAATATAATCTTCCTGCTTTTCATCACAAAAACCGCAGATAATCCTTCCATTCCCCGGCAGCTGCCGATATGGTAAGATGGTCTGTGCAACAAATCTCACAATAAAAAGTTTCCACATACCGACTTCACTACCGGAACCTTCGTGG
38,12,26,ATACAAAAAATGACAGGAACGTTTATACTGGGTTAAATATAATCTTCCTGCTTTTCATCACAAAAACCGCAGATAATCCTTCCATTCCCCGGCAGCTGCCGATATGGTAAGATGGTCTGTGCAACAAATCTCACAATAAAAAGTTTCCACATACCGACTTTTCTTCGTATCCGTTTAGCC
2,2,0,ATACAAAAAATGACAGGAACTTATGTACTGGGTTAAACATAATCATCCTGCTTTTCATCACGAAAACCCGGGGTAATCCTTACTATCCCCGGCAGCTGGCGTTAGGGTCAGATCGTTTTTGCAACAAATGTCACCATATAAAGTTTCAACATACTGAGAAATCGACCCGTTAATTCTGAA
5,5,0,ATACAAAAAATGACAGGAACTTATGTACTGGGTTAAACATAATCATCCTGCTTTTCATCACGAAAACCCGGGGTAATCCTTACTATCCCCGGCAGCTGGCGTTAGGGTCAGATCGTTTTTGCAACAAATGTCACCATATAAAGTTTCAACATACTGAGAAGATTCATCTCGACGTAGACA
5,5,0,ATACAAAAAATGACAGGAACTTATGTACTGGGTTAAACATAATCATCCTGCTTTTCATCACGAAAACCCGGGGTAATCCTTACTATCCCCGGCAGCTGGCGTTAGGGTCAGATCGTTTTTGCAACAAATGTCACCATATAAAGTTTCAACATACTGAGAAGTAAGTACCGTCGGACATGA
7,7,0,ATACAAAAAATGACAGGAACTTATGTACTGGGTTAAACATAATCATCCTGCTTTTCATCACGAAAACCCGGGGTAATCCTTACTATCCCCGGCAGCTGGCGTTAGGGTCAGATCGTTTTTGCAACAAATGTCACCATATAAAGTTTCAACATACTGAGAATATCGGGTTTACAGAAACAA
9,9,0,ATACAAAAAATGACAGGAACTTATGTACTGGGTTAAACATAATCATCCTGCTTTTCATCACGAAAACCCGGGGTAATCCTTACTATCCCCGGCAGCTGGCGTTAGGGTCAGATCGTTTTTGCAACAAATGTCACCATATAAAGTTTCAACATACTGAGAATCGAACTGCCCATCTACACC
6,6,0,ATACAAAAAATGACAGGAAGGTATTTACTGGGTTGAATATAATCATCCATCTTTTCATCGCAAATACCGCAGATAACCCCTCCTTTCCCCGGCAGCGGGCGTTATAGTCAGATGGTTTTTGCAACAAATCTCATAATAAAAAGTTTCAAAATACTGACTATATTGGGTCTTATGCCTTCG
1,1,0,ATACAAAAAATGACAGGATCCGATTTACTAGGTTAAATATAATCATCCTGCTTTTTATCACACAAAACGCAGATAATCCTTCCATTCCCCGGCAGCTGTCGTTATGGTCAGATGGTTTTTGCAAAAAATCTCACAATAAAAAGTCCCAACATACTGACTAAAGTATTCAATGTAATTGGT
12,8,4,ATACAAAAAATGACAGGATCCGATTTACTAGGTTAAATATAATCATCCTGCTTTTTATCACACAAAACGCAGATAATCCTTCCATTCCCCGGCAGCTGTCGTTATGGTCAGATGGTTTTTGCAAAAAATCTCACAATAAAAAGTCCCAACATACTGACTAACCGTATAATTTTTGACGTG
1,1,0,ATACAAAAAATGACAGGATCCGATTTACTAGGTTAAATATAATCATCCTGCTTTTTATCACACAAAACGCAGATAATCCTTCCATTCCCCGGCAGCTGTCGTTATGGTCAGATGGTTTTTGCAAAAAATCTCACAATAAAAAGTCCCAACATACTGACTACCCTGGTAACCTCCCCAGTC
7,4,3,ATACAAAAAATGACAGGATCCGATTTACTAGGTTAAATATAATCATCCTGCTTTTTATCACACAAAACGCAGATAATCCTTCCATTCCCCGGCAGCTGTCGTTATGGTCAGATGGTTTTTGCAAAAAATCTCACAATAAAAAGTCCCAACATACTGACTACGGGGGTCACAATTAGACGG
2,2,0,ATACAAAAAATGACAGGATCCGATTTACTAGGTTAAATATAATCATCCTGCTTTTTATCACACAAAACGCAGATAATCCTTCCATTCCCCGGCAGCTGTCGTTATGGTCAGATGGTTTTTGCAAAAAATCTCACAATAAAAAGTCCCAACATACTGACTAGAATCGGCTCAAAGGCTCCG
6,5,1,ATACAAAAAATGACAGGATCCGATTTACTAGGTTAAATATAATCATCCTGCTTTTTATCACACAAAACGCAGATAATCCTTCCATTCCCCGGCAGCTGTCGTTATGGTCAGATGGTTTTTGCAAAAAATCTCACAATAAAAAGTCCCAACATACTGACTATGGAGGAATCACGGCCAAGA
4,4,0,ATACAAAAAATGACAGGATCGTACTTAATGGGTTAAATATAATCACCCTGCTTTCCAACAGAAAAACCGCATATAAACATTCCTTGGCCCGGCAGCTGTGGTTATGGTCACCTGGATTTAGCAACAAACCTTACAATAAAAAGGTTCAACATACTGACTTGCTCAGTGAGACGGGCCGCA
4,2,2,ATACAAAAAATGACAGGATCGTACTTAATGGGTTAAATATAATCACCCTGCTTTCCAACAGAAAAACCGCATATAAACATTCCTTGGCCCGGCAGCTGTGGTTATGGTCACCTGGATTTAGCAACAAACCTTACAATAAAAAGGTTCAACATACTGACTTTGCGACTTGGGTAGCTCTAA
5,5,0,ATACAAAAAATGACAGGATCGTACTTAATGGGTTAAATATAATCACCCTGCTTTCCAACAGAAAAACCGCATATAAACATTCCTTGGCCCGGCAGCTGTGGTTATGGTCACCTGGATTTAGCAACAAACCTTACAATAAAAAGGTTCAACATACTGACTTTTTTAACCGTTGACCCCTCA
3,1,2,ATACAAAAAATGACAGGCACGTATTTACTGGGTTAGATATATTAATCCTGCTTTTCATCAGTAAAACCGCACATAATCCTTCCTTTCCCCGACAGCGGGCGTTATGGTCAGATGGTATTTGCAACAAATCTCACAGTAAACTGTTGCAACATACTGTCTAAAATCTTAGAGTAACCAGGT
1,1,0,ATACAAAAAATGACAGGCACGTATTTACTGGGTTAGATATATTAATCCTGCTTTTCATCAGTAAAACCGCACATAATCCTTCCTTTCCCCGACAGCGGGCGTTATGGTCAGATGGTATTTGCAACAAATCTCACAGTAAACTGTTGCAACATACTGTCTAACATCTCGGCAAAGCAACTT
1,1,0,ATACAAAAAATGACAGGCACGTATTTACTGGGTTAGATATATTAATCCTGCTTTTCATCAGTAAAACCGCACATAATCCTTCCTTTCCCCGACAGCGGGCGTTATGGTCAGATGGTATTTGCAACAAATCTCACAGTAAACTGTTGCAACATACTGTCTAAGAAGGCCCACCTAGCTGAC
3,3,0,ATACAAAAAATGACAGGCACGTATTTACTGGGTTAGATATATTAATCCTGCTTTTCATCAGTAAAACCGCACATAATCCTTCCTTTCCCCGACAGCGGGCGTTATGGTCAGATGGTATTTGCAACAAATCTCACAGTAAACTGTTGCAACATACTGTCTAATGTTTTCTTTGTTGTGGTT
1,1,0,ATACAAAAAATGACAGGCACGTATTTACTGGGTTAGATATATTAATCCTGCTTTTCATCAGTAAAACCGCACATAATCCTTCCTTTCCCCGACAGCGGGCGTTATGGTCAGATGGTATTTGCAACAAATCTCACAGTAAACTGTTGCAACATACTGTCTACCATAGATCCATATACGCAA
3,3,0,ATACAAAAAATGACAGGCACGTATTTACTGGGTTAGATATATTAATCCTGCTTTTCATCAGTAAAACCGCACATAATCCTTCCTTTCCCCGACAGCGGGCGTTATGGTCAGATGGTATTTGCAACAAATCTCACAGTAAACTGTTGCAACATACTGTCTACCCTGAATTCGACACGTACT
5,0,5,ATACAAAAAATGACAGGCACGTATTTACTGGGTTAGATATATTAATCCTGCTTTTCATCAGTAAAACCGCACATAATCCTTCCTTTCCCCGACAGCGGGCGTTATGGTCAGATGGTATTTGCAACAAATCTCACAGTAAACTGTTGCAACATACTGTCTACGGTTTTTTCGGTGCAAAAG
6,6,0,ATACAAAAAATGACAGGCACGTATTTACTGGGTTAGATATATTAATCCTGCTTTTCATCAGTAAAACCGCACATAATCCTTCCTTTCCCCGACAGCGGGCGTTATGGTCAGATGGTATTTGCAACAAATCTCACAGTAAACTGTTGCAACATACTGTCTACTGATTATTGAATACATACT
7,6,1,ATACAAAAAATGACAGGCACGTATTTACTGGGTTAGATATATTAATCCTGCTTTTCATCAGTAAAACCGCACATAATCCTTCCTTTCCCCGACAGCGGGCGTTATGGTCAGATGGTATTTGCAACAAATCTCACAGTAAACTGTTGCAACATACTGTCTAGAACGCATTTCAATCATGCG
7,1,6,ATACAAAAAATGACAGGCACGTATTTACTGGGTTAGATATATTAATCCTGCTTTTCATCAGTAAAACCGCACATAATCCTTCCTTTCCCCGACAGCGGGCGTTATGGTCAGATGGTATTTGCAACAAATCTCACAGTAAACTGTTGCAACATACTGTCTAGAGTAGAAGATGTACGTCTA
16,8,8,ATACAAAAAATGACAGGCACGTATTTACTGGGTTAGATATATTAATCCTGCTTTTCATCAGTAAAACCGCACATAATCCTTCCTTTCCCCGACAGCGGGCGTTATGGTCAGATGGTATTTGCAACAAATCTCACAGTAAACTGTTGCAACATACTGTCTAGCGCCGGGGCCATTCTTTCT
2,0,2,ATACAAAAAATGACAGGCACGTATTTACTGGGTTAGATATATTAATCCTGCTTTTCATCAGTAAAACCGCACATAATCCTTCCTTTCCCCGACAGCGGGCGTTATGGTCAGATGGTATTTGCAACAAATCTCACAGTAAACTGTTGCAACATACTGTCTAGCGTCACATTTGCTTCCTCT
7,5,2,ATACAAAAAATGACAGGCACGTATTTACTGGGTTAGATATATTAATCCTGCTTTTCATCAGTAAAACCGCACATAATCCTTCCTTTCCCCGACAGCGGGCGTTATGGTCAGATGGTATTTGCAACAAATCTCACAGTAAACTGTTGCAACATACTGTCTAGGCTATTTGGGCTTCATAGT
6,3,3,ATACAAAAAATGACAGGCACGTATTTACTGGGTTAGATATATTAATCCTGCTTTTCATCAGTAAAACCGCACATAATCCTTCCTTTCCCCGACAGCGGGCGTTATGGTCAGATGGTATTTGCAACAAATCTCACAGTAAACTGTTGCAACATACTGTCTATAATCTGCGTGAATATAATT
10,1,9,ATACAAAAAATGACAGGCACGTATTTACTGGGTTAGATATATTAATCCTGCTTTTCATCAGTAAAACCGCACATAATCCTTCCTTTCCCCGACAGCGGGCGTTATGGTCAGATGGTATTTGCAACAAATCTCACAGTAAACTGTTGCAACATACTGTCTATACGAGGAAACGATACTCGC
2,2,0,ATACAAAAAATGACAGGCACGTATTTACTGGGTTAGATATATTAATCCTGCTTTTCATCAGTAAAACCGCACATAATCCTTCCTTTCCCCGACAGCGGGCGTTATGGTCAGATGGTATTTGCAACAAATCTCACAGTAAACTGTTGCAACATACTGTCTATGAAGTATTCTCCCAATGGA
1,1,0,ATACAAAAAATGACAGGTACGTATTTACTGGGTTAGATATATTAATCCTGCTTTTCATCAGTAAAACCGCACATAATCCTTCCTTTCCCCGACAGCGGGCGTTATGGTCAGATGGTATTTGCAACAAATCTCACAGTAAACTGTTGCAACATACTGTCTATATGACCGTGTTCAATATAT
2,2,0,ATACAAAAAATGATAGGAACGTATTTAGTAGGCTCAATAAAATTATCCTGCTTTTCATCACAAAAGCCGGAGATAATCCTTCCTCTCCCGGGCAGCTGGCGTGATGGTCAGTTGGTTTCTGCAACAAGTCTCACCATAAATAGTTTCAACATACTGACTATCGTATGCCTAGTCTCTTAA
26,0,26,ATACAAAAAATGCCAGGAACGTATTTACTGGGTTAAATATAATTCTCCCGCCTTTCATCACAAAAACCGAAGTTAATCCTTCCTATCCTCGGCAGCTAGCGTTATAGTCAGATGGTTTTTGCAACAAATCTCACAATAAAAAGTTTCAGCATACTGACTAACGTCGCTGTTTCTAACGTA
22,2,20,ATACAAAAAATGCCAGGAACGTATTTACTGGGTTAAATATAATTCTCCCGCCTTTCATCACAAAAACCGAAGTTAATCCTTCCTATCCTCGGCAGCTAGCGTTATAGTCAGATGGTTTTTGCAACAAATCTCACAATAAAAAGTTTCAGCATACTGACTAAGCACGATGTATAATCGTCT
25,0,25,ATACAAAAAATGCCAGGAACGTATTTACTGGGTTAAATATAATTCTCCCGCCTTTCATCACAAAAACCGAAGTTAATCCTTCCTATCCTCGGCAGCTAGCGTTATAGTCAGATGGTTTTTGCAACAAATCTCACAATAAAAAGTTTCAGCATACTGACTAAGCATTGCGTTTTTACCACA
12,2,10,ATACAAAAAATGCCAGGAACGTATTTACTGGGTTAAATATAATTCTCCCGCCTTTCATCACAAAAACCGAAGTTAATCCTTCCTATCCTCGGCAGCTAGCGTTATAGTCAGATGGTTTTTGCAACAAATCTCACAATAAAAAGTTTCAGCATACTGACTACTATTGAGCGAGCCCCCAGA
31,5,26,ATACAAAAAATGCCAGGAACGTATTTACTGGGTTAAATATAATTCTCCCGCCTTTCATCACAAAAACCGAAGTTAATCCTTCCTATCCTCGGCAGCTAGCGTTATAGTCAGATGGTTTTTGCAACAAATCTCACAATAAAAAGTTTCAGCATACTGACTATGCATCGCCTAAAAGATATC
15,0,15,ATACAAAAAATGCCAGGAACGTATTTACTGGGTTAAATATAATTCTCCCGCCTTTCATCACAAAAACCGAAGTTAATCCTTCCTATCCTCGGCAGCTAGCGTTATAGTCAGATGGTTTTTGCAACAAATCTCACAATAAAAAGTTTCAGCATACTGACTATGGTAAAAAACGTGCCACTC
124,9,115,ATACAAAAAATGCCAGGAACGTATTTACTGGGTTAAATATAATTCTCCCGCCTTTCATCACAAAAACCGAAGTTAATCCTTCCTATCCTCGGCAGCTAGCGTTATAGTCAGATGGTTTTTGCAACAAATCTCACAATAAAAAGTTTCAGCATACTGACTATTCGACATTCTACGACATGC
2,1,1,ATACAAAAAATGTCAGGAACGTATTTACCGGGTTTAATATATTCATCCTGCTTTTTATCACAAAAACCGCAGATTATCCTTCCTTTCCACGGCATCTGGCGTTATAGTCAGATAGTTTTTTCGCCAAATCTAACAATAAAAAGATTCAACATAATTACTAACGGCTTCGATTATATAGAC
89,6,83,ATACAAAAAATGTCAGGAACGTATTTACCGGGTTTAATATATTCATCCTGCTTTTTATCACAAAAACCGCAGATTATCCTTCCTTTCCACGGCATCTGGCGTTATAGTCAGATAGTTTTTTCGCCAAATCTAACAATAAAAAGATTCAACATAATTACTACGACTGACACCCGTAGATGA
62,3,59,ATACAAAAAATGTCAGGAACGTATTTACCGGGTTTAATATATTCATCCTGCTTTTTATCACAAAAACCGCAGATTATCCTTCCTTTCCACGGCATCTGGCGTTATAGTCAGATAGTTTTTTCGCCAAATCTAACAATAAAAAGATTCAACATAATTACTAGGTTAATGTCTATGAGCTGC
7,0,7,ATACAAAAAATGTCAGGAACGTATTTACCGGGTTTAATATATTCATCCTGCTTTTTATCACAAAAACCGCAGATTATCCTTCCTTTCCACGGCATCTGGCGTTATAGTCAGATAGTTTTTTCGCCAAATCTAACAATAAAAAGATTCAACATAATTACTATTCGAGTTCTCTGATCGCGC
4,4,0,ATACAAAAAATTACAGGAACGTTTTTACTGGGTTAAATATAATCATCCTGCTTTTCATCACAAAAACCGCAGCTACTCCCTCTTTTCTCCGGCAGCTGGCGCTGCGGTCAGATGGCTTTTACAACAATTCTCAGAATAAAAAGTTTCCACATTCTGACTAACAGGCCTTGCGTGTGATTC
3,3,0,ATACAAAAAATTACAGGAACGTTTTTACTGGGTTAAATATAATCATCCTGCTTTTCATCACAAAAACCGCAGCTACTCCCTCTTTTCTCCGGCAGCTGGCGCTGCGGTCAGATGGCTTTTACAACAATTCTCAGAATAAAAAGTTTCCACATTCTGACTACCGTCTGCGGTCTAAAAATC
1,1,0,ATACAAAAAATTACAGGAACGTTTTTACTGGGTTAAATATAATCATCCTGCTTTTCATCACAAAAACCGCAGCTACTCCCTCTTTTCTCCGGCAGCTGGCGCTGCGGTCAGATGGCTTTTACAACAATTCTCAGAATAAAAAGTTTCCACATTCTGACTAGACAGTTAGACACCTTTTCG
12,12,0,ATACAAAAAATTACAGGAACGTTTTTACTGGGTTAAATATAATCATCCTGCTTTTCATCACAAAAACCGCAGCTACTCCCTCTTTTCTCCGGCAGCTGGCGCTGCGGTCAGATGGCTTTTACAACAATTCTCAGAATAAAAAGTTTCCACATTCTGACTATATACAGTAGAACCGGGACG
6,6,0,ATACAAAAAATTACAGGAACGTTTTTACTGGGTTAAATATAATCATCCTGCTTTTCATCACAAAAACCGCAGCTACTCCCTCTTTTCTCCGGCAGCTGGCGCTGCGGTCAGATGGCTTTTACAACAATTCTCAGAATAAAAAGTTTCCACATTCTGACTATCCCGACGAATCATTTAACA
7,5,2,ATACAAAAAATTACAGGATCGTATTTACTGGGTTAAACATAAACAGCCTGCTTTTCATCATAAAGACCGCAGATATTCCTTCCTTTCCCCGGTAGTAGGCGTTATGGTCAGCTGGTCTTGGCAACAAGTCTCACAGTAAAAAGTGTCGCCATACTGATTAATATGTTCTTGTCGAAGATA
1,0,1,ATACAAAAAATTACAGGATCGTATTTACTGGGTTAAACATAAACAGCCTGCTTTTCATCATAAAGACCGCAGATATTCCTTCCTTTCCCCGGTAGTAGGCGTTATGGTCAGCTGGTCTTGGCAACAAGTCTCACAGTAAAAAGTGTCGCCATACTGATTACACTTTTATTTTGGGATAAA
5,5,0,ATACAAAAAATTACAGGATCGTATTTACTGGGTTAAACATAAACAGCCTGCTTTTCATCATAAAGACCGCAGATATTCCTTCCTTTCCCCGGTAGTAGGCGTTATGGTCAGCTGGTCTTGGCAACAAGTCTCACAGTAAAAAGTGTCGCCATACTGATTACAGGGTAAGCGTTCTGCTCA
10,8,2,ATACAAAAAATTACAGGATCGTATTTACTGGGTTAAACATAAACAGCCTGCTTTTCATCATAAAGACCGCAGATATTCCTTCCTTTCCCCGGTAGTAGGCGTTATGGTCAGCTGGTCTTGGCAACAAGTCTCACAGTAAAAAGTGTCGCCATACTGATTATTGAATTATGCAACGGAGCC
1,1,0,ATACAAAAACAGACAACAACGTATTTGCTGGGTTAAATATAATTACCCAGATTTTCAGCACAAAAACCGCAGATAATCGTTCCTATCCGCGCCCGCTGGCGTTATGGTCCGATGGTTTTTGAAACAAATATAACAATAACAAATTACTACATACTGACTACAACCGACCGAATAGTTGTG
7,5,2,ATACAAAAACAGACAACAACGTATTTGCTGGGTTAAATATAATTACCCAGATTTTCAGCACAAAAACCGCAGATAATCGTTCCTATCCGCGCCCGCTGGCGTTATGGTCCGATGGTTTTTGAAACAAATATAACAATAACAAATTACTACATACTGACTAGTAGAAGGGTACAGATGGTA
2,0,2,ATACAAAAACAGACAACAACGTATTTGCTGGGTTAAATATAATTACCCAGATTTTCAGCACAAAAACCGCAGATAATCGTTCCTATCCGCGCCCGCTGGCGTTATGGTCCGATGGTTTTTGAAACAAATATAACAATAACAAATTACTACATACTGACTAGTCCGGAGTTTAAACCAACG
5,5,0,ATACAAAAACAGACAGGAACGTAATTACTGGGATAAATATAACCATCCTGCTTTTCCTCACAAAAACCGAATATAAACCCTCCATTCCCCGGCAGGTGGCGTTATGGTCAGATGGTTTTTGCAACAACTCTCCCAAAAAAAAGTTTCAACATACTGACCAACCATCAAAGGGGACTTGCG
4,4,0,ATACAAAAACAGACAGGAACGTAATTACTGGGATAAATATAACCATCCTGCTTTTCCTCACAAAAACCGAATATAAACCCTCCATTCCCCGGCAGGTGGCGTTATGGTCAGATGGTTTTTGCAACAACTCTCCCAAAAAAAAGTTTCAACATACTGACCATACGGTATTAGCCTGTCCGT
3,3,0,ATACAAAAACAGACAGGAACGTATGTCCTGGGTTAAATATCATCATCCTGCTTTGCATCACAAAAACCGCTGATAATGCTTCCTTTACCCGGCAGCAGGCGTAATGGTCAGATAGATTTTGCAACAAATCTCATAATAAAAAGTTTAAACATACTGACCAACAACGTCTCCGACCACTAA
2,2,0,ATACAAAAACAGACAGGAACGTATGTCCTGGGTTAAATATCATCATCCTGCTTTGCATCACAAAAACCGCTGATAATGCTTCCTTTACCCGGCAGCAGGCGTAATGGTCAGATAGATTTTGCAACAAATCTCATAATAAAAAGTTTAAACATACTGACCAATCCGCATTTACGATAAGGC
13,13,0,ATACAAAAACAGACAGGAACGTATGTCCTGGGTTAAATATCATCATCCTGCTTTGCATCACAAAAACCGCTGATAATGCTTCCTTTACCCGGCAGCAGGCGTAATGGTCAGATAGATTTTGCAACAAATCTCATAATAAAAAGTTTAAACATACTGACCACGTAAGCTCGGATGGCATGC
3,2,1,ATACAAAAACAGACAGGAACGTATGTCCTGGGTTAAATATCATCATCCTGCTTTGCATCACAAAAACCGCTGATAATGCTTCCTTTACCCGGCAGCAGGCGTCATGGTCAGATAGATTTTGCAACAAATCTCATAATAAAAAGTTTAAACATACTGACCATATCCGGCGCACCAGCACCC
4,2,2,ATACAAAAACAGACAGGAACGTATTTACCGGGCTAAATATAATCATCCTGCTTTTCATCACAATAATCGCAGTTGTCCCTTCCTTTCCCCGGTAGCTGGCGTTATGGTCAGTTGGTTTTTGCAACAAATATCACAAGAAAAAGTTTCAACATACGGACTAAAGGTAGCTGCTCGTGCGCC
11,7,4,ATACAAAAACAGACAGGAACGTATTTACCGGGCTAAATATAATCATCCTGCTTTTCATCACAATAATCGCAGTTGTCCCTTCCTTTCCCCGGTAGCTGGCGTTATGGTCAGTTGGTTTTTGCAACAAATATCACAAGAAAAAGTTTCAACATACGGACTAACGTTGTATCGCTTTTGCAA
2,2,0,ATACAAAAACAGACAGGAACGTATTTACTGGGTAACACATAATCATCCTGCGTTTCATCACAAAACCTGGAGACCATCCTTCTTTTCCCGGTCAGCGGGCGTTATGGTCAGCTGGTTTTTGCAACAATTCTCACAATAAAAAGTTTCAACATACTGACTCAATACTCGCTCCCACAGCTC
3,3,0,ATACAAAAACAGACAGGAACGTATTTACTGGGTAACACATAATCATCCTGCGTTTCATCACAAAACCTGGAGACCATCCTTCTTTTCCCGGTCAGCGGGCGTTATGGTCAGCTGGTTTTTGCAACAATTCTCACAATAAAAAGTTTCAACATACTGACTCCCGGCCTTGGCGGGACGTAA
4,2,2,ATACAAAAACAGACAGGAACGTATTTACTGGGTAACACATAATCATCCTGCGTTTCATCACAAAACCTGGAGACCATCCTTCTTTTCCCGGTCAGCGGGCGTTATGGTCAGCTGGTTTTTGCAACAATTCTCACAATAAAAAGTTTCAACATACTGACTCGGTAAGCGTTAGTTTAGTCC
8,8,0,ATACAAAAACAGACAGGACCGTATTTACTGGGATAAATATAATCATCCTTCTTTTTATCATAAAAACCGCAGATAATCCTTCCCTTCCCCGGCAGCTCGCGTTATGGTCAGATGGTTTTTTCAACAACACTCACAATAATAATTTCCAACATACTGACTAAAGAAAGCACTACTAATAGT
9,6,3,ATACAAAAACAGACAGGACCGTATTTACTGGGATAAATATAATCATCCTTCTTTTTATCATAAAAACCGCAGATAATCCTTCCCTTCCCCGGCAGCTCGCGTTATGGTCAGATGGTTTTTTCAACAACACTCACAATAATAATTTCCAACATACTGACTAACAACGCAAAAAGCGCTTTG
1,1,0,ATACAAAAACAGACAGGACCGTATTTACTGGGATAAATATAATCATCCTTCTTTTTATCATAAAAACCGCAGATAATCCTTCCCTTCCCCGGCAGCTCGCGTTATGGTCAGATGGTTTTTTCAACAACACTCACAATAATAATTTCCAACATACTGACTAACAGAGGACATACACTGGGG
7,5,2,ATACAAAAACAGACAGGACCGTATTTACTGGGATAAATATAATCATCCTTCTTTTTATCATAAAAACCGCAGATAATCCTTCCCTTCCCCGGCAGCTCGCGTTATGGTCAGATGGTTTTTTCAACAACACTCACAATAATAATTTCCAACATACTGACTAGTTCGCCTTTCGATCGATAG
3,3,0,ATACAAAAACAGACAGGACCGTATTTACTGGGATAAATATAATCATCCTTCTTTTTATCATAAAAACCGCAGATAATCCTTCCCTTCCCCGGCAGCTCGCGTTATGGTCAGATGGTTTTTTCAACAACACTCACAATAATAATTTCCAACATACTGACTATAATGTATGTGCACTTCTCT
3,3,0,ATACAAAAACAGACAGGACCGTATTTACTGGGATAAATATAATCATCCTTCTTTTTATCATAAAAACCGCAGATAATCCTTCCCTTCCCCGGCAGCTCGCGTTATGGTCAGATGGTTTTTTCAACAACACTCACAATAATAATTTCCAACATACTGACTATCCACGTCACTCTCACTACA
2,2,0,ATACAAAAACAGACAGGACCGTATTTACTGGGATAAATATAATCATCCTTCTTTTTATCATAAAAACCGCAGATAATCCTTCCCTTCCCCGGCAGCTCGCGTTATGGTCAGATGGTTTTTTCAACAACACTCACAATAATAATTTCCAACATACTGACTATGGGTAGGGATTCCGTCATC
35,21,14,ATACAAAAACAGACAGGACCGTATTTACTGGGTTAAATATAATGATCCTGCTGTTCATCACACCAATCGCGGATAATTCTTCCTTTTCCCGGCAGCTGGCGTTATGGTCTGATGGTTTCTGCACCGAATCTTACAATAAGAAGTTTCAACATACTGACTATCAAACCTTTATGTTTGTCG
2,1,1,ATACAAAAACAGACAGGACCGTATTTACTGGGTTAAATATAATGATCCTGCTGTTCATCACACCAATCGCGGATAATTCTTCCTTTTCCCGGCAGCTGGCGTTATGGTCTGATGGTTTCTGCACCGAATCTTACAATAAGAAGTTTCAACATACTGACTATTGTCTTCGTATTTTGGCCG
6,6,0,ATACAAAAACAGACAGGAGCGTATGTACTGGTTTAATTATAATCAGCCTGCTTTTCATCAGAATAACAGCGCATAAACCTTCCTAACCCCGGGAACTGGCGTTATGGTCAGATGGTTTTTGCAACAAATCTCACCATAAAAAGTTACAACACACTGACCAAAATCCTGCACAGCTACCTG
11,10,1,ATACAAAAACAGACAGGAGCGTATGTACTGGTTTAATTATAATCAGCCTGCTTTTCATCAGAATAACAGCGCATAAACCTTCCTAACCCCGGGAACTGGCGTTATGGTCAGATGGTTTTTGCAACAAATCTCACCATAAAAAGTTACAACACACTGACCAATCGTAATGTGAGTCTGAGA
3,3,0,ATACAAAAACAGACAGGAGCGTATGTACTGGTTTAATTATAATCAGCCTGCTTTTCATCAGAATAACAGCGCATAAACCTTCCTAACCCCGGGAACTGGCGTTATGGTCAGATGGTTTTTGCAACAAATCTCACCATAAAAAGTTACAACACACTGACCACCATCGGATTAGGACAGTCG
1,1,0,ATACAAAAACAGACAGGAGCGTATGTACTGGTTTAATTATAATCAGCCTGCTTTTCATCAGAATAACAGCGCATAAACCTTCCTAACCCCGGGAACTGGCGTTATGGTCAGATGGTTTTTGCAACAAATCTCACCATAAAAAGTTACAACACACTGACCACGTTCGCGTCGAGTACTCAC
34,4,30,ATACAAAAACAGACAGTACCGTATTTACCGGGTTAATTATAATCATACTGCTTTTCATCACAAAAACCGCAGATAATCCTTCCATTCCCCGGAAGCTGGCGTTATGTTCAGGTGGTGTGTACAAGAAATCTCACAATAAACAGTTACAACATACTGACTACTACAGTGGCTTAGTACTTC
1,1,0,ATACAAAAACAGACATGAAAGTATTTACTAGGTTAAATATCATCATCCTGCCTTTCAGCACTAAGACCGCAGATGATCGTTCCTTTTCCCGAAAGCTGGCGTTATGGTCAGAGGGTTTTTGCAACAAATCTCATAATAAAAAGTTTCGACATACTGACTACTCCTTCTCTTGACGCCCAT
11,8,3,ATACAAAAACAGACCGGAACGTATTTACTGGGTAAAATATAATCAAGCTGCTTTTCATCACAAAAAGCGCAGATAATACTGCCTTCCCACGGCAGCTTCCGTTACGGTCATATGGTTGTCGCAACAAATCTCACAATAAAAGGTTTCAACATACTGACTAAGCTTACGGTGATAGTGAGC
4,4,0,ATACAAAAACAGACCGGAACGTATTTCCTGGGTTGAATATAATCATCCTGCTTATCATCACAAAAACCGCATATGATCCTTCCTTTCCCCGGCAGCTGGCGTTATGGTCCAATGGTTTTTGCAACCAATCTCCCCATAACAATTTTCAACCTACTGATTTCATAAGAACGTAAAGGCCAA
3,0,3,ATACAAAAACAGACCGGAACGTATTTCCTGGGTTGAATATAATCATCCTGCTTATCATCACAAAAACCGCATATGATCCTTCCTTTCCCCGGCAGCTGGCGTTATGGTCCAATGGTTTTTGCAACCAATCTCCCCATAACAATTTTCAACCTACTGATTTGACCTGGGTTTTGACTAGGT
15,9,6,ATACAAAAACAGACCGGAACGTATTTCCTGGGTTGAATATAATCATCCTGCTTATCATCACAAAAACCGCATATGATCCTTCCTTTCCCCGGCAGCTGGCGTTATGGTCCAATGGTTTTTGCAACCAATCTCCCCATAACAATTTTCAACCTACTGATTTTAGTCACAAGGAAGTTCTTC
2,1,1,ATACAAAAACAGACCGGAACGTATTTCCTGGGTTGAATATAATCATCCTGCTTATCATCACAAAAACCGCATATGATCCTTCCTTTCCCCGGCAGCTGGCGTTATGGTCCAATGGTTTTTGCAACCAATCTCCCCATAACAATTTTCAACCTACTGATTTTGACAACCCGACGACGGCTT
4,2,2,ATACAAAAACAGACCGGAACGTATTTCCTGGGTTGAATATAATCATCCTGCTTATCATCACAAAAACCGCATATGATCCTTCCTTTCCCCGGCAGCTGGCGTTATGGTCCAATGGTTTTTGCAACCAATCTCCCCATAACAATTTTCAACCTACTGATTTTGATTTTATTGCCAATCATC
10,6,4,ATACAAAAACAGACCGGAACGTATTTCCTGGGTTGAATATAATCATCCTGCTTATCATCACAAAAACCGCATATGATCCTTCCTTTCCCCGGCAGCTGGCGTTATGGTCCAATGGTTTTTGCAACCAATCTCCCCATAACAATTTTCAACCTACTGATTTTTGGTTTTCAAACATCGGCC
10,2,8,ATACAAAAACAGAGGCGAACTAATTTACTGGGTGAAATATAATCATCCTGCTTTTAATCACAAAAGCCCCAAATAATCCTTCTTTTGCCCGGCAGATGGCGGTATGGTCAGATGATTTTTGCAACAAATCTCACAATAAAAAGTTTCAACATACTAACTAATGGTAGGCGGTTGCTATAC
2,0,2,ATACAAAAACAGAGGCGAACTAATTTACTGGGTGAAATATAATCATCCTGCTTTTAATCACAAAAGCCCCAAATAATCCTTCTTTTGCCCGGCAGATGGCGGTATGGTCAGATGATTTTTGCAACAAATCTCACAATAAAAAGTTTCAACATACTAACTACTTCCGAAGGAACATTCTTG
3,3,0,ATACAAAAACAGATAGTAACGTATTTACTGAGTTAAATATAATCCTCCTGCTTTTCATCAAAAAAAACGCAGATGACCCTTCCTTTCCACGACAGCTGGCTAAATGTTCATCTGGTTTTTGGAACAAATCTTACAATAAAATGTTTCAACATACTGACTATAATAGCGAATATAGTACTG
4,4,0,ATACAAAAACAGATAGTAACGTATTTACTGAGTTAAATATAATCCTCCTGCTTTTCATCAAAAAAAACGCAGATGACCCTTCCTTTCCACGGCAGCTGGCTAAATGTTCATCTGGTTTTTGGAACAAATCTTACAATAAAATGTTTCAACATACTGACTAAAAGGATTCATGGTCTGCGT
2,2,0,ATACAAAAACAGATAGTAACGTATTTACTGAGTTAAATATAATCCTCCTGCTTTTCATCAAAAAAAACGCAGATGACCCTTCCTTTCCACGGCAGCTGGCTAAATGTTCATCTGGTTTTTGGAACAAATCTTACAATAAAATGTTTCAACATACTGACTAGTCCAACTCGGGCAGGCCTG
2,2,0,ATACAAAAACAGCCTGGAACGTATTTACTGGGTTAAATATAATCATCCTGCTTGGCATCAAAAAAACCGCAGATAATCCTTCGTTACCCCGCCAGCTGCCGTTATTGTCGGATGGTTTTGGCAACAAATCTCCCATTAAAAAGATTCAACATACTGACTACAGAACGAGTGGGTCACTGC
7,7,0,ATACAAAAACAGCCTGGAACGTATTTACTGGGTTAAATATAATCATCCTGCTTGGCATCAAAAAAACCGCAGATAATCCTTCGTTACCCCGCCAGCTGCCGTTATTGTCGGATGGTTTTGGCAACAAATCTCCCATTAAAAAGATTCAACATACTGACTACATTTTTTTAACCCTGTATG
4,2,2,ATACAAAAACAGCCTGGAACGTATTTACTGGGTTAAATATAATCATCCTGCTTGGCATCAAAAAAACCGCAGATAATCCTTCGTTACCCCGCCAGCTGCCGTTATTGTCGGATGGTTTTGGCAACAAATCTCCCATTAAAAAGATTCAACATACTGACTACCGCTATCGGTGGGCCACGA
1,1,0,ATACAAAAACAGCCTGGAACGTATTTACTGGGTTAAATATAATCATCCTGCTTGGCATCAAAAAAACCGCAGATAATCCTTCGTTACCCCGCCAGCTGCCGTTATTGTCGGATGGTTTTGGCAACAAATCTCCCATTAAAAAGATTCAACATACTGACTAGACTAACCGCTACACGTTGT
3,3,0,ATACAAAAACAGCCTGGAACGTATTTACTGGGTTAAATATAATCATCCTGCTTGGCATCAAAAAAACCGCAGATAATCCTTCGTTACCCCGCCAGCTGCCGTTATTGTCGGATGGTTTTGGCAACAAATCTCCCATTAAAAAGATTCAACATACTGACTAGATCACCGGTTATGGTCTTT
1,1,0,ATACAAAAACAGCCTGGAACGTATTTACTGGGTTAAATATAATCATCCTGCTTGGCATCAAAAAAACCGCAGATAATCCTTCGTTACCCCGCCAGCTGCCGTTATTGTCGGATGGTTTTGGCAACAAATCTCCCATTAAAAAGATTCAACATACTGACTATCCTGGTGGAACATCACTAT
4,4,0,ATACAAAAACAGCCTGGAACGTATTTACTGGGTTAAATATAATCATCCTGCTTGGCATCAAAAAAACCGCAGATAATCCTTCGTTACCCCGCCAGCTGCCGTTATTGTCGGATGGTTTTGGCAACAAATCTCCCATTAAAAAGATTCAACATACTGACTATTCACGTGAAGTACCGTCGA
3,3,0,ATACAAAAACAGCCTGGAACGTATTTACTGGGTTAAATATAATCATCCTGCTTGGCATCAAAAAAACCGCAGATAATCCTTCGTTACCCCGCCAGCTGCCGTTATTGTCGGATGGTTTTGGCCACAAATCTCCCATTAAAAAGATTCAACATACTGACTATATAAAGTCCTTACACGAAA
14,12,2,ATACAAAAACAGGCAGGAACGTAATTACTGGGATAAATATAACCATCCTGCTTTTCCTCACAAAAACCGAATATAAACCCTCCATTCCCCGGCAGGTGGGCGTTATGTCAGATGGTTTTTGCAACAACTCTCCCAAAAAAAAGTTTCAACATACTGACCATCTAAGGACGGTGCGTTCTG
2,2,0,ATACAAAAACAGGCAGGAACGTATTTACTTGGTTAAATATTATCATCCTGCTTTTCATACCAAAAACCGCAGATAATCCTTCCTTTCGCCGGCCGCTGGCTTAATTGTCAGTAGGTTTTTGCGACAAATCTCACAAAAAAAAGTACCAACATACTGTCTACCTATCTGGGCGGATATCAC
1,1,0,ATACAAAAACAGGCAGGAACGTATTTACTTGGTTAAATATTATCATCCTGCTTTTCATACCAAAAACCGCAGATAATCCTTCCTTTCGCCGGCCGCTGGCTTAATTGTCAGTAGGTTTTTGCGACAAATCTCACAAAAAAAAGTACCAACATACTGTCTAGCCCGAAATCTTCTTTCGAA
5,5,0,ATACAAAAACAGGCAGGAACGTATTTACTTGGTTAAATATTATCATCCTGCTTTTCATACCAAAAACCGCAGATAATCCTTCCTTTCGCCGGCCGCTGGCTTAATTGTCAGTAGGTTTTTGCGACAAATCTCACAAAAAAAAGTACCAACATACTGTCTAGGGCCAGCATTTTTTTATAG
3,3,0,ATACAAAAACAGGCAGGAACGTATTTACTTGGTTAAATATTATCATCCTGCTTTTCATACCAAAAACCGCAGATAATCCTTCCTTTCGCCGGCCGCTGGCTTAATTGTCAGTAGGTTTTTGCGACAAATCTCACAAAAAAAAGTACCAACATACTGTCTATGTCGAGTCTAGACCAGGCG
16,1,15,ATACAAAAACATACAGGAACGTAATTACTCGGTTAAATATAATCATCCGGCTTCTCATCACAAAAACCGCAGATAATCCTTCCTTTCCCCGGCAGCTGGCGTTATGGTGAGATGGCTTTTGCAACACATCTCACAATAAAAAGTGTCAACATACTGAGTAACTTTGGATACTTTCTCGTG
2,1,1,ATACAAAAACATACAGGAACGTAATTACTCGGTTAAATATAATCATCCGGCTTCTCATCACAAAAACCGCAGATAATCCTTCCTTTCCCCGGCAGCTGGCGTTATGGTGAGATGGCTTTTGCAACACATCTCACAATAAAAAGTGTCAACATACTGAGTAATTTTCCAGTGAGTATTGCG
20,1,19,ATACAAAAACATACAGGAACGTAATTACTCGGTTAAATATAATCATCCGGCTTCTCATCACAAAAACCGCAGATAATCCTTCCTTTCCCCGGCAGCTGGCGTTATGGTGAGATGGCTTTTGCAACACATCTCACAATAAAAAGTGTCAACATACTGAGTAGTGACTTATTTAGCGCTAGA
3,1,2,ATACAAAAACATACAGGAACGTAATTACTCGGTTAAATATAATCATCCGGCTTCTCATCACAAAAACCGCAGATAATCCTTCCTTTCCCCGGCAGCTGGCGTTATGGTGAGATGGCTTTTGCAACACATCTCACAATAAAAAGTGTCAACATACTGAGTATGGGTACAAGTTCACCGTCG
23,4,19,ATACAAAAACATACAGGAACGTAATTACTCGGTTAAATATAATCATCCGGCTTCTCATCACAAAAACCGCAGATAATCCTTCCTTTCCCCGGCAGCTGGCGTTATGGTGAGATGGCTTTTGCAACACATCTCACAATAAAAAGTGTCAACATACTGAGTATTGTGTATTGGGCTTAATCA
6,6,0,ATACAAAAAGAGACAGGAAAGTATTTACTGGGTTAACAATAATCATCATGCTTCCCATCACAAAAACCGCAGCGAATCCTGCCGTTTCCCGCCAGCTGGCGTTATGGTCAGAGGGTTTAAGCGACAAATCTGACAATTACAAGTTCCCGCATTCCGACTAAAGATAGGTCGTAGGCATCC
4,4,0,ATACAAAAAGAGACAGGAAAGTATTTACTGGGTTAACAATAATCATCATGCTTCCCATCACAAAAACCGCAGCGAATCCTGCCGTTTCCCGCCAGCTGGCGTTATGGTCAGAGGGTTTAAGCGACAAATCTGACAATTACAAGTTCCCGCATTCCGACTAAGTCCCATCGGTTCATCAAT
2,2,0,ATACAAAAAGAGACAGGAAAGTATTTACTGGGTTAACAATAATCATCATGCTTCCCATCACAAAAACCGCAGCGAATCCTGCCGTTTCCCGCCAGCTGGCGTTATGGTCAGAGGGTTTAAGCGACAAATCTGACAATTACAAGTTCCCGCATTCCGACTAATTTTTAGTTAAGATTGAAG
23,18,5,ATACAAAAAGAGACAGGAAAGTATTTACTGGGTTAACAATAATCATCATGCTTCCCATCACAAAAACCGCAGCGAATCCTGCCGTTTCCCGCCAGCTGGCGTTATGGTCAGAGGGTTTAAGCGACAAATCTGACAATTACAAGTTCCCGCATTCCGACTACATTGCGTGATAGCCCATCG
10,2,8,ATACAAAAAGAGACAGGAAAGTATTTACTGGGTTAACAATAATCATCATGCTTCCCATCACAAAAACCGCAGCGAATCCTGCCGTTTCCCGCCAGCTGGCGTTATGGTCAGAGGGTTTAAGCGACAAATCTGACAATTACAAGTTCCCGCATTCCGACTAGGTAGAAAGACGGCGTAGGC
6,3,3,ATACAAAAAGAGACAGGAAAGTATTTACTGGGTTAACAATAATCATCATGCTTCCCATCACAAAAACCGCAGCGAATCCTGCCGTTTCCCGCCAGCTGGCGTTATGGTCAGAGGGTTTAAGCGACAAATCTGACAATTACAAGTTCCCGCATTCCGACTATTGCGTGATTAATTGCAGCC
6,5,1,ATACAAAAAGAGACAGGAACGTATTGACTGTGTTAAAGATAATCATCCTGCTTTTCCCCACAAAAACCGCAGATTTTCTTTCCCTTCCCCGGGAGCTCGCGTTATGGTCAGATAGGTTTTGCAACAAATCTCACAATAAAAAAGTTCAACATACTGACTACCGGCAGCTGTGGAAATTAC
1,1,0,ATACAAAAAGAGACAGGAACGTATTGACTGTGTTAAAGATAATCATCCTGCTTTTCCCCACAAAAACCGCAGATTTTCTTTCCCTTCCCCGGGAGCTCGCGTTATGGTCAGATAGGTTTTGCAACAAATCTCACAATAAAAAAGTTCAACATACTGACTATGCTGGCCTACGTGCCTCTT
1,1,0,ATACAAAAAGAGACAGGAACGTATTGACTGTGTTAAAGATAATCATCCTGCTTTTCCCCACAAAAACCGCAGATTTTCTTTCCCTTCCCCGGTAGCTCGCGTTATGGTCAGATAGGTTTTGCAACAAATCTCACAATAAAAAAGTTCAACATACTGACTAAAAGGAAAAGAAGGAGGGAG
1,1,0,ATACAAAAAGAGACAGGAACGTATTTACTGGGTTAAATATAATCATCCTGCTATTCATAACAAAACCGCCAGATAATCCTTCCGTTCCCCGGCAGCTGGGGTTATGGTCATGCGGTTTTTCCAACAAATCTCACAATAAAATGCTTCGACATACTAACTAAGCTGGCAATATCAATACGG
4,1,3,ATACAAAAAGAGACAGGAACGTATTTACTGGGTTAAATATAATCATCCTGCTATTCATAACAAAACCGCCAGATAATCCTTCCGTTCCCCGGCAGCTGGGGTTATGGTCATGCGGTTTTTCCAACAAATCTCACAATAAAATGCTTCGACATACTAACTAAGGGCCTTCTGCACGGGTTG
5,2,3,ATACAAAAAGAGACAGGAACGTATTTACTGGGTTAAATATAATCATCCTGCTATTCATAACAAAACCGCCAGATAATCCTTCCGTTCCCCGGCAGCTGGGGTTATGGTCATGCGGTTTTTCCAACAAATCTCACAATAAAATGCTTCGACATACTAACTAGGCTTACGGTGTACAAATGT
4,4,0,ATACAAAAAGAGACAGGAACGTATTTACTGGGTTAAATATAATCATCCTGCTATTCATAACAAAACCGCCAGATAATCCTTCCGTTCCCCGGCAGCTGGGGTTATGGTCATGCGGTTTTTCCAACAAATCTCACAATAAAATGCTTCGACATACTAACTATAGCGTGTAGGTACCCCACG
2,2,0,ATACAAAAAGAGACAGGAACGTATTTACTGGGTTAAATATAATCATCCTGCTTTCAATGATAGAAACCGCCGAGAATCCTTCCTTTGCCCGGCAACTTGCGTTATGGTCAGATGGTTTTTGCAACAAATCTCACAATAAGAAGTTTCATCATACTGACTAATACGCAATTGTATCGTTAC
2,2,0,ATACAAAAAGAGACAGGAACGTATTTACTGGGTTAAATATAATCATCCTGCTTTCAATGATAGAAACCGCCGAGAATCCTTCCTTTGCCCGGCAACTTGCGTTATGGTCAGATGGTTTTTGCAACAAATCTCACAATAAGAAGTTTCATCATACTGACTACAAACACAGCGAATTTGTCG
10,4,6,ATACAAAAAGAGACAGGAACGTATTTACTGGGTTAAATATAATCATCCTGCTTTCAATGATAGAAACCGCCGAGAATCCTTCCTTTGCCCGGCAACTTGCGTTATGGTCAGATGGTTTTTGCAACAAATCTCACAATAAGAAGTTTCATCATACTGACTACGGAACACATTACGTCCCGC
2,2,0,ATACAAAAAGAGACAGGAACGTATTTACTGGGTTAAATATAATCATCCTGCTTTCAATGATAGAAACCGCCGAGAATCCTTCCTTTGCCCGGCAACTTGCGTTATGGTCAGATGGTTTTTGCAACAAATCTCACAATAAGAAGTTTCATCATACTGACTAGCGGGTAAGGGCAGCGGCAG
4,4,0,ATACAAAAAGAGACAGGAACGTATTTACTGGGTTAAATATAATCATCCTGCTTTCAATGATAGAAACCGCCGAGAATCCTTCCTTTGCCCGGCAACTTGCGTTATGGTCAGATGGTTTTTGCAACAAATCTCACAATAAGAAGTTTCATCATACTGACTATTCATGATGTAACTAATCCT
3,3,0,ATACAAAAAGAGACAGGAACGTATTTACTGGGTTAAATGTAATCATCCTGCTTTTCCTCGCAAAAACCGCAGATAATCCTTCCCTTCCCCGGGAGTTGGCGTTCTGGCGCGATGGTTTTTGCAACGAATGTCAGAATAATCAGTTTCGACAGACTGACTCCATGGTTATCTGGGACTGTT
1,1,0,ATACAAAAAGAGACAGGAACGTATTTACTGGGTTAAATGTAATCATCCTGCTTTTCCTCGCAAAAACCGCAGATAATCCTTCCCTTCCCCGGGAGTTGGCGTTCTGGCGCGATGGTTTTTGCAACGAATGTCAGAATAATCAGTTTCGACAGACTGACTCCCCCATGGATTCAAAAGTCG
4,4,0,ATACAAAAAGAGACAGGAACGTATTTACTGGGTTAAATGTAATCATCCTGCTTTTCCTCGCAAAAACCGCAGATAATCCTTCCCTTCCCCGGGAGTTGGCGTTCTGGCGCGATGGTTTTTGCAACGAATGTCAGAATAATCAGTTTCGACAGACTGACTCCGCCACTGCTGTCGCCTAAA
3,1,2,ATACAAAAAGAGACAGGAACGTATTTACTGGGTTAAATGTAATCATCCTGCTTTTCCTCGCAAAAACCGCAGATAATCCTTCCCTTCCCCGGGAGTTGGCGTTCTGGCGCGATGGTTTTTGCAACGAATGTCAGAATAATCAGTTTCGACAGACTGACTCGCGCACTACCAGGTGCTAAA
4,4,0,ATACAAAAAGAGACAGGAACGTATTTACTGGGTTAAATGTAATCATCCTGCTTTTCCTCGCAAAAACCGCAGATAATCCTTCCCTTCCCCGGGAGTTGGCGTTCTGGCGCGATGGTTTTTGCAACGAATGTCAGAATAATCAGTTTCGACAGACTGACTCGGAGACACATGATGTTTAAG
2,2,0,ATACAAAAAGAGACAGGAACGTATTTACTGGGTTAAATGTAATCATCCTGCTTTTCCTCGCAAAAACCGCAGATAATCCTTCCCTTCCCCGGGAGTTGGCGTTCTGGCGCGATGGTTTTTGCAACGAATGTCAGAATAATCAGTTTCGACAGACTGACTCGTCTTTTTCTAGATATATAG
7,7,0,ATACAAAAAGAGACAGGAACGTATTTACTGGGTTAAATGTAATCATCCTGCTTTTCCTCGCAAAAACCGCAGATAATCCTTCCCTTCCCCGGGAGTTGGCGTTCTGGCGCGATGGTTTTTGCAACGAATGTCAGAATAATCAGTTTCGACAGACTGACTCGTTGTCCGAAAATTGCCGGT
5,5,0,ATACAAAAAGAGACAGGAACGTATTTACTGGGTTAAATGTAATCATCCTGCTTTTCCTCGCAAAAACCGCAGATAATCCTTCCCTTCCCCGGGAGTTGGCGTTCTGGCGCGATGGTTTTTGCAACGAATGTCAGAATAATCAGTTTCGACAGACTGACTCTGTGGGTGCTTGGTTACTAT
1,1,0,ATACAAAAAGAGACAGGAACGTATTTACTGGGTTAAATGTAATCATCCTGCTTTTCCTCGCAAAAACCGCAGATAATCCTTCCCTTCCCCGGGAGTTGGCGTTCTGGCGCGATGGTTTTTGCAACGAATGTCAGAATAATCAGTTTCGACAGACTGACTCTTCTCCCCACATGCCATGAC
1,1,0,ATACAAAAAGAGACAGGAACGTATTTACTGGGTTAAATGTAATCATCCTGCTTTTCCTCGCAAAAACCGCAGATAATCCTTCCCTTCTCCGGGAGTTGGCGTTCTGGCGCGATGGTTTTTGCAACGAATGTCAGAATAATCAGTTTCGACAGACTGACTCTTTACCTAAATATCCGCCCA
5,5,0,ATACAAAAAGAGACAGGAACGTATTTATCGGGTTAAATATGGTCATCCTTCTATTTATCACAATAACCGCAGATAATGCTTCCTTTCCCCCGCCGCTGGCTTTATGGTCAGATGGTGTTTGCAACAAATCTTAGAATAAAAAGTATCAACACACTGACTAATTTCACGTTTCACTACTAA
1,1,0,ATACAAAAAGAGACAGGAACGTATTTATCGGGTTAAATATGGTCATCCTTCTATTTATCACAATAACCGCAGATAATGCTTCCTTTCCCCCGCCGCTGGCTTTATGGTCAGATGGTGTTTGCAACAAATCTTAGAATAAAAAGTATCAACACACTGACTACGACCCAATGAAGACATTAA
3,3,0,ATACAAAAAGAGACAGGAACGTATTTATCGGGTTAAATATGGTCATCCTTCTATTTATCACAATAACCGCAGATAATGCTTCCTTTCCCCCGCCGCTGGCTTTATGGTCAGATGGTGTTTGCAACAAATCTTAGAATAAAAAGTATCAACACACTGACTACGTTCTTTGTTTCCCTACTA
1,1,0,ATACAAAAAGAGACAGGAACGTATTTATCGGGTTAAATATGGTCATCCTTCTATTTATCACAATAACCGCAGATAATGCTTCCTTTCCCCCGCCGCTGGCTTTATGGTCAGATGGTGTTTGCAACAAATCTTAGAATAAAAAGTATCAACACACTGACTATCTGTTTCGATAAGATGCTG
4,1,3,ATACAAAAAGAGACAGGAACGTATTTATCGGGTTAAATATGGTCATCCTTCTATTTATCACAATAACCGCAGATAATGCTTCCTTTCCCCCGCCGCTGGCTTTATGGTCAGATGGTGTTTGCAACAAATCTTAGAATAAAAAGTATCAACACACTGACTATTTAGGAATGAGCAGTGTTT
14,4,10,ATACAAAAAGAGACAGGAACGTATTTATCGGGTTAAATATGGTCATCCTTCTATTTATCACAATAACCGCAGATAATGCTTCCTTTCCCCCGCCGCTTGCTTTATGGTCAGATGGTGTTTGCAACAAATCTTAGAATAAAAAGTATCAACACACTGACTAAGCATAGCTCGCACGCACGT
9,1,8,ATACAAAAAGAGACAGGCACGTATTGACTGGGCTAAATCTAAGCATCGTTCTTCTCATCACAAAAACCGCAGAAACTCCTTCCTTTCCCCGGCAGCTGGCGTTATGGTCAGATAGTTTTGGCGACAAATCTCACAATTAAATTTTTCAACATACTGAGTAACTGATTACGCGTACTGAAC
4,0,4,ATACAAAAAGAGACAGGCACGTATTGACTGGGCTAAATCTAAGCATCGTTCTTCTCATCACAAAAACCGCAGAAACTCCTTCCTTTCCCCGGCAGCTGGCGTTATGGTCAGATAGTTTTGGCGACAAATCTCACAATTAAATTTTTCAACATACTGAGTACCATGTTTTCTGACTGCACA
15,1,14,ATACAAAAAGAGACAGGCACGTATTGACTGGGCTAAATCTAAGCATCGTTCTTCTCATCACAAAAACCGCAGAAACTCCTTCCTTTCCCCGGCAGCTGGCGTTATGGTCAGATAGTTTTGGCGACAAATCTCACAATTAAATTTTTCAACATACTGAGTACCGATAAGCTACAAGCATAC
11,5,6,ATACAAAAAGAGACAGGCACGTATTGACTGGGCTAAATCTAAGCATCGTTCTTCTCATCACAAAAACCGCAGAAACTCCTTCCTTTCCCCGGCAGCTGGCGTTATGGTCAGATAGTTTTGGCGACAAATCTCACAATTAAATTTTTCAACATACTGAGTACCTTCTTGTCGTTTTTGATC
5,5,0,ATACAAAAAGAGACAGGCACGTATTGACTGGGCTAAATCTAAGCATCGTTCTTCTCATCACAAAAACCGCAGAAACTCCTTCCTTTCCCCGGCAGCTGGCGTTATGGTCAGATAGTTTTGGCGACAAATCTCACAATTAAATTTTTCAACATACTGAGTACTGATTAATTCGTACTAATC
12,1,11,ATACAAAAAGAGACAGGCACGTATTGACTGGGCTAAATCTAAGCATCGTTCTTCTCATCACAAAAACCGCAGAAACTCCTTCCTTTCCCCGGCAGCTGGCGTTATGGTCAGATAGTTTTGGCGACAAATCTCACAATTAAATTTTTCAACATACTGAGTAGCAAATAGTGACTGCTCATC
8,3,5,ATACAAAAAGAGACAGGCACGTATTGACTGGGCTAAATCTAAGCATCGTTCTTCTCATCACAAAAACCGCAGAAACTCCTTCCTTTCCCCGGCAGCTGGCGTTATGGTCAGATAGTTTTGGCGACAAATCTCACAATTAAATTTTTCAACATACTGAGTAGCGCAGATACCACCATGGCC
6,0,6,ATACAAAAAGAGACAGGCACGTATTGACTGGGCTAAATCTAAGCATCGTTCTTCTCATCACAAAAACCGCAGAAACTCCTTCCTTTCCCCGGCAGCTGGCGTTATGGTCAGATAGTTTTGGCGACAAATCTCACAATTAAATTTTTCAACATACTGAGTAGTGGCCGTTGTTCTGCAGTT
13,6,7,ATACAAAAAGAGACAGGCACGTATTGACTGGGCTAAATCTAAGCATCGTTCTTCTCATCACAAAAACCGCAGAAACTCCTTCCTTTCCCCGGCAGCTGGCGTTATGGTCAGATAGTTTTGGCGACAAATCTCACAATTAAATTTTTCAACATACTGAGTATACATGAGACGTGGAATTCA
3,3,0,ATACAAAAAGAGACAGTAACGTATTTACTGGGTTAAATATAATCAACCTTCTTTTCATCACAAAAACTGCAGATAATCCTTCCTGTCCCCGGCACCTGGCGTTGTGGTCAGATGGTCTTTGCTACAAATCTAACAATAAAAAGTTTCAACATACTGACTAAAATTACTCTAGATTAAGTT
1,1,0,ATACAAAAAGAGACAGTAACGTATTTACTGGGTTAAATATAATCAACCTTCTTTTCATCACAAAAACTGCAGATAATCCTTCCTGTCCCCGGCACCTGGCGTTGTGGTCAGATGGTCTTTGCTACAAATCTAACAATAAAAAGTTTCAACATACTGACTATGGGGCGATTCACGAGAATC
17,2,15,ATACAAAAAGAGACGGGAACGTATTTCCTGGTTTAAATATCATCATCCGGCTTTTCATCACAAAAACCGCCGATAATCCTTCCATGCCCCGGCCGTTGGCGTTATGGTCAGATGGATTTTACAACAAATCTCACGATAGAAAGTTTCAACATACTCACTATTTAACCCGAGTCGAGAACA
20,14,6,ATACAAAAAGAGACGGGAACGTATTTCCTGGTTTAAATATCATCATCCGGCTTTTCATCACAAAAACCGCCGATAATCCTTCCATGCCCCGGCCGTTGGCGTTATGGTCAGATGGATTTTGCAACAAATCTCACGATAGAAAGTTTCAACATACTCACTAAGTAGGCCAATGATGATGGT
6,4,2,ATACAAAAAGAGACGGGAACGTATTTCCTGGTTTAAATATCATCATCCGGCTTTTCATCACAAAAACCGCCGATAATCCTTCCATGCCCCGGCCGTTGGCGTTATGGTCAGATGGATTTTGCAACAAATCTCACGATAGAAAGTTTCAACATACTCACTACCTCCCAAGGACACTGTATT
17,7,10,ATACAAAAAGAGACGGGAACGTATTTCCTGGTTTAAATATCATCATCCGGCTTTTCATCACAAAAACCGCCGATAATCCTTCCATGCCCCGGCCGTTGGCGTTATGGTCAGATGGATTTTGCAACAAATCTCACGATAGAAAGTTTCAACATACTCACTAGACGTTGACGTACGAGTTTG
4,2,2,ATACAAAAAGAGACGGGAACGTATTTCCTGGTTTAAATATCATCATCCGGCTTTTCATCACAAAAACCGCCGATAATCCTTCCATGCCCCGGCCGTTGGCGTTATGGTCAGATGGATTTTGCAACAAATCTCACGATAGAAAGTTTCAACATACTCACTAGCGACGGTTGCCATGTTCGA
16,6,10,ATACAAAAAGAGACGGGAACGTATTTCCTGGTTTAAATATCATCATCCGGCTTTTCATCACAAAAACCGCCGATAATCCTTCCATGCCCCGGCCGTTGGCGTTATGGTCAGATGGATTTTGCAACAAATCTCACGATAGAAAGTTTCAACATACTCACTATATACTGTGCAGATTGGTCT
7,3,4,ATACAAAAAGAGACGGGAACGTATTTCCTGGTTTAAATATCATCATCCGGCTTTTCATCACAAAAACCGCCGATAATCCTTCCATGCCCCGGCCGTTGGCGTTATGGTCAGATGGATTTTGCAACAAATCTCACGATAGAAAGTTTCAACATACTCACTATCTCTGTTTCTGTCTAAATG
5,2,3,ATACAAAAAGAGACGGGAACGTATTTCCTGGTTTAAATATCATCATCCGGCTTTTCATCACAAAAACCGCCGATAATCCTTCCATGCCCCGGCCGTTGGCGTTATGGTCAGATGGATTTTGCAACAAATCTCACGATAGAAAGTTTCAACATACTCACTATGCCACGTAATATTGAGAAG
2,0,2,ATACAAAAAGAGAGAGGAACTTAATTACTGGGTTAAATATAATCATCCTGCTCTTCATAACCCAAACCGCAGATAATCCTTCCTTTCCCCGGCAGCTGTCGTTATGGTTAAATGACTTTTGCAACAATTCTCACAATAAAAAGATTCAACATAATGACTAATATGTTTCGGTCTAAAATG
29,27,2,ATACAAAAAGAGAGAGGAACTTAATTACTGGGTTAAATATAATCATCCTGCTCTTCATAACCCAAACCGCAGATAATCCTTCCTTTCCCCGGCAGCTGTCGTTATGGTTAAATGACTTTTGCAACAATTCTCACAATAAAAAGATTCAACATAATGACTACAAATAGTTTACAATGAAAG
4,2,2,ATACAAAAAGAGAGAGGAACTTAATTACTGGGTTAAATATAATCATCCTGCTCTTCATAACCCAAACCGCAGATAATCCTTCCTTTCCCCGGCAGCTGTCGTTATGGTTAAATGACTTTTGCAACAATTCTCACAATAAAAAGATTCAACATAATGACTACAATTACAATCTAAGGCGCC
6,6,0,ATACAAAAAGAGAGAGGAACTTAATTACTGGGTTAAATATAATCATCCTGCTCTTCATAACCCAAACCGCAGATAATCCTTCCTTTCCCCGGCAGCTGTCGTTATGGTTAAATGACTTTTGCAACAATTCTCACAATAAAAAGATTCAACATAATGACTAGACTACCCTTACATGTGAAG
1,1,0,ATACAAAAAGAGTCAGGAGCGTATTTACTGGCTTAAATATAATCATCCAGCTTTACATCACTGAAACCGCAGATAATTCTTCCTTTCGCCGGCGGCTGGCTTTATGGTCAGATGGTTTTTGCAACAAATCTCACAATTAAAAGTTTCAACATACTGACTGGCGGTGAGGCTCATTCCCTA
32,8,24,ATACAAAAAGAGTCAGGAGCGTATTTACTGGCTTAAATATAATCATCCGGCTTTACATCACTGAAACCGCAGATAATTCTTCCTTTCGCCGGCGGCTGGCTTTATGGTCAGATGGTTTTTGCAACAAATCTCACAATTAAAAGTTTCAACATACTGACTGAAAGAGCCCTCTGACACTAA
2,2,0,ATACAAAAAGAGTCAGGAGCGTATTTACTGGCTTAAATATAATCATCCGGCTTTACATCACTGAAACCGCAGATAATTCTTCCTTTCGCCGGCGGCTGGCTTTATGGTCAGATGGTTTTTGCAACAAATCTCACAATTAAAAGTTTCAACATACTGACTGATCCTGCTGATTTACCTTCG
3,1,2,ATACAAAAAGAGTCAGGAGCGTATTTACTGGCTTAAATATAATCATCCGGCTTTACATCACTGAAACCGCAGATAATTCTTCCTTTCGCCGGCGGCTGGCTTTATGGTCAGATGGTTTTTGCAACAAATCTCACAATTAAAAGTTTCAACATACTGACTGCATGGACTGTTACTTAGTGT
10,5,5,ATACAAAAAGAGTCAGGAGCGTATTTACTGGCTTAAATATAATCATCCGGCTTTACATCACTGAAACCGCAGATAATTCTTCCTTTCGCCGGCGGCTGGCTTTATGGTCAGATGGTTTTTGCAACAAATCTCACAATTAAAAGTTTCAACATACTGACTGCCCCGTAAAGCGGAAACTTT
3,3,0,ATACAAAAAGAGTCAGGAGCGTATTTACTGGCTTAAATATAATCATCCGGCTTTACATCACTGAAACCGCAGATAATTCTTCCTTTCGCCGGCGGCTGGCTTTATGGTCAGATGGTTTTTGCAACAAATCTCACAATTAAAAGTTTCAACATACTGACTGCGCGCTGACCTGGAATTCGC
13,12,1,ATACAAAAAGAGTCAGGAGCGTATTTACTGGCTTAAATATAATCATCCGGCTTTACATCACTGAAACCGCAGATAATTCTTCCTTTCGCCGGCGGCTGGCTTTATGGTCAGATGGTTTTTGCAACAAATCTCACAATTAAAAGTTTCAACATACTGACTGGCGTTATCTCCGGTGGCGAC
8,8,0,ATACAAAAAGGGACTTGAACGTATTTACTGGGTTAAATGTAATCATCTTGCTTTTCATCACAATAACCGCAGCTAATCCTTCCTTTCCCGAGCAGCTGGCGTTATGGTCAGATGGTTTTTGCATCAAATCTCCCAATAAAAAGTTTCAACATTCTAACGAACGATCGTCCACCTGAACGT
3,3,0,ATACAAAAATAGACACCAACGTATCTACTGGGTTAAATATTATCATACTGCGTTTCATCAGAAGAACCGCACATAATCCTTCCTTTCAACCGCAGTTGGCGTTCTGGTCAGATGGTTTTTGCAACAAGTCCCGCAATAAAAAGTTTCAACACACAGACTTAGAGCTTTGGATCTGCCTGT
21,17,4,ATACAAAAATAGACACCAACGTATCTACTGGGTTAAATATTATCATACTGCGTTTCATCAGAAGAACCGCAGATAATCCTTCCTTTCAACCGCAGTTGGCGTTCTGGTCAGATGGTTTTTGCAACAAGTCCCGCAATAAAAAGTTTCAACACACAGACTTACTACCCGTTCGGGTCTCAC
4,4,0,ATACAAAAATAGACACCAACGTATCTACTGGGTTAAATATTATCATACTGCGTTTCATCAGAAGAACCGCAGATAATCCTTCCTTTCAACCGCAGTTGGCGTTCTGGTCAGATGGTTTTTGCAACAAGTCCCGCAATAAAAAGTTTCAACACACAGACTTAGCAGTCTGTAATGCTAGTC
6,6,0,ATACAAAAATAGACACCAACGTATCTACTGGGTTAAATATTATCATACTGCGTTTCATCAGAAGAACCGCAGATAATCCTTCCTTTCAACCGCAGTTGGCGTTCTGGTCAGATGGTTTTTGCAACAAGTCCCGCAATAAAAAGTTTCAACACACAGACTTCCCACCGGGACATCTCGATA
1,1,0,ATACAAAAATAGACACCAACGTATCTACTGGGTTAAATATTATCATACTGCGTTTCATCAGAAGAACCGCAGATAATCCTTCCTTTCAACCGCAGTTGGCGTTCTGGTCAGATGGTTTTTGCAACAAGTCCCGCAATAAAAAGTTTCAACACACAGACTTCTGTCTCCTTTATCAGAGTC
7,7,0,ATACAAAAATAGACACCAACGTATCTACTGGGTTAAATATTATCATACTGCGTTTCATCAGAAGAACCGCAGATAATCCTTCCTTTCAACCGCAGTTGGCGTTCTGGTCAGATGGTTTTTGCAACAAGTCCCGCAATAAAAAGTTTCAACACACAGACTTGCTCTGAATAGGTTCACTCG
2,1,1,ATACAAAAATAGACACCAACGTATCTACTGGGTTAAATATTATCATACTGCGTTTCATCAGAAGAACCGCAGATAATCCTTCCTTTCAACCGCAGTTGGCGTTCTGGTCAGATGGTTTTTGCAACAAGTCCCGCAATAAAAAGTTTCAACACACAGACTTGTGACCAATCGCGTGGCTTG
6,5,1,ATACAAAAATAGACACCAACGTATCTACTGGGTTAAATATTATCATACTGCGTTTCATCAGAAGAACCGCAGATAATCCTTCCTTTCAACCGCAGTTGGCGTTCTGGTCAGATGGTTTTTGCAACAAGTCCCGCAATAAAAAGTTTCAACACACAGACTTTTCCATACTTTTGCTGTCAA
1,1,0,ATACAAAAATAGACACCAACGTATCTACTGGGTTAAATATTATCATACTGCGTTTCATCAGAAGAACCGCAGATAATCCTTCCTTTCAACCGCAGTTGGCGTTCTGGTCAGATGGTTTTTGCAACAAGTCCCGCAATAAAAAGTTTCAACACACAGACTTTTCGTTTCCCGGCGCTAAAG
1,1,0,ATACAAAAATAGACAGGAACGAATTTACGGGGGTAAATATAACCAACCTGCTATTCATCACAAAAACCGCAGATAATCCTTCGTTTCCCCGGCAGCTAGCGTGATGGTGAGATGGTTTTTGCAACAAACCACACAATAAAAAGTTTCAACATGCTGACTAAACGTCATTTCCTGGTACAG
3,3,0,ATACAAAAATAGACAGGAACGTATTTACTGGGTTAAGTAGAATCATCCTGCTTTTCATCACAAGATCAGCAGATACGCCTTCCGTTCCGCGGTAGCCGCCGTCATGGTCAGTTGGTTCTTTCAACAAATCCGACAATAAAAGGTTTGAACATACTGGCTAATTCATTTTACTTAGCAGCT
1,1,0,ATACAAAAATAGACAGGAACGTATTTACTGGGTTAAGTAGAATCATCCTGCTTTTCATCACAAGATCAGCAGATACGCCTTCCGTTCCGCGGTAGCCGCCGTCATGGTCAGTTGGTTCTTTCAACAAATCCGACAATAAAAGGTTTGAACATACTGGCTACTCCAAGATCCTAATCATTG
1,1,0,ATACAAAAATAGACAGGAACGTATTTACTGGGTTAAGTAGAATCATCCTGCTTTTCATCACAAGATCAGCAGATACGCCTTCCGTTCCGCGGTAGCCGCCGTCATGGTCAGTTGGTTCTTTCAACAAATCCGACAATAAAAGGTTTGAACATACTGGCTACTCTTAAATGGTCCAGCGAC
5,5,0,ATACAAAAATAGACAGGAACGTATTTACTGGGTTAAGTAGAATCATCCTGCTTTTCATCACAAGATCAGCAGATACGCCTTCCGTTCCGCGGTAGCCGCCGTCATGGTCAGTTGGTTCTTTCAACAAATCCGACAATAAAAGGTTTGAACATACTGGCTAGAAACAGCACAAATGCTATA
8,7,1,ATACAAAAATAGACAGGAACGTATTTACTGGGTTAAGTAGAATCATCCTGCTTTTCATCACAAGATCAGCAGATACGCCTTCCGTTCCGCGGTAGCCGCCGTCATGGTCAGTTGGTTCTTTCAACAAATCCGACAATAAAAGGTTTGAACATACTGGCTAGGACCCTTGCAACCAACGTC
2,2,0,ATACAAAAATAGACAGGAACGTATTTACTGGGTTAAGTAGAATCATCCTGCTTTTCATCACAAGATCAGCAGATACGCCTTCCGTTCCGCGGTAGCCGCCGTCATGGTCAGTTGGTTCTTTCAACAAATCCGACAATAAAAGGTTTGAACATACTGGCTAGTTGTATGAAGAAGTGTCAA
1,1,0,ATACAAAAATAGACAGGAACGTATTTACTGGGTTAAGTAGAATCATCCTGCTTTTCATCACAAGATCAGCAGATACGCCTTCCGTTCCGCGGTAGCCGCCGTCATGGTCAGTTGGTTCTTTCAACAAATCCGACAATAAAAGGTTTGAACATACTGGCTATATTCCTCTGGGACGCTATG
3,2,1,ATACAAAAATAGACAGGAACGTATTTAGTGGGTTGACTATAATCATCCTGCATTTCATCACAAAAGCCGCGGAAGATCCTTCCTTTCCCCGGCAGCTTGCGTTATGGACAGATGGTTTTTGCGACAAATTTCACGTTAAAAGGTTTCAAAATACTGACTACCGAAAACTGTACTACAAGG
1,1,0,ATACAAAAATAGACAGGAACGTATTTAGTGGGTTGACTATAATCATCCTGCATTTCATCACAAAAGCCGCGGAAGATCCTTCCTTTCCCCGGCAGCTTGCGTTATGGACAGATGGTTTTTGCGACAAATTTCACGTTAAAAGGTTTCAAAATACTGACTAGAGTTGGCTCGGATTCCAAT
2,2,0,ATACAAAAATAGACAGGAACGTATTTAGTGGGTTGACTATAATCATCCTGCATTTCATCACAAAAGCCGCGGAAGATCCTTCCTTTCCCCGGCAGCTTGCGTTATGGACAGATGGTTTTTGCGACAAATTTCACGTTAAAAGGTTTCAAAATACTGACTAGGACCTATTCAATTGAAGTC
1,1,0,ATACAAAAATAGACAGGAACGTATTTAGTGGGTTGACTATAATCATCCTGCATTTCATCACAAAAGCCGCGGAAGATCCTTCCTTTCCCCGGCAGCTTGCGTTATGGACAGATGGTTTTTGCGACAAATTTCACGTTAAAAGGTTTCAAAATACTGACTATCAAACGGACTATCCAAACA
2,2,0,ATACAAAAATAGACAGGAACGTATTTAGTGGGTTGACTATAATCATCCTGCATTTCATCACAAAAGCCGCGGAAGATCCTTCCTTTCCCCGGCAGCTTGCGTTATGGACAGATGGTTTTTGCGACAAATTTCACGTTAAAAGGTTTCAAAATACTGACTATCATTTGTTAGTGGGTAACA
4,4,0,ATACAAAAATAGACAGGAACGTATTTAGTGGGTTGACTATAATCATCCTGCATTTCATCACAAAAGCCGCGGAAGATCCTTCCTTTCCCCGGCAGCTTGCGTTATGGACAGATGGTTTTTGCGACAAATTTCACGTTAAAAGGTTTCAAAATACTGACTATGAAGGAGAGGTCTTTATTG
36,0,36,ATACAAAAATAGACAGGAACTTATTTACTGGGTGAAATATAATCATCCTGCGTTTCATCACAAAAACAGCAGATAATCCTTCCTTTCCCCGGCGGCTGGCGTTATGGTCAGATGGTTTTTGCAACAAATCACACATTAAAAAGTTCCAACAGACTGACTAAACCCGGAACTTTAAAGCGT
45,5,40,ATACAAAAATAGACAGGAACTTATTTACTGGGTGAAATATAATCATCCTGCGTTTCATCACAAAAACAGCAGATAATCCTTCCTTTCCCCGGCGGCTGGCGTTATGGTCAGATGGTTTTTGCAACAAATCACACATTAAAAAGTTCCAACAGACTGACTAAATCGGTAGTAGTATTTCGT
14,0,14,ATACAAAAATAGACAGGAACTTATTTACTGGGTGAAATATAATCATCCTGCGTTTCATCACAAAAACAGCAGATAATCCTTCCTTTCCCCGGCGGCTGGCGTTATGGTCAGATGGTTTTTGCAACAAATCACACATTAAAAAGTTCCAACAGACTGACTAACAAAACTGATCCAACTTAT
14,2,12,ATACAAAAATAGACAGGAACTTATTTACTGGGTGAAATATAATCATCCTGCGTTTCATCACAAAAACAGCAGATAATCCTTCCTTTCCCCGGCGGCTGGCGTTATGGTCAGATGGTTTTTGCAACAAATCACACATTAAAAAGTTCCAACAGACTGACTAAGGTAATGTCTTCTGGAATG
17,0,17,ATACAAAAATAGACAGGAACTTATTTACTGGGTGAAATATAATCATCCTGCGTTTCATCACAAAAACAGCAGATAATCCTTCCTTTCCCCGGCGGCTGGCGTTATGGTCAGATGGTTTTTGCAACAAATCACACATTAAAAAGTTCCAACAGACTGACTACTCTGTTAGTACATTCACTT
2,2,0,ATACAAAAATAGACAGGAACTTATTTACTGGGTGAAATATAATCATCCTGCGTTTCATCACAAAAACAGCAGATAATCCTTCCTTTCCCCGGCGGCTGGCGTTATGGTCAGATGGTTTTTGCAACAAATCACACATTAAAAAGTTCCAACAGACTGACTAGCTGGTAACGCTAGACATTG
3,2,1,ATACAAAAATAGACAGGAACTTATTTACTGGGTGAAATATAATCATCCTGCGTTTCATCACAAAAACAGCAGATAATCCTTCCTTTCCCCGGCGGCTGGCGTTATGGTCAGATGGTTTTTGCAACAAATCACACATTAAAAAGTTCCAACAGACTGACTAGGGACTTCGGTCTCTTTCAA
1,0,1,ATACAAAAATAGACAGGAACTTATTTACTGGGTGAAATATAATCATCCTGCGTTTCATCACAAAAACAGCAGATAATCCTTCCTTTCCCCGGCGGCTGGCGTTATGGTCAGATGGTTTTTGCAACAAATCACACATTAAAAAGTTCCAACAGACTGACTATACCGTTGATAACTGCGGTT
13,1,12,ATACAAAAATAGACAGGAACTTATTTACTGGGTGAAATATAATCATCCTGCGTTTCATCACAAAAACAGCAGATAATCCTTCCTTTCCCCGGCGGCTGGCGTTATGGTCAGATGGTTTTTGCAACAAATCACACATTAAAAAGTTCCAACAGACTGACTATGAAAAGTAACCCAACTCAG
56,6,50,ATACAAAAATAGACAGGACTCTATTTACTTGGTTAAATATAATCATCCTGCTTTTCATAACAGAAACTGCCGATAATCCTTGCTTTCCCCGGCAACTGGCGTTATGATCAGATGGTGTCTGACACACATCTCACAATAAAAAGATTCAACATACTGACTACTGTTCATTCGTAATTTATA
83,0,83,ATACAAAAATAGACAGGACTCTATTTACTTGGTTAAATATAATCATCCTGCTTTTCATAACAGAAACTGCCGATAATCCTTGCTTTCCCCGGCAACTGGCGTTATGATCAGATGGTGTCTGACACACATCTCACAATAAAAAGATTCAACATACTGACTAGCAATGGTGTTAATGTGAAG
66,0,66,ATACAAAAATAGACAGGACTCTATTTACTTGGTTAAATATAATCATCCTGCTTTTCATAACAGAAACTGCCGATAATCCTTGCTTTCCCCGGCAACTGGCGTTATGATCAGATGGTGTCTGACACACATCTCACAATAAAAAGATTCAACATACTGACTAGGGTGGAGTATTTGGACCCC
17,0,17,ATACAAAAATAGACAGGACTCTATTTACTTGGTTAAATATAATCATCCTGCTTTTCATAACAGAAACTGCCGATAATCCTTGCTTTCCCCGGCAACTGGCGTTATGATCAGATGGTGTCTGACACACATCTCACAATAAAAAGATTCAACATACTGACTATAGACCTTTGGTTTGCCAGT
30,4,26,ATACAAAAATAGACAGGACTCTATTTACTTGGTTAAATATAATCATCCTGCTTTTCATAACAGAAACTGCCGATAATCCTTGCTTTCCCCGGCAACTGGCGTTATGATCAGATGGTGTCTGACACACATCTCACAATAAAAAGATTCAACATACTGACTATGATGACAAGTTACCTTCGG
18,0,18,ATACAAAAATAGACAGGACTCTATTTACTTGGTTAAATATAATCATCCTGCTTTTCATAACAGAAACTGCCGATAATCCTTGCTTTCCCCGGCAACTGGCGTTATGATCAGATGGTGTCTGACACACATCTCACAATAAAAAGATTCAACATACTGACTATGGCGTCAGGTATTTACAGC
9,0,9,ATACAAAAATAGACAGGACTCTATTTACTTGGTTAAATATAATCATCCTGCTTTTCATAACAGAAACTGCCGATAATCCTTGCTTTCCCCGGCAACTGGCGTTATGATCAGATGGTGTCTGACACACATCTCACAATAAAAAGATTCAACATACTGACTATTCTCATAAGGTTGTGTTGA
10,9,1,ATACAAAAATAGACAGGATCGTATTTACTGAGTTAAATAAAATCATCCTGCTTTTTATCAGGAAAACCGCGGATAATCCGTCTTTTCCCCGGCAGCTGGCGTTATGGTCAGATGGTTTTTGCGACAAATCTCACAACAAACCGTTACAACATACTGACTAACATAGGTGTTGGATCTCGC
7,7,0,ATACAAAAATAGACAGGATCGTATTTACTGAGTTAAATAAAATCATCCTGCTTTTTATCAGGAAAACCGCGGATAATCCGTCTTTTCCCCGGCAGCTGGCGTTATGGTCAGATGGTTTTTGCGACAAATCTCACAACAAACCGTTACAACATACTGACTATGACTTCAATCTTCTGCAAT
2,2,0,ATACAAAAATAGACAGGGACATATTTACTGGGTTATATATAATCATCCTGCTTATCAGCACAACAAACGCAGTTAATCCTTCGTTTCTCCGGCAGCTGGCGTTATTGTCAGATGGCTTTTGTGACAGATCTCACAATAAAAAGTTTCAACATACTGACTATCATCACGTACAACCTTAGC
2,1,1,ATACAAAAATAGACAGGGACGTATTTACTGGGTTATATATAATCATCCTGCTTATCAGCACAACAAACGCAGTTAATCCTTCGTTTCTCCGGCAGCTGGCGTTATTGTCAGATGGCTTTTGTGACAGATCTCACAATAAAAAGTTTCAACATACTGACTAAAAGATGCATTTCGTCGTTA
7,0,7,ATACAAAAATAGACAGGGACGTATTTACTGGGTTATATATAATCATCCTGCTTATCAGCACAACAAACGCAGTTAATCCTTCGTTTCTCCGGCAGCTGGCGTTATTGTCAGATGGCTTTTGTGACAGATCTCACAATAAAAAGTTTCAACATACTGACTATGGCACTATTAATCCGCCTC
2,0,2,ATACAAAAATAGACAGGGACGTATTTACTGGGTTATATATAATCATCCTGCTTATCAGCACAACAAACGCAGTTAATCCTTCGTTTCTCCGGCAGCTGGCGTTATTGTCAGATGGCTTTTGTGACAGATCTCACAATAAAAAGTTTCAACATACTGACTATGTCCGATGTCACTGCTGGG
1,1,0,ATACAAAAATAGACAGTAACGTAATTGCTGGGTGTAATACGATCAACCTGCATTTCATCACAATAACCGCAGATAATCCTTCCTTTCCCCTCCAGCTGGCGTCATGATCATATGGTTCTTGGAACAAATCTCATAATAAAAAGTTTCAACATACTCACTAACAAGAGTTTTTGCTTGTCA
9,7,2,ATACAAAAATAGACAGTAACGTAATTGCTGGGTGTAATACGATCAACCTGCATTTCATCACAATAACCGCAGATAATCCTTCCTTTCCCCTCCAGCTGGCGTCATGATCATATGGTTCTTGGAACAAATCTCATAATAAAAAGTTTCAACATACTCACTAACCGGGTTTACTATTCAGCT
4,4,0,ATACAAAAATAGACAGTAACGTAATTGCTGGGTGTAATACGATCAACCTGCATTTCATCACAATAACCGCAGATAATCCTTCCTTTCCCCTCCAGCTGGCGTCATGATCATATGGTTCTTGGAACAAATCTCATAATAAAAAGTTTCAACATACTCACTAAGTCTTGCTCTAACAAGGGC
15,14,1,ATACAAAAATAGACAGTAACGTAATTGCTGGGTGTAATACGATCAACCTGCATTTCATCACAATAACCGCAGATAATCCTTCCTTTCCCCTCCAGCTGGCGTCATGATCATATGGTTCTTGGAACAAATCTCATAATAAAAAGTTTCAACATACTCACTAGGCACCGACTGGAACACGAG
2,2,0,ATACAAAAATAGACAGTAACGTAATTGCTGGGTGTAATACGATCAACCTGCATTTCATCACAATAACCGCAGATAATCCTTCCTTTCCCCTCCAGCTGGCGTCATGATCATATGGTTCTTGGAACAAATCTCATAATAAAAAGTTTCAACATACTCACTAGGGATCTGGATAATTTCCTG
13,10,3,ATACAAAAATAGACAGTAACGTAATTGCTGGGTGTAATACGATCAACCTGCATTTCATCACAATAACCGCAGATAATCCTTCCTTTCCCCTCCAGCTGGCGTCATGATCATATGGTTCTTGGAACAAATCTCATAATAAAAAGTTTCAACATACTCACTATTGTTATTTGTCATCATCCG
7,3,4,ATACAAAAATAGACAGTAACGTAATTGCTGGGTGTAATACGATCAACCTGCATTTCATCACAATAACCGCAGATAATCCTTCCTTTCCCCTCCAGCTGGCGTCATGATCATATGGTTCTTGGAACAAATCTCATAATAAAAAGTTTCAACATACTCACTATTTAGAATCGGGGAAGAGAG
3,3,0,ATACAAAAATAGACAGTAATGTACTTACTGGGTTGAATATAATCATCATGCTTTTCATCACTAAAACCGCAGATAATCCTTGCGTTCCCCGGCAGCTGACGTGATGGACAGATGATTTTCGCTACAAATCTCATAATAAAAGGTTGCCACAAACAGACTCGGCACCCATATCCGACAAAA
7,7,0,ATACAAAAATAGACAGTAATGTACTTACTGGGTTGAATATAATCATCATGCTTTTCATCACTAAAACCGCAGATAATCCTTGCGTTCCCCGGCAGCTGACGTGATGGACAGATGATTTTCGCTACAAATCTCATAATAAAAGGTTGCCACAAACAGACTCTGGGCTTCTATCCTCAAGTA
1,1,0,ATACAAAAATAGACAGTAATGTACTTACTGGGTTGAATATAATCATCATGCTTTTCATCACTAAAACCGCAGATAATCCTTGCGTTCCCCGGCAGCTGACGTGATGGACAGATGATTTTCGCTACAAATCTCATAATAAAAGGTTGCCACAAACAGACTCTTATCGTATAACGCACTATC
2,1,1,ATACAAAAATAGACATGAACGTATTTACCGGGTTAAAAATAATCATCCTCCTTTTCATCTCGAAAACCGCAGATCATCCTTCCTTTCCACGGCAGCTGGCATTATGGTCAGTTTGTCTTTGCAACAAATGTCACACTAAAGAGTTTCAACATACTGAAGACCGCAGAGAAACGGGAATCG
9,4,5,ATACAAAAATCGACAGAAACGTATTTACTGGGCTAAGCATAATGATCCTACCTTTCATCACAAAAACCGCAGATAATCCTTCCTTTCCCCGGCAGCTGGGGTTATGGTCAGATGGTTTTTGAAACAAATCTCACAATACAAAGTTTCAACATACTGACTAAGAGGCAATTAGCGGATCAT
64,2,62,ATACAAAAATTGACAGGATGGTATTTACCGGGTTAAATATAATTATCCTGCTTTTCATCACAAAAACCGCAGATCAGGCTGCCTTTCCCCGGCAGCTGGCGTTATGGTCAGATGGATTTTGCACCAAGGGTCACAATAAAAAGTTTCCGCATAATGAATAGGCTGACCCAAGTATGGCTA
42,2,40,ATACAAAACAAGACAGGAACGTAGTTAATGGGTTAAAGATAATCATCCTGCTTTCTATCACAAAAACCGCAGATAATCCTTCCTTTACCCCGCAGCTGGCGTTATGGTCACATTGTTTTTGCAACAAATCTCACACTAAAGAGTTTTAGCATACCGACTAAACCGGATTGTAGCACCAAA
6,1,5,ATACAAAACAAGACAGGAACGTAGTTAATGGGTTAAAGATAATCATCCTGCTTTCTATCACAAAAACCGCAGATAATCCTTCCTTTACCCCGCAGCTGGCGTTATGGTCACATTGTTTTTGCAACAAATCTCACACTAAAGAGTTTTAGCATACCGACTAATGAGAGATTGCCGCTCCCT
4,1,3,ATACAAAACAAGACAGGAACGTAGTTAATGGGTTAAAGATAATCATCCTGCTTTCTATCACAAAAACCGCAGATAATCCTTCCTTTACCCCGCAGCTGGCGTTATGGTCACATTGTTTTTGCAACAAATCTCACACTAAAGAGTTTTAGCATACCGACTAGCAGCGGACGACTCACACTA
47,3,44,ATACAAAACAAGACAGGAACGTAGTTAATGGGTTAAAGATAATCATCCTGCTTTCTATCACAAAAACCGCAGATAATCCTTCCTTTACCCTGCAGCTGGCGTTATGGTCACATTGTTTTTGCAACAAATCTCACACTAAAGAGTTTTAGCATACCGACTAAGGTGACAATCGGTTTCTGA
24,23,1,ATACAAAACAAGACAGGAACGTATATTCTGGGCTAAATATAATCATCCTTCTTTTCATCCCTAAAACCGCAGACAAGGCTTCCTTTCCCCGGCCGTTCGCGTTCTGGTCAGATGGTTTTTGCAATAAATCTGACAATAAAAAGTTTTAACATACTGACTGCCAGAATCTACTTGTAGACT
29,11,18,ATACAAAACAAGACAGGAACGTATATTCTGGGCTAAATATAATCATCCTTCTTTTCATCCCTAAAACCGCAGACAAGGCTTCCTTTCCCCGGCCGTTCGCGTTCTGGTCAGATGGTTTTTGCAATAAATCTGACAATAAAAAGTTTTAACATACTGACTGCGGGCTGTACTGGCGGGAGC
1,1,0,ATACAAAACAAGACAGGAACGTATATTCTGGGCTAAATATAATCATCCTTCTTTTCATCCCTAAAACCGCAGACAAGGCTTCCTTTCCCCGGCCGTTCGCGTTCTGGTCAGATGGTTTTTGCAATAAATCTGACAATAAAAAGTTTTAACATACTGACTGGTGTCAGTTTACAGCAATCA
1,1,0,ATACAAAACAAGACAGGAACGTATATTCTGGGCTAAATATAATCATCCTTCTTTTCATCCCTAAAACCGCAGACAAGGCTTCCTTTCCCCGGCCGTTCGCGTTCTGGTCAGATGGTTTTTGCAATAAATCTGACAATAAAAAGTTTTAACATACTGACTGTATGCTACACCGGCCCTCTT
6,4,2,ATACAAAACAAGACAGGAACGTATCTACTGGGTTCAGTATAACCATCCTGCCTGTCAACACAAAAACGGCTGATAATCCTTTCTTTCCCCGACAGCTGGCGTTATGGTCAGATGGTTTTTGCAACAACTCTCACAATAAAAAGTCTCAACATACTGACTAAAGGAAATGATTGTTATCCA
8,5,3,ATACAAAACAAGACAGGAACGTATCTACTGGGTTCAGTATAACCATCCTGCCTGTCAACACAAAAACGGCTGATAATCCTTTCTTTCCCCGACAGCTGGCGTTATGGTCAGATGGTTTTTGCAACAACTCTCACAATAAAAAGTCTCAACATACTGACTAGAGGTTGGATGGAACCATAG
5,5,0,ATACAAAACAAGACAGGAACGTATTGACTGGGTTAAATATAATCATCCGGCGTTTCGTAACAAAAACCGCACATAATCCTTCCTTTCGCCGGCAGCTGGCGCTATGGTCACATGGTTTTTGCAACAAATCCCACAATAATAAGTTTCAACATACTGATTTCCGCCGCGGCGTACGCTTGT
2,2,0,ATACAAAACAAGACAGGAACGTATTGACTGGGTTAAATATAATCATCCGGCGTTTCGTAACAAAAACCGCACATAATCCTTCCTTTCGCCGGCAGCTGGCGCTATGGTCACATGGTTTTTGCAACAAATCCCACAATAATAAGTTTCAACATACTGATTTGTTTTTGGTGGTTCGCTGCT
6,5,1,ATACAAAACAAGACAGGAACGTATTGACTGGGTTAAATATAATCATCCGGCGTTTCGTAACAAAAACCGCACATAATCCTTCCTTTCGCCGGCAGCTGGCGCTATGGTCACATGGTTTTTGCAACAAATCCCACAATAATAAGTTTCAACATACTGATTTTCCAGATCGATCAAGTGGGT
1,1,0,ATACAAAACAAGACAGGAACGTATTGACTGGGTTAAATATAATCATCCGGCGTTTCGTAACAAAAACCGCACATAATCCTTCCTTTCGCCGGCAGCTGGCGCTATGGTCACATGGTTTTTGCAACAAATCCCACAATAATAAGTTTCAACATACTGATTTTTCGTCAAAACGAGCTCACC
1,1,0,ATACAAAACAAGACAGGAACGTATTGACTGGGTTAAATATAATCATCCGGCGTTTCGTAACAAAAACCGCACATAATCCTTCCTTTCGCCGGCAGCTGGCGCTATGGTCACATGGTTTTTGCAACAAATCCCACAATAATAAGTTTCAACATACTGATTTTTGAGTTTAAGGCACATAAG
2,2,0,ATACAAAACAAGACAGGAACGTATTTACAGGTTTAAATATAATCTACATGCTTTTCATCACAAGAATCGCAGATAATCCTTCCATTCCCCGGCACGTGGCGTTATGGTCAGATGGTTTTTGCAACAAAGCTCACAATAAAAAGTTTCAACATGCCGTCTAACGGACTTAGGTCAGGCAAC
16,5,11,ATACAAAACAAGACAGGAACGTATTTACAGGTTTAAATATAATCTACATGCTTTTCATCACAAGAATCGCAGATAATCCTTCCATTCCCCGGCACGTGGCGTTATGGTCAGATGGTTTTTGCAACAAAGCTCACAATAAAAAGTTTCAACATGCCGTCTACACGCACTGTTAACTAGATC
9,1,8,ATACAAAACAAGACAGGAACGTATTTACAGGTTTAAATATAATCTACATGCTTTTCATCACAAGAATCGCAGATAATCCTTCCATTCCCCGGCACGTGGCGTTATGGTCAGATGGTTTTTGCAACAAAGCTCACAATAAAAAGTTTCAACATGCCGTCTACGTTTCACTGTTGGGCTCAA
6,4,2,ATACAAAACAAGACAGGAACGTATTTACAGGTTTAAATATAATCTACATGCTTTTCATCACAAGAATCGCAGATAATCCTTCCATTCCCCGGCACGTGGCGTTATGGTCAGATGGTTTTTGCAACAAAGCTCACAATAAAAAGTTTCAACATGCCGTCTAGATCCTCCGGAGTACTCCAC
5,2,3,ATACAAAACAAGACAGGAACGTATTTACAGGTTTAAATATAATCTACATGCTTTTCATCACAAGAATCGCAGATAATCCTTCCATTCCCCGGCACGTGGCGTTATGGTCAGATGGTTTTTGCAACAAAGCTCACAATAAAAAGTTTCAACATGCCGTCTAGATGTTGTACAGTTATAAGC
2,1,1,ATACAAAACAAGACAGGAACGTATTTACTGAGTTAAATATAATCAGCCTGCTTTTCATCACAAAAACCGCAGATAGTGATTCCTTTCCCCGTCAGCCGGCGTTGTGGTCAAATTGTGTTTGCGACAGATCTCACTATAAAAAGTTTCTACATACTGACTATGGGGAATACCTCGTTTGAG
1,1,0,ATACAAAACAAGACAGGAACGTATTTACTGAGTTAAATATAATCAGCCTGCTTTTCATCACAAAAACCGCAGATAGTGGTTCCTTTCCCCGTCAGCCGGCGTTGTGGTCAAATTGTGTTTGCGACAGATCTCACTATAAAAAGTTTCTACATACTGACTAACGCTCGCGGTGATTGAGAT
7,4,3,ATACAAAACAAGACAGGAACGTATTTACTGAGTTAAATATAATCAGCCTGCTTTTCATCACAAAAACCGCAGATAGTGGTTCCTTTCCCCGTCAGCCGGCGTTGTGGTCAAATTGTGTTTGCGACAGATCTCACTATAAAAAGTTTCTACATACTGACTACAAGCCCGGTTGGTGGGCTC
4,4,0,ATACAAAACAAGACAGGAACGTATTTACTGAGTTAAATATAATCAGCCTGCTTTTCATCACAAAAACCGCAGATAGTGGTTCCTTTCCCCGTCAGCCGGCGTTGTGGTCAAATTGTGTTTGCGACAGATCTCACTATAAAAAGTTTCTACATACTGACTACAGGCAACGTTAGGATGGAT
4,4,0,ATACAAAACAAGACAGGAACGTATTTACTGAGTTAAATATAATCAGCCTGCTTTTCATCACAAAAACCGCAGATAGTGGTTCCTTTCCCCGTCAGCCGGCGTTGTGGTCAAATTGTGTTTGCGACAGATCTCACTATAAAAAGTTTCTACATACTGACTACGAGTGTCTCGAACCATATT
3,3,0,ATACAAAACAAGACAGGAACGTATTTACTGAGTTAAATATAATCAGCCTGCTTTTCATCACAAAAACCGCAGATAGTGGTTCCTTTCCCCGTCAGCCGGCGTTGTGGTCAAATTGTGTTTGCGACAGATCTCACTATAAAAAGTTTCTACATACTGACTAGTGTGTGTCTGCGAGGGTTT
18,15,3,ATACAAAACAAGACAGGAACGTATTTACTGAGTTAAATATAATCAGCCTGCTTTTCATCACAAAAACCGCAGATAGTGGTTCCTTTCCCCGTCAGCCGGCGTTGTGGTCAAATTGTGTTTGCGACAGATCTCACTATAAAAAGTTTCTACATACTGACTAGTTGCGGCCGTTCTCACCCT
3,3,0,ATACAAAACAAGACAGGAACGTATTTACTGAGTTAAATATAATCAGCCTGCTTTTCATCACAAAAACCGCAGATAGTGGTTCCTTTCCCCGTCAGCCGGCGTTGTGGTCAAATTGTGTTTGCGACAGATCTCACTATAAAAAGTTTCTACATACTGACTATAAGCCCCTGCGGCTACCAA
9,8,1,ATACAAAACAAGACAGGAACGTATTTACTGAGTTAAATATAATCAGCCTGCTTTTCATCACAAAAACCGCAGATATTGGTTCCTTTCCCCGTCAGCCGGCGTTGTGGTCAAATTGTGTTTGCGACAGATCTCACTATAAAAAGTTTCTACATACTGACTATCAAGGCCCTAAATGGCTGT
11,11,0,ATACAAAACAAGACAGGAACGTATTTACTGGCTTAAATATAATCATCCTGCTTTGCATCACAAATACCGCAGATAATCCTGCATTTCCCCGACAGACGGAGCTATGGTCCGACGATTTTTGGAACAAATCTGACAATAAAAAGTTTCAACATAATGTCAATACTACGTGTTTATCGCTGA
6,6,0,ATACAAAACAAGACAGGAACGTATTTACTGGCTTAAATATAATCATCCTGCTTTGCATCACAAATACCGCAGATAATCCTGCATTTCCCCGACAGACGGAGCTATGGTCCGACGGTTTTTGGAACAAATCTGACAATAAAAAGTTTCAACATAATGTCAAAGGGAAGGATCGACCCACGC
4,4,0,ATACAAAACAAGACAGGAACGTATTTACTGGCTTAAATATAATCATCCTGCTTTGCATCACAAATACCGCAGATAATCCTGCATTTCCCCGACAGACGGAGCTATGGTCCGACGGTTTTTGGAACAAATCTGACAATAAAAAGTTTCAACATAATGTCAACGGCGCCAAAGTATGTTGAA
10,10,0,ATACAAAACAAGACAGGAACGTATTTACTGGCTTAAATATAATCATCCTGCTTTGCATCACAAATACCGCAGATAATCCTGCATTTCCCCGACAGACGGAGCTATGGTCCGACGGTTTTTGGAACAAATCTGACAATAAAAAGTTTCAACATAATGTCAACGGGCTACAGATTACAATCC
1,1,0,ATACAAAACAAGACAGGAACGTATTTACTGGCTTAAATATAATCATCCTGCTTTGCATCACAAATACCGCAGATAATCCTGCATTTCCCCGACAGACGGAGCTATGGTCCGACGGTTTTTGGAACAAATCTGACAATAAAAAGTTTCAACATAATGTCAATTCCGAGTTAGATTCATCTC
16,16,0,ATACAAAACAAGACAGGAACGTATTTACTGGCTTAAATATAATCATCCTGCTTTGCATCACAAATACCGCAGATAATCCTGCATTTCCCCGACAGACGGAGCTATGGTCCGACGGTTTTTTGAACAAATCTGACAATAAAAAGTTTCAACATAATGTCAAACGCGTAACTCCGAACGTGG
2,0,2,ATACAAAACAAGACAGGAACGTATTTACTGGGTGAATTATAATAATCCTGCTGTTCATCACAAAATCCGCAGAGAATCCTTCCTTTCCCTGGCAGCTGGCGTTAGGGTCAGACGGTTTTTGCAACAAATCTCACAATAAAAAGTTGCAACATACTAACTAAATAATACAATTAGGAAGGA
1,0,1,ATACAAAACAAGACAGGAACGTATTTACTGGGTGAATTATAATAATCCTGCTGTTCATCACAAAATCCGCAGAGAATCCTTCCTTTCCCTGGCAGCTGGCGTTAGGGTCAGACGGTTTTTGCAACAAATCTCACAATAAAAAGTTGCAACATACTAACTACTGTTATTGGGGAACACCTA
46,5,41,ATACAAAACAAGACAGGAACGTATTTACTGGGTGAATTATAATAATCCTGCTGTTCATCACAAAATCCGCAGAGAATCCTTCCTTTCCCTGGCAGCTGGCGTTAGGGTCAGACGGTTTTTGCAACAAATCTCACAATAAAAAGTTGCAACATACTAACTAGATTCCCTTCGACAATCTTG
35,3,32,ATACAAAACAAGACAGGAACGTATTTACTGGGTGAATTATAATAATCCTGCTGTTCATCACAAAATCCGCAGAGAATCCTTCCTTTCCCTGGCAGCTGGCGTTAGGGTCAGACGGTTTTTGCAACAAATCTCACAATAAAAAGTTGCAACATACTAACTATAGTACGTGGCAATGTTCTC
31,3,28,ATACAAAACAAGACAGGAACGTATTTACTGGGTGAATTATAATAATCCTGCTGTTCATCACAAAATCCGCAGAGAATCCTTCCTTTCCCTGGCAGCTGGCGTTAGGGTCAGACGGTTTTTGCAACAAATCTCACAATAAAAAGTTGCAACATACTAACTATCCGCTATCGGCAATCTGGT
9,1,8,ATACAAAACAAGACAGGAACGTATTTACTGGGTGAATTATAATAATCCTGCTGTTCATCACAAAATCCGCAGAGAATCCTTCCTTTCCCTGGCAGCTGGCGTTAGGGTCAGACGGTTTTTGCAACAAATCTCACAATAAAAAGTTGCAACATACTAACTATTTGGTTACTCACTTTCAGC
3,2,1,ATACAAAACAAGACAGGAACGTATTTACTGGGTTAAAAATAATCATCCTGCTTTTCATCACAAAGACCGCTGATAATCCTTCTTTTCTCCGGCAGCTGGCGTTATCGTCAGATTGCGTTTGCAACAAATCTCACAATTAAAAGTTTCAAAATGGTAACTAGCGGCTTAAAGACGGAAAAG
4,4,0,ATACAAAACAAGACAGGAACGTATTTACTGGGTTAAAAATAATCATCCTGCTTTTCATCACAAAGACCGCTGATAATCCTTCTTTTCTCCGGCAGCTGGCGTTATCGTCAGATTGCGTTTGCAACAAATCTCACAATTAAAAGTTTCAAAATGGTAACTATACACTAATTTTTGGTCTGT
2,2,0,ATACAAAACAAGACAGGAACGTATTTACTGGGTTAAAAATAATCGTCCTGCTTTTCCTCACAAGAACCGCAGATAATCCTTCCTTTCCCCGGCTGCTGCCGCTATGGGCAGATGGTTTTTGCAACAAATCACACAAAAAAAACTTCCATCAGATTGACTAACATAAATGAGCAACACTAA
3,3,0,ATACAAAACAAGACAGGAACGTATTTACTGGGTTAAAAATAATCGTCCTGCTTTTCCTCACAAGAACCGCAGATAATCCTTCCTTTCCCCGGCTGCTGCCGCTATGGGCAGATGGTTTTTGCAACAAATCACACAAAAAAAACTTCCATCAGATTGACTAAGCACACTAAAGCGCACGGT
2,2,0,ATACAAAACAAGACAGGAACGTATTTACTGGGTTAAAAATAATCGTCCTGCTTTTCCTCACAAGAACCGCAGATAATCCTTCCTTTCCCCGGCTGCTGCCGCTATGGGCAGATGGTTTTTGCAACAAATCACACAAAAAAAACTTCCATCAGATTGACTACAGGCAGTGGCCCGTCATAA
5,5,0,ATACAAAACAAGACAGGAACGTATTTACTGGGTTAAAAATAATCGTCCTGCTTTTCCTCACAAGAACCGCAGATAATCCTTCCTTTCCCCGGCTGCTGCCGCTATGGGCAGATGGTTTTTGCAACAAATCACACAAAAAAAACTTCCATCAGATTGACTACCGAATGTTGCTAGGCCGCT
6,5,1,ATACAAAACAAGACAGGAACGTATTTACTGGGTTAAAAATAATCGTCCTGCTTTTCCTCACAAGAACCGCAGATAATCCTTCCTTTCCCCGGCTGCTGCCGCTATGGGCAGATGGTTTTTGCAACAAATCACACAAAAAAAACTTCCATCAGATTGACTACTAGGTGTCTGTTGTACATA
2,2,0,ATACAAAACAAGACAGGAACGTATTTACTGGGTTAAAAATAATCGTCCTGCTTTTCCTCACAAGAACCGCAGATAATCCTTCCTTTCCCCGGCTGCTGCCGCTATGGGCAGATGGTTTTTGCAACAAATCACACAAAAAAAACTTCCATCAGATTGACTATATTTCCGATTCGGCTTGGA
3,3,0,ATACAAAACAAGACAGGAACGTATTTACTGGGTTAAAAATAATCGTCCTGCTTTTCCTCACAAGAACCGCAGATAATCCTTCCTTTCCCCGGCTGCTGCCGCTATGGGCAGATGGTTTTTGCAACAAATCACACAAAAAAAACTTCCATCAGATTGACTATGACTAGCGGGTAATACTAA
3,3,0,ATACAAAACAAGACAGGAACGTATTTACTGGGTTAAAAATAATCGTCCTGCTTTTCCTCACAAGAACCGCAGATAATCCTTCCTTTCCCCGGCTGCTGCCGCTATGGGCAGATGGTTTTTGCAACAAATCACACAAAAAAAACTTCCATCAGATTGACTATTCCGCCTGACCTAGGATTC
37,2,35,ATACAAAACAAGACAGTAACGTATTTACTGCGTTAAAGATAATCATCCTGCTTTTCATCACAAAAACCGCAGATAATCCTTGCTTACATCGGCCCCTGGCGTTATGGTCAGATGGTTTTTGCAACAAATCTCACAATAAAAACTTTCAACAAACGGACTAAACCGGTATTGCGTTCTAAA
45,0,45,ATACAAAACAAGACAGTAACGTATTTACTGCGTTAAAGATAATCATCCTGCTTTTCATCACAAAAACCGCAGATAATCCTTGCTTACGTCGGCCCCTGGCGTTATGGTCAGATGGTTTTTGCAACAAATCTCACAATAAAAACTTTCAACAAACGGACTATCCCTGGTCCAAAAGGTTCC
3,1,2,ATACAAAACAAGACAGTAACGTATTTACTGCGTTAAAGATAATCATCCTGCTTTTCATCACAAGAACCGCAGATAATGCTTCCTTTCCCCGCCGGGTCGCGTTATCGTCAGATGGTTTTTGAAACAAATTTCACAATAAAGACTTTCAACATGTCGACTATGGTTGACACTGTAGATCCA
2,0,2,ATACAAAACAAGACGGGAACGTATTTACAGTGTTGAATATAATCATCCTTCTTTTCGTCAGAAAAACCGCAGATAATCCTTCCTCTCCCCAGCAGCTGGCGTTATGGTTAGATGGTTTTTACAACAAATCTCAGAGTCAAAAGTTTCAACATACTAATTAACCTCTTTGGGTAAAGTCAA
4,2,2,ATACAAAACAAGACGGGAACGTATTTACAGTGTTGAATATAATCATCCTTCTTTTCGTCAGAAAAACCGCAGATAATCCTTCCTCTCCCCAGCAGCTGGCGTTATGGTTAGATGGTTTTTACAACAAATCTCAGAGTCAAAAGTTTCAACATACTAATTAAGTTTATCGGGGCATGGGTT
1,1,0,ATACAAAACAAGACGGGAACGTATTTACAGTGTTGAATATAATCATCCTTCTTTTCGTCAGAAAAACCGCAGATAATCCTTCCTCTCCCCAGCAGCTGGCGTTATGGTTAGATGGTTTTTACAACAAATCTCAGAGTCAAAAGTTTCAACATACTAATTACATACCGCTGAAGACTATCG
2,2,0,ATACAAAACAAGCCAGGAACGTAATTCCTGGGTTATCTATAAGCATCCTGCTTTTCATAACAAAAACCTCAGTTAATCCTTCCTTTCGTCGGCGCCTGGCGTTGTGGTCGGATGGTTTTCGCAACAAATCTCACAATCATATGTTTCACTATAATGACTAACGTTCCTGCTTTAGGTAAG
4,1,3,ATACAAAACAAGCCAGGAACGTAATTCCTGGGTTATCTATAAGCATCCTGCTTTTCATAACAAAAACCTCAGTTAATCCTTCCTTTCGTCGGCGCCTGGCGTTGTGGTCGGATGGTTTTCGCAACAAATCTCACAATCATATGTTTCACTATAATGACTAGATTGACAGCTAACGTGTTC
2,2,0,ATACAAAACAAGCCAGGAACGTAATTCCTGGGTTATCTATAAGCATCCTGCTTTTCATAACAAAAACCTCAGTTAATCCTTCCTTTCGTCGGCGCCTGGCGTTGTGGTCGGATGGTTTTCGCAACAAATCTCACAATCATATGTTTCACTATAATGACTAGTCGTTCGATTTTTCTCGCA
23,23,0,ATACAAAACAAGCCAGGAACGTAATTCCTGGGTTATCTATAAGCATCCTGCTTTTCATAACAAAAACCTCCGTTAATCCTTCCTTTCGTCGGCGCCTGGCGTTGTGGTCGGATGGTTTTCGCAACAAATCTCACAATCATATGTTTCACTATAATGACTAACGGGAAGCTGAAATGGGGT
9,5,4,ATACAAAACAATAAAGGAACGTATTTACTGGGTTAAATAAAATCATCTTGTTTATCATTACAAAAACCGAGGATAATCCTTCCGTTCACCGGAAGCGAGCGTTATGGTTTGATGGTTTTTGCAACGAATCACACAATAAATAGTTCCCAAATAATGACTAGTATCTAGTTGCGAGTCCAC
12,8,4,ATACAAAACAATAAAGGAACGTATTTACTGGGTTAAATAAAATCATCTTGTTTATCATTACAAAAACCGAGGATAATCCTTCCGTTCACCGGAAGCGGGCGTTATGGTTTGATGGTTTTTGCAACGAATCACACAATAAATAGTTCCCAAATAATGACTAAACCGCGATGTCGGGGGTGA
9,8,1,ATACAAAACAATAAAGGAACGTATTTACTGGGTTAAATAAAATCATCTTGTTTATCATTACAAAAACCGAGGATAATCCTTCCGTTCACCGGAAGCGGGCGTTATGGTTTGATGGTTTTTGCAACGAATCACACAATAAATAGTTCCCAAATAATGACTAAACTTCTTAGACGTTGGCGT
2,2,0,ATACAAAACAATAAAGGAACGTATTTACTGGGTTAAATAAAATCATCTTGTTTATCATTACAAAAACCGAGGATAATCCTTCCGTTCACCGGAAGCGGGCGTTATGGTTTGATGGTTTTTGCAACGAATCACACAATAAATAGTTCCCAAATAATGACTAAGAGCGGCTCGAAACTCTGT
3,1,2,ATACAAAACAATAAAGGAACGTATTTACTGGGTTAAATAAAATCATCTTGTTTATCATTACAAAAACCGAGGATAATCCTTCCGTTCACCGGAAGCGGGCGTTATGGTTTGATGGTTTTTGCAACGAATCACACAATAAATAGTTCCCAAATAATGACTACCTTTAGGTTTTCAATTAGA
1,1,0,ATACAAAACAATAAAGGAACGTATTTACTGGGTTAAATAAAATCATCTTGTTTATCATTACAAAAACCGAGGATAATCCTTCCGTTCACCGGAAGCGGGCGTTATGGTTTGATGGTTTTTGCAACGAATCACACAATAAATAGTTCCCAAATAATGACTATCAGAACAATTTTAATCACG
4,4,0,ATACAAAACAATAAAGGAACGTATTTACTGGGTTAAATAAAATCATCTTGTTTATCATTACAAAAACCGAGGATAATCCTTCCGTTCACCGGAAGCGGGCGTTATGGTTTGATGGTTTTTGCAACGAATCACACAATAAATAGTTCCCAAATAATGACTATTAAGGACAGAATAGAAGTG
1,1,0,ATACAAAACACGACAGGACCGTATTTACTGGGTTGAATAAAATCATCCTGCTTTTCATCACACAAACCGCAGATAATCCTACCTTTCTCCGGGAGCTGGCCTTATGGTCAGTTGGTTTTCGCAATAAATCGCCTGATAAAAAGTTTCAACATCTTGACTAATTTTGCAGCCCAAAAGTGT
9,5,4,ATACAAAACACGACAGGACCGTATTTACTGGGTTGAATAAAATCATCCTGCTTTTCATCACACAAACCGCAGATAATCCTACCTTTCTCCGGGAGCTGGCCTTATGGTCAGTTGGTTTTCGCAATAAATCGCCTGATAAAAAGTTTCAACATCTTGACTACAGAAATTGTCTAGCGTACA
2,2,0,ATACAAAACACGACAGGACCGTATTTACTGGGTTGAATAAAATCATCCTGCTTTTCATCACACAAACCGCAGATAATCCTACCTTTCTCCGGGAGCTGGCCTTATGGTCAGTTGGTTTTCGCAATAAATCGCCTGATAAAAAGTTTCAACATCTTGACTACAGCCGGTGACTTCGTGGGT
4,4,0,ATACAAAACACGACAGGACCGTATTTACTGGGTTGAATAAAATCATCCTGCTTTTCATCACACAAACCGCAGATAATCCTACCTTTCTCCGGGAGCTGGCCTTATGGTCAGTTGGTTTTCGCAATAAATCGCCTGATAAAAAGTTTCAACATCTTGACTAGCTAGCGGGATCTCGCAATT
11,11,0,ATACAAAACACGACAGGACCGTATTTACTGGGTTGAATAAAATCATCCTGCTTTTCATCACACAAACCGCAGATAATCCTACCTTTCTCCGGGAGCTGGCCTTATGGTCAGTTGGTTTTCGCAATAAATCGCCTGATAAAAAGTTTCAACATCTTGACTAGTGCTGGTATAAGCACCGAA
5,5,0,ATACAAAACAGGACAGGAACGTATTTACTGGGTTAAATTTAATCATCCTGCTGTTCATCAGGAAAACCGCAGACAATGCTTCCTTTCCGCGGGAGCTTCCGTTATGGTCAGATGGTTTTAGCAACAAATCTCACTATAAAAAGTTTCAACATACTGACTAAAGAGTTTAGGCCGCCTATT
3,3,0,ATACAAAACAGGACAGGAACGTATTTACTGGGTTAAATTTAATCATCCTGCTGTTCATCAGGAAAACCGCAGACAATGCTTCCTTTCCGCGGGAGCTTCCGTTATGGTCAGATGGTTTTAGCAACAAATCTCACTATAAAAAGTTTCAACATACTGACTAATTGCTATTCCAAGTCATTG
5,5,0,ATACAAAACAGGACAGGAACGTATTTACTGGGTTAAATTTAATCATCCTGCTGTTCATCAGGAAAACCGCAGACAATGCTTCCTTTCCGCGGGAGCTTCCGTTATGGTCAGATGGTTTTAGCAACAAATCTCACTATAAAAAGTTTCAACATACTGACTATCAGTCACTCGACCTCTGGG
1,0,1,ATACAAAACAGGACAGGAACGTATTTACTGGGTTAAATTTAATCATCCTGCTGTTCATCAGGAAAACCGCAGACAATGCTTCCTTTCCGCGGGAGCTTCCGTTATGGTCAGATGGTTTTAGCAACAAATCTCACTATAAAAAGTTTCAACATACTGACTATCTTCTCACATTAGATTCTG
18,14,4,ATACAAAACAGGACAGGAACGTATTTACTGGGTTAAATTTAATCATCCTGCTGTTCATCAGGAAAACCGCAGACAATGCTTCCTTTCCGCGGGAGCTTCCGTTATGGTCAGATGGTTTTAGCAACAAATCTCACTATAAAAAGTTTCAACATACTGACTATCTTTTGATTAATTTTGTGC
2,0,2,ATACAAAACAGGACAGGAACGTATTTACTGGGTTAAATTTAATCATCCTGCTGTTCATCAGGAAAACCGCAGACAATGCTTCCTTTCCGCGGGAGCTTCCGTTATGGTCAGATGGTTTTAGCAACAAATCTCACTATAAAAAGTTTCAACATACTGACTATTACTGGATATTTACAAGCT
3,2,1,ATACAAAACAGGACAGGAACGTATTTACTGGGTTAAATTTAATCATCCTGCTGTTCATCAGGAAAACCGCAGACAATGCTTCCTTTCCGCGGGAGCTTCCGTTATGGTCAGATGGTTTTAGCAACAAATCTCACTATAAAAAGTTTCGACATACTGACTATTTGCACGGAGAGACAGTCT
2,1,1,ATACAAAACATAACAGGAACGAATTTACTGGGTTAAATATAAACATCCAGCTTTTCATCTCAAAAACCGCAGCTAATCCTTCCTTTCCCCGGCAGCTGGCGTTATGGTCAGATGGTTTTGGCGACAAATCACACAAAAAAAAATTTCGACATACTCATTACCGAGCTACTCTTTCATCAT
4,4,0,ATACAAAACATGACAGGAACGAATTTACTGGGTTAAATATAAACATCCAGCTTTTCATCTCAAAAACCGCAGCTAATCCTTCCTTTCCCCGGCAGCTGGCGTTATGGTCAGATGGTTTTGGCGACAAATCACACAAAAAAAAATTTCGACATACTCATTACCCCCATCGGATTGTGCTTG
3,3,0,ATACAAAACATGACAGGAACGAATTTACTGGGTTAAATATAAACATCCAGCTTTTCATCTCAAAAACCGCAGCTAATCCTTCCTTTCCCCGGCAGCTGGCGTTATGGTCAGATGGTTTTGGCGACAAATCACACAAAAAAAAATTTCGACATACTCATTACCCCTTTCTCGTATCAGCAT
2,2,0,ATACAAAACGAGACAGGAACATGTTTACTGTGTTACATATATTCATCCTGCTTGCCCTTACAGAAACCGCAGATAATCCTTTCTTTCCCTTGCAGATCGCGTAATGCGCAGGTGGTTTTTGCAACAAATCGCACAATAAAAAGTTTCTACATACGGATCACATGTCCTTTGGGATGGCCA
3,3,0,ATACAAAACGAGACAGGGACGTATTTACTGGGCTAAATCTAATCATCCTGCTTTTCATAACAAAAATCGCAGGTAATCTTTCCTTGCCCCGGCAGCTGGCGTTATGGTCGGATGGTTTTTGCAACAGATCAGACAATAAAAACTTTCAACATACTGTCTAGTTATTAAACGATCCACCCA
1,1,0,ATACAAAAGAAGAAAGGAATGTATTTACTGGGTTAAATATAATCATCCTGCTTTTCATCACAAAATTCGCAAATAATCGTGCTTTTCCCCGGCAGCTGGCGAGTTGGTCAAATGGTTTTTGCAACAAATCTCAAAATTAAAAGTTTCAACATACTAACTAAATGTTGCGTTTCTGCTGTG
2,2,0,ATACAAAAGAAGAAAGGAATGTATTTACTGGGTTAAATATAATCATCCTGCTTTTCATCACAAAATTCGCAAATAATCGTGCTTTTCCCCGGCAGCTGGCGAGTTGGTCAAATGGTTTTTGCAACAAATCTCAAAATTAAAAGTTTCAACATACTAACTAAGAAGCCCTTCCAATAGCTT
1,1,0,ATACAAAAGAAGAAAGGAATGTATTTACTGGGTTAAATATAATCATCCTGCTTTTCATCACAAAATTCGCAAATAATCGTGCTTTTCCCCGGCAGCTGGCGAGTTGGTCAAATGGTTTTTGCAACAAATCTCAAAATTAAAAGTTTCAACATACTAACTACGTTCAGTCTTCCGTGTGAG
11,11,0,ATACAAAAGAAGAAAGGAATGTATTTACTGGGTTAAATATAATCATCCTGCTTTTCATCACAAAATTCGCAAATAATCGTGCTTTTCCCCGGCAGCTGGCGAGTTGGTCAAATGGTTTTTGCAACAAATCTCAAAATTAAAAGTTTCAACATACTAACTAGCGCATCCGAAGTAGGGATT
2,2,0,ATACAAAAGAAGACAGGAAAGTATTTACTGGGTTAGATCTAATCATCCTGCTTTTCATCACAAAAACCGCAGCTAATCCATCCTTTCCCCGGCAGCTGGCGTTATGGTCAGATGGTTTTTACAACAAATCTGACAAAAAAAAGTTTCAAAATACTAACTAATGTGCTATACCCTTCATAC
3,3,0,ATACAAAAGAAGACAGGAAAGTATTTACTGGGTTAGATCTAATCATCCTGCTTTTCATCACAAAAACCGCAGCTAATCCATCCTTTCCCCGGCAGCTGGCGTTATGGTCAGATGGTTTTTACAACAAATCTGACAAAAAAAAGTTTCAAAATACTAACTACCTGAGATCGATGAGTCACC
2,2,0,ATACAAAAGAAGACAGGAACGTATTTACTGGGATAAATATAATCATCCTGCTTTTAATCACAAAAACCGTAGATAATCCAACCTTTTCCCGGCAGCGGGCTTTTTGGCCAGATGTTTTTTGCAACAAATCTCACAATACAAAGTTTCAACATACTGACTATCTATTTTAGGTGGGAGCGG
3,3,0,ATACAAAAGAAGACAGGAACGTATTTACTGGGATAAATATAATCATCCTGCTTTTAATCACAAAAACCGTAGATAATCCAACCTTTTCCCGGCAGCGGGCTTTTTGGCCAGATGTTTTTTGCAACAAATCTCACAATACAAAGTTTCAACATACTGACTATTAGCTCTGAGCAGTAAAGG
2,2,0,ATACAAAAGAAGACAGGAACGTATTTACTGGGATAAATATAATCATCCTGCTTTTAATCACAAAAACCGTAGATAATCCAACCTTTTCCCGGCAGCGGGCTTTTTGGCCAGATGTTTTTTGCAACAAATCTCACAATATAAAGTTTCAACATACTGACTATCGCATTCTTTACCTATTGG
43,4,39,ATACAAAAGAAGACAGGAAGTTATTTACTGGATTAAATATAATCATCGTGCTTTTCTTCACAAAAACCGCAGATGATCCTTCCTTTCCCAGGCAGGTTGCGTTATGGTCAGATGGTTTTTGCAACAAATCTGACCATACAAAGTTTCAAATAACTGACTAACCTACCCTGGGTCCAAGAC
6,0,6,ATACAAAAGAAGACAGGAAGTTATTTACTGGATTAAATATAATCATCGTGCTTTTCTTCACAAAAACCGCAGATGGTCCTTCCTTTCCCAGGCAGGTTGCGTTATGGTCAGATGGTTTTTGCAACAAATCTGACCATACAAAGTTTCAAATAACTGACTATCCCCCTGTTCGAAATCGGC
1,1,0,ATACAAAAGAAGACAGGATCGTATTTTCTGGGTGAACTATAATCACCCTGCTTTTCATCACCAGAACCCCGGATAATCCTTCATTTCCCAGGCAGCTGGCCTTATGGACAAATGGTTTTTGCAACAAATCTCACAATAAAAAGTATTGACATACAGACTAAAAAAATATAATGAAACGCG
3,3,0,ATACAAAAGAAGACAGGATCGTATTTTCTGGGTGAACTATAATCACCCTGCTTTTCATCACCAGAACCCCGGATAATCCTTCATTTCCCAGGCAGCTGGCCTTATGGACAAATGGTTTTTGCAACAAATCTCACAATAAAAAGTATTGACATACAGACTATCTTTGGGTCCCTTACGCTT
4,4,0,ATACAAAAGAAGACATGATCGGATTTAGTGGGTTAAGTATAATCATCCTGCTGTTCACCACAAAAACCGCAGATAATCCTTCCTTACCCCGGCAGCTGGCGTCAGGGTCTTATGGTTTTCGCAACAAATCTCACAATAAAAATTTTCAACGTACTGACTAACATAGCTAAGCCAGCGATC
1,1,0,ATACAAAAGAAGACGTGAACGTAGAGACTGGGTTAAAGATAATCATCCTGCTTATCATCACTAAAACCCGAGATAATCCTTCCTTTCCCCGGCAGCTGGCGTTATGGTCAGGTGGTTTTTGCAACAAGTCTCACAAAAAAAAGTTTCAACATACTGACTAAGACTTTTTGATGCTTCAAC
1,1,0,ATACAAAAGAAGACGTGAACGTAGAGACTGGGTTAAAGATAATCATCCTGCTTATCATCACTAAAACCCGAGATAATCCTTCCTTTCCCCGGCAGCTGGCGTTATGGTCAGGTGGTTTTTGCAACAAGTCTCACAAAAAAAAGTTTCAACATACTGACTAATCCGAGTACCTGTGGGCGT
6,6,0,ATACAAAAGAAGACGTGAACGTAGAGACTGGGTTAAAGATAATCATCCTGCTTATCATCACTAAAACCCGAGATAATCCTTCCTTTCCCCGGCAGCTGGCGTTATGGTCAGGTGGTTTTTGCAACAAGTCTCACAAAAAAAAGTTTCAACATACTGACTACTACCTGGGTAGCTTGGTCC
7,7,0,ATACAAAAGAAGAGAGGAACGTATTTACTGGGTTAGATATAATCATCCTGCTTTTCATCACAAAAACCCCAGATAACCCTTCGTTTCCCCGGCAGCAGGCGTTATGGACAGATGGTTTTTGCAACTAATCTCACAATTAAAAGTTTCAACATACTCACTAATGAATTCACGTACGCTCCG
1,1,0,ATACAAAAGAAGAGAGGAACGTATTTACTGGGTTAGATATAATCATCCTGCTTTTCATCACAAAAACCCCAGATAACCCTTCGTTTCCCCGGCAGCAGGCGTTATGGACAGATGGTTTTTGCAACTAATCTCACAATTAAAAGTTTCAACATACTCACTACTAACAATTTTCTCAACGTT
4,4,0,ATACAAAAGAAGAGAGGAACGTATTTACTGGGTTAGATATAATCATCCTGCTTTTCATCACAAAAACCCCAGATAACCCTTCGTTTCCCCGGCAGCAGGCGTTATGGACAGATGGTTTTTGCAACTAATCTCACAATTAAAAGTTTCAACATACTCACTATTACCGTTTCCTGCCAGATA
9,3,6,ATACAAAAGAAGGCATGCACGTAATCACTAGGTTTAATATAATCATCCTGCTTTGCATTACAAAAACCGCAGATATTCCTTCCTTTCCCCGGCAGCTGGTGTTATGGTCAGATGATTTTTGCGACAAATCACAGAATAAAAAGTTTCAACATACTGTCTATGGACTTGTATACATTACCG
15,7,8,ATACAAAAGAAGGCATGCACGTAATCACTAGGTTTAATATAATCATCCTGCTTTGCATTACAAAAACCGCAGATATTCCTTCCTTTCCTCGGGACCTGGCGTTATGGTCAGATGGTTTTTGCAACAAATCGAACTGTAAGAAGTTTCAACATACTGACTACTAACCATTCGACTTATGTA
7,3,4,ATACAAAAGAAGGCATGCACGTAATCACTAGGTTTAATATAATCATCCTGCTTTGCATTACAAAAACCGCAGATATTCCTTCCTTTCCTCGGGACCTGGCGTTATGGTCAGATGGTTTTTGCAACAAATCGAACTGTAAGAAGTTTCAACATACTGACTAGGTTGGGGCCTCGCTTTAAC
8,4,4,ATACAAAAGAAGGCATGCACGTAATCACTAGGTTTAATATAATCATCCTGCTTTGCATTACAAAAACCGCAGATATTCCTTCCTTTCCTCGGGACCTGGCGTTATGGTCAGATGGTTTTTGTAACAAATCGAACTGTAAGAAGTTTCAACATACTGACTACCGTACGCGGACAGAATCTG
1,1,0,ATACAAAAGAAGGGCAGCACGTAATCACTAGGTTTAATATAATCATCCTGCTTTGCATTACAAAAACCGCAGATATTCCTTCCTTTCCTCGGGACCTGGCGTTATGGTCAGATGGTTTTTGCAACAAATCGAACTGTAAGAAGTTTCAACATACTGACTAAGTATTTTCAAACGCATCCT
49,6,43,ATACAAAAGACGAAAGGTACGTATTGACTGGGTTAAATATAATCATCCTGCTTTTCATCACAAATACCGCAGATAATCCTTCCTTTCCCCGTCCACTGTCGTTATCGTCTGATGGTTTTCGCAATAAATCTTACAACACAAAGTTTCAACATCCTGACTAAGTGAAACCTAACCGCATTT
3,0,3,ATACAAAAGACGAAAGGTACGTATTGACTGGGTTAAATATAATCATCCTGCTTTTCATCACAAATACCGCAGATAATCCTTCCTTTCCCCGTCCACTGTCGTTATCGTCTGATGGTTTTCGCAATAAATCTTACAACACAAAGTTTCAACATCCTGACTAGTAAAGACAGTGAATCCACT
6,1,5,ATACAAAAGACGAAAGGTACGTATTGACTGGGTTAAATATAATCATCCTGCTTTTCATCACAAATACCGCAGATAATCCTTCCTTTCCCCGTCCACTGTCGTTATCGTCTGATGGTTTTCGCAATAAATCTTACAACACAAAGTTTCAACATCCTGACTATAGTCCATATCTCGTCCAGC
25,3,22,ATACAAAAGACGAAAGGTACGTATTGACTGGGTTAAATATAATCATCCTGCTTTTCATCACAAATACCGCAGATAATCCTTCCTTTCCCCGTCCACTGTCGTTATCGTCTGATGGTTTTCGCAATAAATCTTACAACACAAAGTTTCAACATCCTGACTATTGTTGATAAGACGAGTCGA
5,5,0,ATACAAAAGACGACAGGAATGTATTCACTGGGTTAAATATAATCATCCTGCTTTTCTTCACAAAAACCGCAGGTAATCCTTCTTTTCCCGGGCAGATGGCTTTTTGGTCAGATGGTTTTCGCAACAAACCTCACAATAAAAAGTTTCAACACACTGACTCAATATTCTATAAAAGCGGTC
5,5,0,ATACAAAAGACGACAGGAATGTATTCACTGGGTTAAATATAATCATCCTGCTTTTCTTCACAAAAACCGCAGGTAATCCTTCTTTTCCCGGGCAGATGGCTTTTTGGTCAGATGGTTTTCGCAACAAACCTCACAATAAAAAGTTTCAACACACTGACTCACAGAAACAGTTGGTGATCC
6,6,0,ATACAAAAGACGACAGGAATGTATTCACTGGGTTAAATATAATCATCCTGCTTTTCTTCACAAAAACCGCAGGTAATCCTTCTTTTCCCGGGCAGATGGCTTTTTGGTCAGATGGTTTTCGCAACAAACCTCACAATAAAAAGTTTCAACACACTGACTCCTGACATAGATTAGTAGGAC
3,3,0,ATACAAAAGACGACAGGAATGTATTCACTGGGTTAAATATAATCATCCTGCTTTTCTTCACAAAAACCGCAGGTAATCCTTCTTTTCCCGGGCAGATGGCTTTTTGGTCAGATGGTTTTCGCAACAAACCTCACAATAAAAAGTTTCAACACACTGACTCGAAATATCGTCGCGTGTCAG
11,11,0,ATACAAAAGACGACAGGAATGTATTCACTGGGTTAAATATAATCATCCTGCTTTTCTTCACAAAAACCGCAGGTAATCCTTCTTTTCCCGGGCAGATGGCTTTTTGGTCAGATGGTTTTCGCAACAAACCTCACAATAAAAAGTTTCAACACACTGACTCGGTATACATACTTCAACGTA
1,1,0,ATACAAAAGACGACAGGAATGTATTCACTGGGTTAAATATAATCATCCTGCTTTTCTTCACAAAAACCGCAGGTAATCCTTCTTTTCCCGGGCAGATGGCTTTTTGGTCAGATGGTTTTCGCAACAAACCTCACAATAAAAAGTTTCAACACACTGACTCTCCCCGCTCTTGTGGTCCAT
4,4,0,ATACAAAAGACGACAGGAATGTATTCACTGGGTTAAATATAATCATCCTGCTTTTCTTCACAAAAACCGCAGGTAATCCTTCTTTTCCCGGGCAGATGGCTTTTTGGTCAGATGGTTTTCGCAACAAACCTCACAATAAAAAGTTTCAACACACTGACTCTGATATTATTTCTTGGATTG
8,8,0,ATACAAAAGACGACAGGAATGTATTCACTGGGTTAAATATAATCATCCTGCTTTTCTTCACAAAAACCGCAGGTAATCCTTCTTTTCCCGGGCAGATGGCTTTTTGGTCAGATGGTTTTCGCAACAAACCTCACAATAAAAAGTTTCAACACACTGACTCTTCCATTTAGATTACCGGGA
1,1,0,ATACAAAATAACACAGGAACGTATTTACTGGGTTAAATATATTCATACTGCTTTGCATCACAAAAACCGCAGATAATCCTTCCTTTCCCCGGCAGCTGGCGTTATCGACAGATGTTTTTTGCAACAACTCTCACAATAAAAAGTCTCAACATACTGACTAGAAGTTTATGCCCAGCCTTA
4,2,2,ATACAAAATAACACAGGAACGTATTTACTGGGTTAAATATATTCATACTGCTTTGCATCACAAAAACCGCAGATAATCCTTCCTTTCCCCGGCAGCTGGCGTTATCGACAGATGTTTTTTGCAACAACTCTCACAATAAAAAGTCTCAACATACTGACTAGATTCAGATATATGGCTAAA
6,6,0,ATACAAAATAACACAGGAACGTATTTACTGGGTTAAATATATTCATACTGCTTTGCATCACAAAAACCGCAGATAATCCTTCCTTTCCCCGGCAGCTGGCGTTATCGACAGATGTTTTTTGCAACAACTCTCACAATAAAAAGTCTCAACATACTGACTATAACTTGATTGTAACACCCC
13,13,0,ATACAAAATAACACAGGAACGTATTTACTGGGTTAAATATATTCATACTGCTTTGCATCACAAAAACCGCAGATAATCCTTCCTTTCCCCGGCAGCTGGCGTTATCGACAGATGTTTTTTGCAACAACTCTCACAATAAAAAGTCTCAACATACTGACTATATTTGAAGTCGATGATCTT
7,7,0,ATACAAAATAAGACACTAACGTATTTTCTGGATTAAATATAAGCATCCTGCTGTTCATCAGGAAAACCGCAGATATTCCTTCCTTTCCCCAGCAGCTGGCGTTATGGGCAGATGGTCTTTGCGACAAATCACACACTAAAAAGTTTCAACATACTGACTAATAGGCGTGGCTTCACTTAG
4,4,0,ATACAAAATAAGACACTAACGTATTTTCTGGATTAAATATAAGCATCCTGCTGTTCATCAGGAAAACCGCAGATATTCCTTCCTTTCCCCAGCAGCTGGCGTTATGGGCAGATGGTCTTTGCGACAAATCACACACTAAAAAGTTTCAACATACTGACTACATTCAACGGGTATACCATG
3,3,0,ATACAAAATAAGACACTAACGTATTTTCTGGATTAAATATAAGCATCCTGCTGTTCATCAGGAAAACCGCAGATATTCCTTCCTTTCCCCAGCAGCTGGCGTTATGGGCAGATGGTCTTTGCGACAAATCACACACTAAAAAGTTTCAACATACTGACTACTCAAAAGTCTCAAATAGTC
2,2,0,ATACAAAATAAGACACTAACGTATTTTCTGGATTAAATATAAGCATCCTGCTGTTCATCAGGAAAACCGCAGATATTCCTTCCTTTCCCCAGCAGCTGGCGTTATGGGCAGATGGTCTTTGCGACAAATCACACACTAAAAAGTTTCAACATACTGACTAGATCCGAACAATCCTAAAGG
2,2,0,ATACAAAATAAGACACTAACGTATTTTCTGGATTAAATATAAGCATCCTGCTGTTCATCAGGAAAACCGCAGATATTCCTTCCTTTCCCCAGCAGCTGGCGTTATGGGCAGATGGTCTTTGCGACAAATCACACACTAAAAAGTTTCAACATACTGACTAGGTCAATAGGGACATACAGT
1,1,0,ATACAAAATAAGACACTAACGTATTTTCTGGATTAAATATAAGCATCCTGCTGTTCATCAGGAAAACCGCAGATATTCCTTCCTTTCCCCAGCAGCTGGCGTTATGGGCAGATGGTCTTTGCGACAAATCACACACTAAAAAGTTTCAACATACTGACTATACGAGTGCCACTTGCGTAA
1,1,0,ATACAAAATAAGACAGAATCGTATTCACTGGGTAAAGTATAGCCATCCTGTGTGTCATCACAAAAACCGCAGATAATCCTTCCTTTCCCCGGCAACTAGCGTATTGGTCAGACGGTTTTTGCAACAAAACACACAATAAAAAGTTGCAACCTCCTGACTAAAAAGAATCCAAACAGATTC
1,1,0,ATACAAAATAAGACAGAATCGTATTCACTGGGTAAAGTATAGCCATCCTGTGTGTCATCACAAAAACCGCAGATAATCCTTCCTTTCCCCGGCAACTAGCGTATTGGTCAGACGGTTTTTGCAACAAAACACACAATAAAAAGTTGCAACCTCCTGACTAAACCTCCCGCGCCTTCTTTT
2,2,0,ATACAAAATAAGACAGAATCGTATTCACTGGGTAAAGTATAGCCATCCTGTGTGTCATCACAAAAACCGCAGATAATCCTTCCTTTCCCCGGCAACTAGCGTATTGGTCAGACGGTTTTTGCAACAAAACACACAATAAAAAGTTGCAACCTCCTGACTAAGTGGAGTTGACGAGTTATA
2,2,0,ATACAAAATAAGACAGAATCGTATTCACTGGGTAAAGTATAGCCATCCTGTGTGTCATCACAAAAACCGCAGATAATCCTTCCTTTCCCCGGCAACTAGCGTATTGGTCAGACGGTTTTTGCAACAAAACACACAATAAAAAGTTGCAACCTCCTGACTAGACCTCAGGGTTTCCATTCA
10,7,3,ATACAAAATAAGACAGGAACGAATTTACTGGTTGAAATATAATCGTCCTGCGTTTCATCCCAAAGACCGCAGATAATCCTTCCTATCCCCGGCAGATGGCGTTATGGTCAGATGGTTTTTTCAACAAATCTCACACTAAAAAGTTTCAACATACTGACTATAATCATTCAGGTGTCTAGA
9,9,0,ATACAAAATAAGACAGGAACGTATTTACTGGGTCCAATAAAATCATCGTGCTTTTCAACACCAAAACCGCAGATAATCCTTCCTTCCCCCGGCGGCTGGCGTTATGGTCAGATGGTTGCTGCAACAAATCTCACAATAAAAAGTTTCAACAGAATGACTAAGGCGCTCGGCCGTAGTTGG
3,3,0,ATACAAAATAAGACAGGAACGTATTTACTGGGTCCAATAAAATCATCGTGCTTTTCAACACCAAAACCGCAGATAATCCTTCCTTCCCCCGGCGGCTGGCGTTATGGTCAGATGGTTGCTGCAACAAATCTCACAATAAAAAGTTTCAACAGAATGACTAGCCCGCCTTAAGGGTTGGTA
4,4,0,ATACAAAATAAGACAGGAACGTATTTACTGGGTCCAATAAAATCATCGTGCTTTTCAACACCAAAACCGCAGATAATCCTTCCTTCCCCCGGCGGCTGGCGTTATGGTCAGATGGTTGCTGCAACAAATCTCACAATAAAAAGTTTCAACAGAATGACTATAGACTGGAAAATGCCGCAA
3,3,0,ATACAAAATAAGACAGGAACGTATTTACTGGGTCCAATAAAATCATCGTGCTTTTCAACACCAAAACCGCAGATAATCCTTCCTTCCCCCGGCGGCTGGCGTTATGGTCAGATGGTTGCTGCAACAAATCTCACAATAAAAAGTTTCAACAGAATGACTATTGCGCACTCCTTGCCGTAC
3,3,0,ATACAAAATAAGACAGGAACGTATTTACTGGGTTAAAAATAATCATACTGCTTTTCATGACAAAAACCGCAGAAAATCCTCCCTTTCCCCGGGAGCTGGCGTTATGGTCAGATGCTTTTTGCCACAAACCTCACAATAAAAAGTTTCATCATACTGACTAGACAAAGTTTAATTGCTGTT
4,4,0,ATACAAAATAAGACAGGAACGTATTTACTGGGTTAAAAATAATCATACTGCTTTTCATGACAAAAACCGCAGAAAATCCTCCCTTTCCCCGGGAGCTGGCGTTATGGTCAGATGCTTTTTGCCACAAACCTCACAATAAAAAGTTTCATCATACTGACTAGACAATGATGGAAAGAGGTC
1,1,0,ATACAAAATAAGACAGGAACGTATTTACTGGGTTAAAAATAATCATACTGCTTTTCATGACAAAAACCGCAGAAAATCCTCCCTTTCCCCGGGAGCTGGCGTTATGGTCAGATGCTTTTTGCCACAAACCTCACAATAAAAAGTTTCATCATACTGACTATAAACATATACATGCCGGGT
1,1,0,ATACAAAATAAGACAGGAACGTATTTACTGGGTTAAAAATAATCATACTGCTTTTCATGACAAAAACCGCAGAAAATCCTCCCTTTCCCCGGGAGCTGGCGTTATGGTCAGATGCTTTTTGCCACAAACCTCACAATAAAAAGTTTCATCATACTGACTATAAGGCCCCGGCTAATGGAT
9,8,1,ATACAAAATAAGACAGGAACGTATTTACTGGGTTTGATATAATCAGCCAACTTTGCTTCACAAAAACCGCAGATAATCCTTCCTTTCCCCGGCAGCTGGCGTTAGGGTCAGTAGGTTTTTGCATCAGATCTCACAATCAAAGCTTTCAACCTACTGACTAAACAGACATCCACTTCATCG
3,3,0,ATACAAAATAAGACAGGAACGTATTTACTGGGTTTGATATAATCAGCCAACTTTGCTTCACAAAAACCGCAGATAATCCTTCCTTTCCCCGGCAGCTGGCGTTAGGGTCAGTAGGTTTTTGCATCAGATCTCACAATCAAAGCTTTCAACCTACTGACTAATTGGTTCGCAGCTTCTAGA
14,9,5,ATACAAAATAAGACAGGAACGTATTTACTGGGTTTGATATAATCAGCCAACTTTGCTTCACAAAAACCGCAGATAATCCTTCCTTTCCCCGGCAGCTGGCGTTAGGGTCAGTAGGTTTTTGCATCAGATCTCACAATCAAAGCTTTCAACCTACTGACTACGTCAACACTCGAAGCCTTG
3,3,0,ATACAAAATAAGACAGGAACGTATTTACTGGGTTTGATATAATCAGCCAACTTTGCTTCACAAAAACCGCAGATAATCCTTCCTTTCCCCGGCAGCTGGCGTTAGGGTCAGTAGGTTTTTGCATCAGATCTCACAATCAAAGCTTTCAACCTACTGACTACTAAAAAAAATTCGGGTGCG
10,8,2,ATACAAAATAAGACAGGAACGTATTTACTGGGTTTGATATAATCAGCCAACTTTGCTTCACAAAAACCGCAGATAATCCTTCCTTTCCCCGGCAGCTGGCGTTAGGGTCAGTAGGTTTTTGCATCAGATCTCACAATCAAAGCTTTCAACCTACTGACTAGCTGTGAAGTTTGGTTCTGC
1,1,0,ATACAAAATAAGACAGGAACGTATTTACTGGGTTTGATATAATCAGCCAACTTTGCTTCACAAAAACCGCAGATAATCCTTCCTTTCCCCGGCAGCTGGCGTTAGGGTCAGTAGGTTTTTGCATCAGATCTCACAATCAAAGCTTTCAACCTACTGACTAGTAATGGTATCTTTCAGACA
10,8,2,ATACAAAATAAGACAGGAACGTATTTACTGGGTTTGATATAATCAGCCAACTTTGCTTCACAAAAACCGCAGATAATCCTTCCTTTCCCCGGCAGCTGGCGTTAGGGTCAGTAGGTTTTTGCATCAGATCTCACAATCAAAGCTTTCAACCTACTGACTATAAGCAGTGGTGTGTCATAG
3,3,0,ATACAAAATAAGACAGGAACGTATTTACTGGGTTTGATATAATCAGCCAACTTTGCTTCACAAAAACCGCAGATAATCCTTCCTTTCCCCGGCAGCTGGCGTTAGGGTCAGTAGGTTTTTGCATCAGATCTCACAATCAAAGCTTTCAACCTACTGACTATCGTTCGATGCATCGGAACG
19,14,5,ATACAAAATAAGACAGGAACGTATTTACTGGGTTTGATATAATCAGCCAACTTTGCTTCACAAAAACCGCAGATAATCCTTCCTTTCCCCGGCAGCTGGCGTTAGGGTCAGTAGGTTTTTGCATCAGATCTCACAATCAAAGCTTTCAACCTACTGACTATGTGTTACAGGATCGCTAGC
5,2,3,ATACAAAATAAGACAGGAACGTATTTACTGGGTTTGATATAATCAGCCAACTTTGCTTCACAAAAACCGCAGATAATCCTTCCTTTCCCCGGCAGCTGGCGTTATGGTCAGTAGGTTTTTGCATCAGATCTCACAATCAAAGCTTTCAACCTACTGACTAAGTTAGTAAGACCCCTTCTT
4,4,0,ATACAAAATAAGACAGGAACGTATTTGGTGGGTTAAATATGATCATACTGCTTTTCATCACAAAAACGGCAGATAATCCTCCCTTTCCCCGGCAGCTGGCGTTATGGTCAGACGTTTTTTGCACCAAATCGCACAATAAAAAGCTTCAACATACTGACTAATCCGGACGCTTCAGGCAAT
20,13,7,ATACAAAATAAGACAGGAACGTATTTGGTGGGTTAAATATGATCATACTGCTTTTCATCACAAAAACGGCAGATAATCCTCCCTTTCCCCGGCAGCTGGCGTTATGGTCAGACGTTTTTTGCACCAAATCGCACAATAAAAAGCTTCAACATACTGACTAGTCATATCACGCTGTCTGTC
5,2,3,ATACAAAATAAGACAGGAAGGTATTTACTGGGTTACATTTACTCATCCTTCTTTTAATACCAAAAACCGTAGATAAATCTTAGTTTGCCCGGCAGCTGGCCTTATGGTCAGATGGTGTTTGCAGCAAATCTCACAATAAAAAGTTTCAACATACTGACTACCAGAGCAGGCGTAACATCC
3,3,0,ATACAAAATAAGACAGGAAGGTATTTACTGGGTTACATTTACTCATCCTTCTTTTAATACCAAAAACCGTAGATAAATCTTAGTTTGCCCGGCAGCTGGCCTTATGGTCAGATGGTGTTTGCAGCAAATCTCACAATAAAAAGTTTCAACATACTGACTACCTTTATGTTACCGGGCGAG
1,1,0,ATACAAAATAAGACAGGAAGGTATTTACTGGGTTACATTTACTCATCCTTCTTTTAATACCAAAAACCGTAGATAAATCTTAGTTTGCCCGGCAGCTGGCCTTATGGTCAGATGGTGTTTGCAGCAAATCTCACAATAAAAAGTTTCAACATACTGACTATACTGTCATTGTGCGGGTCC
4,2,2,ATACAAAATAAGACAGGAAGGTATTTACTGGGTTACATTTACTCATCCTTCTTTTAATACCAAAAACCGTAGATAAATCTTAGTTTGCCCGGCAGCTGGCCTTATGGTCAGATGGTGTTTGCAGCAAATCTCACAATAAAAAGTTTCAACATACTGACTATCCATAGTCTGCAGACATCT
6,0,6,ATACAAAATAAGACAGGAGCGAATTTACTGGGTTAAATATAATCATCCGCACTTTCATCACAGAAACCGCAGAATATCCTTCCTTTCCCCGGCAGCTGGCGTTATGGTCAGATGGGTTTTGCAACAAATCTCACAACAAAAAGTTTCAACATACTGGCTGCCTTGTATAGTAGGAAGACT
13,4,9,ATACAAAATAAGACAGGAGCGAATTTACTGGGTTAAATATAATCATCCGCACTTTCATCACAGAAACCGCAGAATATCCTTCCTTTCCCCGGCAGCTGGCGTTATGGTCAGATGGGTTTTGCAACAAATCTCACAATAAAAAGTTTCAACATACTGGCTGATCTTAATCTAGTGTGAGCG
6,2,4,ATACAAAATAAGACAGGAGCGAATTTACTGGGTTAAATATAATCATCCGCACTTTCATCACAGAAACCGCAGAATATCCTTCCTTTCCCCGGCAGCTGGCGTTATGGTCAGATGGGTTTTGCAACAAATCTCACAATAAAAAGTTTCAACATACTGGCTGGACAGTGACTTATACTATTA
9,2,7,ATACAAAATAAGACAGGAGCGAATTTACTGGGTTAAATATAATCATCCGCACTTTCATCACAGAAACCGCAGAATATCCTTCCTTTCCCCGGCAGCTGGCGTTATGGTCAGATGGGTTTTGCAACAAATCTCACAATAAAAAGTTTCAACATACTGGCTGGGGACGTGAGAGCATATAGG
12,5,7,ATACAAAATAAGACAGGAGCGAATTTACTGGGTTAAATATAATCATCCGCACTTTCATCACAGAAACCGCAGAATATCCTTCCTTTCCCCGGCAGCTGGCGTTATGGTCAGATGGGTTTTGCAACAAATCTCACAATAAAAAGTTTCAACATACTGGCTGGGTCACAGGGGCCTCGAGTG
21,7,14,ATACAAAATAAGACAGGAGCGAATTTACTGGGTTAAATATAATCATCCGCACTTTCATCACAGAAACCGCAGAATATCCTTCCTTTCCCCGGCAGCTGGCGTTATGGTCAGATGGGTTTTGCAACAAATCTCACAATAAAAAGTTTCAACATACTGGCTGGTTCCTTACCTTGTAGACCA
13,1,12,ATACAAAATAAGACAGGAGCGAATTTACTGGGTTAAATATAATCATCCGCACTTTCATCACAGAAACCGCAGAATATCCTTCCTTTCCCCGGCAGCTGGCGTTATGGTCAGATGGGTTTTGCAACAAATCTCACAATAAAAAGTTTCAACATACTGGCTGTACGTTCTTGCGACACACGT
7,1,6,ATACAAAATAAGACAGGAGCGAATTTACTGGGTTAAATATAATCATCCGCACTTTCATCACAGAAACCGCAGAATATCCTTCCTTTCCCCGGCAGCTGGCGTTATGGTCAGATGGGTTTTGCAACAAATCTCACAATAAAAAGTTTCAACATACTGGCTGTATCGGCTGAAACCAACAGA
10,3,7,ATACAAAATAAGACAGGAGCGAATTTACTGGGTTAAATATAATCATCCGCACTTTCATCACAGAAACCGCAGAATATCCTTCCTTTCCCCGGCAGCTGGCGTTATGGTCAGATGGGTTTTGCAACAAATCTCACAATAAAAAGTTTCAACATACTGGCTGTCTGAGCTTACAGATTAGAC
1,1,0,ATACAAAATAAGACAGGAGCGAATTTACTGGGTTAAATATAATCATCCGCACTTTCATCACAGAAACCGCAGAATATCCTTCCTTTCCCCGGCAGCTGGCGTTATGGTCAGATGGGTTTTGCAACAAATCTCACAATAAAAAGTTTCAACATACTGGCTGTGGTTCCCACGTCACTACTC
2,2,0,ATACAAAATAAGACCCGGCCCAATTTAATCGGATAAATATAACCACCCTGCTTTTCATCACAAAAACCGCAGATCATGCTTCCTTTCCCCTGCTGCTGGCGTTATGGTGAGATGGTTTTTGCAACAAATCGCACAACAAAAAGTTTCAACATACTGACTAAAAGTGCAATTGGTAAACCT
54,5,49,ATACAAAATAAGACCCGGCCCAATTTAATCGGATAAATATAACCACCCTGCTTTTCATCACAAAAACCGCAGATCATGCTTCCTTTCCCCTGCTGCTGGCGTTATGGTGAGATGGTTTTTGCAACAAATCGCACAACAAAAAGTTTCAACATACTGACTAGGGCGGTTAGATCCATTGTC
50,3,47,ATACAAAATAAGACCCGGCCCAATTTAATCGGATAAATATAACCACCCTGCTTTTCATCACAAAAACCGCAGATCATGCTTCCTTTCCCCTGCTGCTGGCGTTATGGTGAGATGGTTTTTGCAACAAATCGCACAACAAAAAGTTTCAACATACTGACTATCCAATTCCATAGGCACTGT
4,2,2,ATACAAAATAAGAGAGGAACGTATTTACTGGGTTAAATATAATGATCTTGCGTGTCCTCACAAAAACCGCAGATATTCCTTCCTTTCCCCGGCAGCTGGCATTATGCTCAGTTGGTTTTTGCAACAAATCTCACAGTATAAAGTTTCAACATCCTGACTAACTCTAGTCTGAGAAATCCT
1,1,0,ATACAAAATAAGAGAGGAACGTATTTACTGGGTTAAATATAATGATCTTGCGTGTCCTCACAAAAACCGCAGATATTCCTTCCTTTCCCCGGCAGCTGGCATTATGCTCAGTTGGTTTTTGCAACAAATCTCACAGTATAAAGTTTCAACATCCTGACTAAGAACTAGTCCATTGTTACC
70,15,55,ATACAAAATAAGAGAGGAACGTATTTACTGGGTTAAATATAATGATCTTGCGTGTCCTCACAAAAACCGCAGATATTCCTTCCTTTCCCCGGCAGCTGGCATTATGCTCAGTTGGTTTTTGCAACAAATCTCACAGTATAAAGTTTCAACATCCTGACTAATCGCAACAGATAATTCAGG
25,5,20,ATACAAAATAAGAGAGGAACGTATTTACTGGGTTAAATATAATGATCTTGCGTGTCCTCACAAAAACCGCAGATATTCCTTCCTTTCCCCGGCAGCTGGCATTATGCTCAGTTGGTTTTTGCAACAAATCTCACAGTATAAAGTTTCAACATCCTGACTACAGTTCCGTAGATGTTCCCC
37,8,29,ATACAAAATAAGAGAGGAACGTATTTACTGGGTTAAATATAATGATCTTGCGTGTCCTCACAAAAACCGCAGATATTCCTTCCTTTCCCCGGCAGCTGGCATTATGCTCAGTTGGTTTTTGCAACAAATCTCACAGTATAAAGTTTCAACATCCTGACTATCTTAAATAATCGTTTTATG
5,4,1,ATACAAAATAAGCCAGGAACGTATTAACTGGATTAAATAGAATCATCCTGCTTTTCATCATAAAAACCGCAGATAATCCTTCCTTTCCCCGGCCGCTGGCGTTATGGTCAGATGGTTTGTGCAACATATCTTAAAATGAAATGTTTCAACTGACTGACTAGGGCATTACTTTAAAGATGT
3,3,0,ATACAAAATAAGCCAGGAACGTATTAACTGGATTAAATAGAATCATCCTGCTTTTCATCATAAAAACCGCAGATAATCCTTCCTTTCCCCGGCCGCTGGCGTTATGGTCAGATGGTTTGTGCAACATATCTTAAAATGAAATGTTTCAACTGACTGACTATACAGGTATTCTAGTGTAGA
3,2,1,ATACAAAATAAGCCAGGAACGTATTAACTGGATTAAATAGAATCATCCTGCTTTTCATCATAAAAACCGCAGATAATCCTTCCTTTCCCCGGCCGCTGGCGTTATGGTCAGATGGTTTGTGCAACATATCTTAAAATGAAATGTTTCAACTGACTGACTATGACGATTAATGCATGTCGT
3,1,2,ATACAAAATAAGCCAGGAGCGTATTTACTGGGTTAAATATAATCGTCCTATTTTTCTTCACAAAAACCGTAGATGATCCTTCCTTTCCCCGGCAGCTCGCGTTATGGTCAGATGGTTTTTGCAACCAATCTCCCACTATAATGTTTCAACATACTGGCTATTGACCCCCATCTGGTCACG
1,1,0,ATACAAAATAAGCCAGGAGCGTATTTACTGGGTTAAATATAATCGTCCTGTTTTTCTTCACAAAAACCGTAGATGATCCTTCCTTTCCCCGGCAGCTCGCGTTATGGTCAGATGGTTTTTGCAACCAATCTCCCACTATAATGTTTCAACATACTGGCTAATATCACGACTCGGTACCTG
9,5,4,ATACAAAATAAGCCAGGAGCGTATTTACTGGGTTAAATATAATCGTCCTGTTTTTCTTCACAAAAACCGTAGATGATCCTTCCTTTCCCCGGCAGCTCGCGTTATGGTCAGATGGTTTTTGCAACCAATCTCCCACTATAATGTTTCAACATACTGGCTACACCGCAGCATGAAAGCCGA
3,1,2,ATACAAAATAAGCCAGGAGCGTATTTACTGGGTTAAATATAATCGTCCTGTTTTTCTTCACAAAAACCGTAGATGATCCTTCCTTTCCCCGGCAGCTCGCGTTATGGTCAGATGGTTTTTGCAACCAATCTCCCACTATAATGTTTCAACATACTGGCTACGGGGATTCAGTGCATAGAG
3,2,1,ATACAAAATAAGCCAGGAGCGTATTTACTGGGTTAAATATAATCGTCCTGTTTTTCTTCACAAAAACCGTAGATGATCCTTCCTTTCCCCGGCAGCTCGCGTTATGGTCAGATGGTTTTTGCAACCAATCTCCCACTATAATGTTTCAACATACTGGCTAGAATAGGAATAGGCCTCGTA
7,2,5,ATACAAAATAAGCCAGGAGCGTATTTACTGGGTTAAATATAATCGTCCTGTTTTTCTTCACAAAAACCGTAGATGATCCTTCCTTTCCCCGGCAGCTCGCGTTATGGTCAGATGGTTTTTGCAACCAATCTCCCACTATAATGTTTCAACATACTGGCTATGGATCTGTCCGGTTCATTT
3,0,3,ATACAAAATAAGCCAGGAGCGTATTTACTGGGTTAAATATAATCGTCCTGTTTTTCTTCACAAAAACCGTAGATGATCCTTCCTTTCCCCGGCAGCTCGCGTTATGGTCAGATGGTTTTTGCAACCAATCTCCCACTATAATGTTTCAACATACTGGCTATTTGAACGGAGACGGATTTA
15,7,8,ATACAAAATAATACAGGAACGTATTTACTGGGTTAAATATAATCATCCTGCTTTTCATCACAAAAACCGTAGATAATCATTCCTTTCCCCGGCAGCTGGCGTTATGGTCAGGTAGTTTTTGCAACAAATCTCACAATAAAAAGTTTCAACCTACTGATTAAGGCGAAGTCCTTATCTTAC
16,5,11,ATACAAAATAATACAGGAACGTATTTACTGGGTTAAATATAATCATCCTGCTTTTCATCACAAAAACCGTAGATAATCATTCCTTTCCCCGGCAGCTGGCGTTATGGTCAGGTAGTTTTTGCAACAAATCTCACAATAAAAAGTTTCAACCTACTGATTAAGGTTGTAGGGTCAAACCAC
3,2,1,ATACAAAATAATACAGGAACGTATTTACTGGGTTAAATATAATCATCCTGCTTTTCATCACAAAAACCGTAGATAATCATTCCTTTCCCCGGCAGCTGGCGTTATGGTCAGGTAGTTTTTGCAACAAATCTCACAATAAAAAGTTTCAACCTACTGATTAATATTATATTTCCAAAGTTA
6,4,2,ATACAAAATAATACAGGAACGTATTTACTGGGTTAAATATAATCATCCTGCTTTTCATCACAAAAACCGTAGATAATCATTCCTTTCCCCGGCAGCTGGCGTTATGGTCAGGTAGTTTTTGCAACAAATCTCACAATAAAAAGTTTCAACCTACTGATTAGATCATTGGCGTGTCTGCGT
3,1,2,ATACAAAATAATACAGGAACGTATTTACTGGGTTAAATATAATCATCCTGCTTTTCATCACAAAAACCGTAGATAATCATTCCTTTCCCCGGCAGCTGGCGTTATGGTCAGGTAGTTTTTGCAACAAATCTCACAATAAAAAGTTTCAACCTACTGATTAGGATCCAATTTTTAACGTTA
22,17,5,ATACAAAATAATACAGGAACGTATTTACTGGGTTAAATATAATCATCCTGCTTTTCATCACAAAAACCGTAGATAATCATTCCTTTCCCCGGCAGCTGGCGTTATGGTCAGGTAGTTTTTGCAACAAATCTCACAATAAAAAGTTTCAACCTACTGATTATTATCCGCCTTTTGCTCAGT
1,1,0,ATACAAAATACGACAGGAACGTATTTACTGGGTTTAATATAATCATCCTGCTTTTCAACACAAAAACCGAAGATAATCCTTCCTTACCCCGGCAGCTCGCGTGATGGACAGATGGTGATTGCAAAAAGTCTGACAATAATAAGTGTCAATATACTGACTATACGATCCCGAGGTAAGCTT
1,1,0,ATACAAAATACGACAGGAACGTATTTACTGGGTTTAATATAATCATCCTGCTTTTCAACACAAAAACCGAAGATAATCCTTCCTTACCCCGGCAGCTCGCGTGATGGACAGATGGTGATTGCAAAAAGTCTGACAATAATAAGTGTCAATATACTGACTATATCTTTCTGCTATTGCGAC
1,1,0,ATACAAAATAGGACATTAACGTATTTACTGGGTAAAATATAATCATCCTGCTTTTCATCACAAAAACCGCAGATAATCCTTCTTTTCCCCGGCAGCTAACGTTATGGTCTGATGGTTTTTGTAACAAATCTCACAATAGTAAGTTTCGACACACTGACTAAGCTTCCTTTACCTATTATT
16,11,5,ATACAAAATAGGACATTAACGTATTTACTGGGTAAAATATAATCATCCTGCTTTTCATCACAAAAACCGCAGATAATCCTTCTTTTCCCCGGCAGCTAACGTTATGGTCTGATGGTTTTTGTAACAAATCTCACAATAGTAAGTTTCGACACACTGACTAAGTGTTCAGCTAAACGTTTA
2,0,2,ATACAAAATAGGACATTAACGTATTTACTGGGTAAAATATAATCATCCTGCTTTTCATCACAAAAACCGCAGATAATCCTTCTTTTCCCCGGCAGCTAACGTTATGGTCTGATGGTTTTTGTAACAAATCTCACAATAGTAAGTTTCGACACACTGACTACAATACGGTATCGAGTAGAA
3,3,0,ATACAAAATAGGACATTAACGTATTTACTGGGTAAAATATAATCATCCTGCTTTTCATCACAAAAACCGCAGATAATCCTTCTTTTCCCCGGCAGCTAACGTTATGGTCTGATGGTTTTTGTAACAAATCTCACAATAGTAAGTTTCGACACACTGACTAGATTAAAGTGAGCATAACGA
4,4,0,ATACAAAATAGGACATTAACGTATTTACTGGGTAAAATATAATCATCCTGCTTTTCATCACAAAAACCGCAGATAATCCTTCTTTTCCCCGGCAGCTAACGTTATGGTCTGATGGTTTTTGTAACAAATCTCACAATAGTAAGTTTCGACACACTGACTAGCCTATTCGATTCCATCATG
7,7,0,ATACAAAATAGGACATTAACGTATTTACTGGGTAAAATATAATCATCCTGCTTTTCATCACAAAAACCGCAGATAATCCTTCTTTTCCCCGGCAGCTAACGTTATGGTCTGATGGTTTTTGTAACAAATCTCACAATAGTAAGTTTCGACACACTGACTATACATAGGGAGCTTTCCTCA
8,3,5,ATACAAAATAGGACATTAACGTATTTACTGGGTAAAATATAATCATCCTGCTTTTCATCACAAAAACCGCAGATAATCCTTCTTTTCCCCGGCAGCTAACGTTATGGTCTGATGGTTTTTGTAACAAATCTCACAATAGTAAGTTTCGACACACTGACTATGAGCCGGTAATAATCAGTC
2,2,0,ATACAAAATCAGGCAGGAACGTATTTACTGGGTTAATTATCATCATCCTGCTTTACATCACAAAAACCGCAGATAATCCTTCATTTCCCAGGCAGGTGGCGTTATGGACAGATGCTTTTTGCAGAAAATGTCACAGCAAACAGTTTCAACATACTGACTATGGTCTGGAAACCTGGGCAA
5,5,0,ATACAAAATCAGGCAGGAACGTATTTACTGGGTTAATTATCATCATCCTGCTTTACATCACAAAAACCGCAGATAATCCTTCATTTCCCAGGCAGGTGGCGTTATGGACAGATGCTTTTTGCAGAAAATGTCACAGCAAACAGTTTCAACATACTGACTATGTTGCGCGCTAACTAAGAA
2,2,0,ATACAAAATGAGACAGTAAAGTATTTACTCGGTTAAATATAATCATCCTACTTTTCACCACAAAAACCCCAGATAATCCTTCCTTTCCCCGGCAGTGGGCGTTATGGTCAGATGGTTTATGAACCAAAGATCACCATAAAAAGTTTCAACATACTGACTAACCGTGGTGCAATTGTGCAT
5,5,0,ATACAAAATGAGACAGTAAAGTATTTACTCGGTTAAATATAATCATCCTACTTTTCACCACAAAAACCCCAGATAATCCTTCCTTTCCCCGGCAGTGGGCGTTATGGTCAGATGGTTTATGAACCAAAGATCACCATAAAAAGTTTCAACATACTGACTAAGGCCGGATGACCAACTGCC
6,6,0,ATACAAAATGAGACAGTAAAGTATTTACTCGGTTAAATATAATCATCCTACTTTTCACCACAAAAACCCCAGATAATCCTTCCTTTCCCCGGCAGTGGGCGTTATGGTCAGATGGTTTATGAACCAAAGATCACCATAAAAAGTTTCAACATACTGACTAATATGTCGGGCCTGGGAAGC
3,1,2,ATACAAAATGAGACAGTAAAGTATTTACTCGGTTAAATATAATCATCCTACTTTTCACCACAAAAACCCCAGATAATCCTTCCTTTCCCCGGCAGTGGGCGTTATGGTCAGATGGTTTATGAACCAAAGATCACCATAAAAAGTTTCAACATACTGACTAGATTCTTCTGAATACGACTT
14,12,2,ATACAAAATGAGACAGTAAAGTATTTACTCGGTTAAATATAATCATCCTACTTTTCACCACAAAAACCCCAGATAATCCTTCCTTTCCCCGGCAGTGGGCGTTATGGTCAGATGGTTTATGAACCAAAGATCACCATAAAAAGTTTCAACATACTGACTATTGGTCTGGCGTGGTCAGAT
1,0,1,ATACAAAATTATACAGGAACGAATTTACTGGGCTAAATATATTCAACCTGGTTTTCATCACAAAATCCGCAGATAATCCTTCCTTTCCCGGGCAGCTGGCGTTATGGTCAGTTGGCTATTGCAACAAATATCACAATAAAATGTTTCAACATACTGACTACAACTGGCGAAATATTCTCT
1,0,1,ATACAAAATTATACAGGAACGAATTTACTGGGCTAAATATATTCAACCTGGTTTTCATCACAAAATCCGCAGATAATCCTTCCTTTCCCGGGCAGCTGGCGTTATGGTCAGTTGGCTATTGCAACAAATATCACAATAAAATGTTTCAACATACTGACTACTTCCACACATCTTACAAAT
35,10,25,ATACAAAATTATACAGGAACGAATTTACTGGGCTAAATATATTCAACCTGGTTTTCATCACAAAATCCGCAGATAATCCTTCCTTTCCCGGGCAGCTGGCGTTATGGTCAGTTGGCTATTGCAACAAATATCACAATAAAATGTTTCAACATACTGACTAGAGATAGTTCTCAGGGTATC
7,7,0,ATACAAACAAAAAGAGAAACGTCTTTACTGGGTTAATGATAATCATCCTACTTTTTAGCACAAGAACCGGATAAAATGCTTCCTTTCCCCGGCAGCTGGCGTTATCGTCAGATGGTTTTTGCAACAAATCTCACAACAAAAAGTTTAAACATAGTGACTAGGGGTTATTCCCTCAGGTTT
8,2,6,ATACAAACAAAGAAAGCAGCGTATTTACTGGGCTAAATAGAATCATTCTGCTTTTCATCACAAAAACCGCGGATAATCCTTCCGATCCCCGGCAGCTGGCGTTATGTTCATCTGATTTTTGCAACAAATCTCACAATAAAAAGTTTCAACATATTGACTACGGATTCTTTCGGGACAAAG
13,7,6,ATACAAACAAAGAAAGCAGCGTATTTACTGGGCTAAATAGAATCATTCTGCTTTTCATCACAAAAACCGCGGATAATCCTTCCGATCCCCGGCAGCTGGCGTTATGTTCATCTGATTTTTGCAACAAATCTCACAATAAAAAGTTTCAACATATTGACTAGAAATCTGTGACCCGAACGA
11,9,2,ATACAAACAAAGACAGAAACGTAAGAATTGGCTTAAAGATAAACATCCTGCTTTTCATCACAAAAACCGCAGATAATCTTTCCGTTCCCCGGCTGCTGGCGTCATGGTCAGAAGGTTTTTGCAACACATCTCAGAATAAAAAGTTTCAATATACTGTCTTAGACAATCATTAATGCAGCG
3,3,0,ATACAAACAAAGACAGAAACGTAAGAATTGGCTTAAAGATAAACATCCTGCTTTTCATCACAAAAACCGCAGATAATCTTTCCGTTCCCCGGCTGCTGGCGTCATGGTCAGAAGGTTTTTGCAACACATCTCAGAATAAAAAGTTTCAATATACTGTCTTCCAAATCGGTTTCCGATTCT
4,4,0,ATACAAACAAAGACAGAAACGTAAGAATTGGCTTAAAGATAAACATCCTGCTTTTCATCACAAAAACCGCAGATAATCTTTCCGTTCCCCGGCTGCTGGCGTCATGGTCAGAAGGTTTTTGCAACACATCTCAGAATAAAAAGTTTCAATATACTGTCTTCTAAGTTTGCTTATTAGTGG
2,2,0,ATACAAACAAAGACAGAAACGTAAGAATTGGCTTAAAGATAAACATCCTGCTTTTCATCACAAAAACCGCAGATAATCTTTCCGTTCCCCGGCTGCTGGCGTCATGGTCAGAAGGTTTTTGCAACACATCTCAGAATAAAAAGTTTCAATATACTGTCTTCTGGTTTCCGGTACCGCCAG
1,1,0,ATACAAACAAAGACAGGAAAGTACTTACTGGGTTAAATACAATCATCCTGCTTTTCATCACAAAAAACGCAGATAATCCTTGATTACCCCGGCAGCTGGCTTTAGTGACACATGGTTTCTGGAACAAATCTCACAATAAAAAGTTTTAACATACTAACCACCTACGGGACCCCGTTAGAA
1,1,0,ATACAAACAAAGACAGGAACGCAATAATTGGTTTAAAGATAATCATCCTGCTTTTCAACACAAAAACCGCAGATAATCCATCCTTTCCCCGCCAGCTGGCCTTATGGTCAGATGGTTTTTACAACAAATCTAATAATAAAAAGTTTCAACATACTGACTAAATACACGGATTTGGCTTGG
1,1,0,ATACAAACAAAGACAGGAACGCAATAATTGGTTTAAAGATAATCATCCTGCTTTTCAACACAAAAACCGCAGATAATCCATCCTTTCCCCGCCAGCTGGCCTTATGGTCAGATGGTTTTTACAACAAATCTAATAATAAAAAGTTTCAACATACTGACTACGTCCATACTAGGTTAAGCA
2,2,0,ATACAAACAAAGACAGGAACGCAATAATTGGTTTAAAGATAATCATCCTGCTTTTCAACACAAAAACCGCAGATAATCCATCCTTTCCCCGCCAGCTGGCCTTATGGTCAGATGGTTTTTACAACAAATCTAATAATAAAAAGTTTCAACATACTGACTAGCCTGTGGCACACATCTCGC
5,4,1,ATACAAACAAAGACAGGAACGTATTTACTGGGTTAAATATAATCATCCTGCTTTTCATCACAAAAACCGCAGATAATCCTTCCTTTCCACGGCAGCTGGTGGTGAGGTCAGATGTTTCTTGCAACAAATTTCACAATAAAAAGTTTCCACATACTAAGTAGCTAATTGGTTGGAGTCGGA
1,1,0,ATACAAACAAAGACAGGAACGTATTTACTGGGTTAAATATAATCATCCTGCTTTTCATCACAAAAACCGCAGATAATCCTTCCTTTCCACGGCAGCTGGTGGTGAGGTCAGATGTTTCTTGCAACAAATTTCACAATAAAAAGTTTCCACATACTAAGTATAAGCCTCTTTCTCATCGAG
13,11,2,ATACAAACAAAGACAGGAACGTATTTACTGGGTTAAATATAATCATCCTGCTTTTCATCACAAAAACCGCAGATAATCCTTCCTTTCCACGGCAGCTGGTGGTGAGGTCAGATGTTTCTTGCAACAAATTTCACAATAAAAAGTTTCCACATACTAAGTATCCCGTCCCAAGTACTGTGA
2,2,0,ATACAAACAAAGACAGGAACGTATTTACTGGGTTAAATATAATCATCCTGCTTTTCATCACAAAAACCGCAGATAATCCTTCCTTTCCACGGCAGCTGGTGGTGAGGTCAGATGTTTCTTGCAACAAATTTCACAATAAAAAGTTTCCACATACTAAGTATGATACGTGTCGACCCGCTT
4,4,0,ATACAAACAAAGACAGGATCGTATCTAAGGGGTTAAATATAATCATCCTGCTTTTCATCACAAAAACTGCTGATAATCCGTCCTTTCCCCGGCAGCCGGTCTTATGATCAAATTGTTTTTGAAACCAATCTCACAATAAGAAGTTTCAACATACCGACTAACCTTTGTTGACACGATTTA
1,1,0,ATACAAACAAAGACAGGATCGTATCTAAGGGGTTAAATATAATCATCCTGCTTTTCATCACAAAAACTGCTGATAATCCGTCCTTTCCCCGGCAGCCGGTCTTATGATCAAATTGTTTTTGAAACCAATCTCACAATAAGAAGTTTCAACATACCGACTACGGAAACATAATCGGGTTGT
6,6,0,ATACAAACAAAGACAGGATCGTATCTAAGGGGTTAAATATAATCATCCTGCTTTTCATCACAAAAACTGCTGATAATCCGTCCTTTCCCCGGCAGCCGGTCTTATGATCAAATTGTTTTTGAAACCAATCTCACAATAAGAAGTTTCAACATACCGACTAGCGGGTCTTGAATTTACGTT
2,2,0,ATACAAACAAAGACAGGTACGTATTTAATGGGTTACTCATAATCATCATGCATTACATCACATAAACCGCGGATAATCTTTCCTTTCCCCGGCAGCCTGCGTTATGATGAGATGGTTTATGCAACACATCTCGCAAATAAAAGTTGCAACATACTGACTAAGGAAAGTTTTAACTCAAGC
13,1,12,ATACAAACAAAGACAGGTACGTATTTAATGGGTTACTCATAATCATCATGCATTACATCACATAAACCGCGGATAATCTTTCCTTTCCCCGGCAGCCTGCGTTATGATGAGATGGTTTATGCAACACATCTCGCAAATAAAAGTTGCAACATACTGACTAGTTACTGTGGGTATCTCCAA
47,3,44,ATACAAACAAAGACCGCAACGCATTTACTGGGTTAAATATAATCATGATGCTTTTCATCACAAAAACGGCATATAATCCTTCCTTTCCCCGTTATCTGGCGTTATGGTCACATGGTTTTTGCAACAAATCACTCTATAAAAATTTTCAACATTCTCACTAAGTCACAACATAAACTAACC
27,6,21,ATACAAACAAAGACCGCAACGCATTTACTGGGTTAAATATAATCATGATGCTTTTCATCACAAAAACGGCATATAATCCTTCCTTTCCCCGTTATCTGGCGTTATGGTCACATGGTTTTTGCAACAAATCACTCTATAAAAATTTTCAACATTCTCACTAATATCATTGAGCACATTCTA
2,0,2,ATACAAACAAAGACCGCAACGCATTTACTGGGTTAAATATAATCATGATGCTTTTCATCACAAAAACGGCATATAATCCTTCCTTTCCCCGTTATCTGGCGTTATGGTCACATGGTTTTTGCAACAAATCACTCTATAAAAATTTTCAACATTCTCACTACATGAGTGTGATTAAGGCGA
3,1,2,ATACAAACAAAGACCGCAACGCATTTACTGGGTTAAATATAATCATGATGCTTTTCATCACAAAAACGGCATATAATCCTTCCTTTCCCCGTTATCTGGCGTTATGGTCACATGGTTTTTGCAACAAATCACTCTATAAAAATTTTCAACATTCTCACTACGGAATGGACCAATAGGTGA
15,1,14,ATACAAACAAAGACCGCAACGCATTTACTGGGTTAAATATAATCATGATGCTTTTCATCACAAAAACGGCATATAATCCTTCCTTTCCCCGTTATCTGGCGTTATGGTCACATGGTTTTTGCAACAAATCACTCTATAAAAATTTTCAACATTCTCACTACTGATTTCAGATACTATAGG
6,3,3,ATACAAACAAAGACCGCAACGCATTTACTGGGTTAAATATAATCATGATGCTTTTCATCACAAAAACGGCATATAATCCTTCCTTTCCCCGTTATCTGGCGTTATGGTCACATGGTTTTTGCAACAAATCACTCTATAAAAATTTTCAACATTCTCACTAGCTAAGAGACAGGTGAATGT
23,11,12,ATACAAACAAAGACCGCAACGCATTTACTGGGTTAAATATAATCATGATGCTTTTCATCACAAAAACGGCATATAATCCTTCCTTTCCCCGTTATCTGGCGTTATGGTCACATGGTTTTTGCAACAAATCACTCTATAAAAATTTTCAACATTCTCACTAGGCGACTCCCCTGTACTCTC
4,4,0,ATACAAACAAAGACTGGAACGGATTTACTGGGTTAAATATATTCAACCTGCGTTTCATATCAAACACCGGAGATAATCCTTCCATTCCCCGGCAGCCGGCGTTATCGTCAGATGGTTTTTGCAACAAAACTCACAATAAAAAGTTTCAACATACTGAGTAACGTAACTATGGACGGAGCA
2,2,0,ATACAAACAAAGACTGGAACGGATTTACTGGGTTAAATATATTCAACCTGCGTTTCATATCAAACACCGGAGATAATCCTTCCATTCCCCGGCAGCCGGCGTTATCGTCAGATGGTTTTTGCAACAAAACTCACAATAAAAAGTTTCAACATACTGAGTACGCGCGGGTTCCACTCCCGT
9,8,1,ATACAAACAAAGACTGGAACGGATTTACTGGGTTAAATATATTCAACCTGCGTTTCATATCAAACACCGGAGATAATCCTTCCATTCCCCGGCAGCCGGCGTTATCGTCAGATGGTTTTTGCAACAAAACTCACAATAAAAAGTTTCAACATACTGAGTAGGGTGAGCTCAGACCCTCCA
3,1,2,ATACAAACAAAGACTGGAACGGATTTACTGGGTTAAATATATTCAACCTGCGTTTCATATCAAACACCGGAGATAATCCTTCCATTCCCCGGCAGCCGGCGTTATCGTCAGATGGTTTTTGCAACAAAACTCACAATAAAAAGTTTCAACATACTGAGTATACAGTTCTGTTGGTGAACT
1,1,0,ATACAAACAAAGACTGGAACGGATTTACTGGGTTAAATATATTCAACCTGCGTTTCATATCAAACACCGGAGATAATCCTTCCATTCCCCGGCAGCCGGCGTTATCGTCAGATGGTTTTTGCAACAAAACTCACAATAAAAAGTTTCAACATACTGAGTATACCTAGGAAATTAGGTAAG
2,2,0,ATACAAACAAAGACTGGAACGGATTTACTGGGTTAAATATATTCAACCTGCGTTTCATATCAAACACCGGAGATAATCCTTCCATTCCCCGGCAGCCGGCGTTATCGTCAGATGGTTTTTGCAACAAAACTCACAATAAAAAGTTTCAACATACTGAGTATCAGGGTGCATGAACGCTTT
2,2,0,ATACAAACAAAGACTGGAACGGATTTACTGGGTTAAATATATTCAACCTGCGTTTCATATCAAACACCGGAGATAATCCTTCCATTCCCCGGCAGCCGGCGTTATCGTCAGATGGTTTTTGCAACAAAACTCACAATAAAAAGTTTCAACATACTGAGTATTACGCGAGCTTGCTAAACC
13,5,8,ATACAAACAAAGGCAGGAACGTACTTACTGGGTTAAATATAATCATCCTGCTTTTCATCACAAAAACCGCACATAATCCTTCATTTCCACGGCAGCTGGCGTTATGGTCGGATGGATTTTGCAGCAAATCTCACAATTAAAAGTTTCAACATACTGACAAGAAACTGGTACCTAGCTCTG
54,15,39,ATACAAACAAAGGCAGGAACGTACTTACTGGGTTAAATATAATCATCCTGCTTTTCATCACAAAAACCGCACATAATCCTTCATTTCCACGGCAGCTGGCGTTATGGTCGGATGGATTTTGCAGCAAATCTCACAATTAAAAGTTTCAACATACTGACAAGGGTTCGATTGCTGGCTAGA
9,2,7,ATACAAACAAAGGCAGGAACGTACTTACTGGGTTAAATATAATCATCCTGCTTTTCATCACAAAAACCGCACATAATCCTTCATTTCCACGGCAGCTGGCGTTATGGTCGGATGGATTTTGCAGCAAATCTCACAATTAAAAGTTTCAACATACTGACAAGTCGTGAGTAGATGGGTGCT
37,4,33,ATACAAACAAAGGCAGGAACGTACTTACTGGGTTAAATATAATCATCCTGCTTTTCATCACAAAAACCGCACATAATCCTTCATTTCCACGGCAGCTGGCGTTATGGTCGGATGGATTTTGCAGCAAATCTCACAATTAAAAGTTTCAACATACTGACAAGTTACCATCTTTTGATAACT
22,21,1,ATACAAACAAAGGCAGGAAGGTATTTACTGGGTAGCATATAATCCTCCTGCTTAACATCACAAAAACTGCAGATAATCCTTCCTTTCCCCGGCAGCTGGTGTTATGGCCAGATGGTTTTTGCAACAAATCTCACAATGAAAAGGTTCAACATACTGACTAAAGTATAACGTTAAGAGCTG
8,8,0,ATACAAACAAAGGCAGGAAGGTATTTACTGGGTAGCATATAATCCTCCTGCTTAACATCACAAAAACTGCAGATAATCCTTCCTTTCCCCGGCAGCTGGTGTTATGGCCAGATGGTTTTTGCAACAAATCTCACAATGAAAAGGTTCAACATACTGACTACTGGTTTCCGTACCAAGCGC
2,0,2,ATACAAACAAAGTCGGGAACATATTTCCTGGCGCAAATATAATCATCCTGTCTTTCCTCACAAAAACGGCAGATAATCTTTCATTTACCCGGCGGCTGGCGTTATTGTCACATGGTTTTTGCAACAAATCCCACAACGAAAAGTTTCAACATACCGACTATGAGTCTGCTGACAACCTAA
15,14,1,ATACAAACAAAGTCGGGAACATATTTCCTGGCGCAAATATAATCATCCTGTCTTTCCTCACAAAAACGGCAGATAATCTTTCATTTACCCGGCGGCTGGCGTTATTGTCACATGGTTTTTGCAACAAATCCCACAACTAAAAGTTTCAACATACCGACTAGCTGATCCCGTCTGATGACA
3,1,2,ATACAAACAACGATAGGAACGTATTTACTAGGTGTAATAAAATCAACCAGCTATTCATCACAAAAACCGCAGATAATCGTACCTTTCCCCGGTTGCTGGCGTTATGGTCAGATGGTCTTTGCACCCAATCTCACAATTAAAAGTTGCAACACACTGACTAGGAGTGTAACTAAACTGCTT
3,3,0,ATACAAACAAGGACAGGGACGTATTTACAGGGTTAAATATAATCAGCCTGCCTATCATCACCAATATCGCAGATAATCCTTCCGTTCCCCGGTAGGTGGCGTTGTGGTCAGATGGTTTTTGCAACAAATCGTACAATAAAAAGTTTAAACACTCTGACTACGCAGTACCACACTTACTAG
3,3,0,ATACAAACACGGACATGAAGGTATTTAATGGGATAAATAGAATCATCCTGCTTTTCACCAGAAATACCGCCGATAATGCCTCCTGTCCCAGCCAGCTGACGTTAGGGTCAGATGCCTCTTGCAACAAATCTCACAATAAAAAGTTTCAACATACTGACTAAGCTATTAGCTTTAAGTCCG
2,2,0,ATACAAACACGGACATGAAGGTATTTAATGGGATAAATAGAATCATCCTGCTTTTCACCAGAAATACCGCCGATAATGCCTCCTGTCCCAGCCAGCTGACGTTAGGGTCAGATGCCTCTTGCAACAAATCTCACAATAAAAAGTTTCAACATACTGACTAGTCTTTTATTGAAGGACTAA
3,3,0,ATACAAACACGGACATGAAGGTATTTAATGGGATAAATAGAATCATCCTGCTTTTCACCAGAAATACCGCCGATAATGCCTCCTGTCCCAGCCAGCTGACGTTAGGGTCAGATGCCTCTTGCAACAAATCTCACAATAAAAAGTTTCAACATACTGACTATATTTGCGCGTTTAGATTCG
10,10,0,ATACAAACACGGACATGAAGGTATTTAATGGGATAAATAGAATCATCCTGCTTTTCACCAGAAATACCGCCGATAATGCCTCCTGTCCCAGCCAGCTGACGTTAGGGTCAGATGCCTCTTGCAACAAATCTCACAATAAAAAGTTTCAACATACTGACTATTTTGACATCAAGTCCATCT
1,1,0,ATACAAACACGGACATGAAGGTATTTAATGGGATAAATAGAATCATCCTGCTTTTCACCAGAAATACCGCCGATAATGCCTCCTGTCCCAGCCAGCTGACTTTAGGGTCAGATGCCTCTTGCAACAAATCTCACAATAAAAAGTTTCAACATACTGACTAACCGGCACATTCCTCTGATA
8,2,6,ATACAAAGAAACAAAGGAACGTATTTACTGCGTTCAATATAATCATCCTGATTTTCATCACAAAAACCGCAGATTATCCTTCCCTTCCCCGTCAGCTGGCGTTATGGTCAGTTGGTTTTTGCAACAAATCTCTCAATAAGAAGTTTCAACATACTGACCAAGATCACCTGTAGCTGATGG
58,16,42,ATACAAAGAAACAAAGGAACGTATTTACTGCGTTCAATATAATCATCCTGATTTTCATCACAAAAACCGCAGATTATCCTTCCCTTCCCCGTCAGCTGGCGTTATGGTCAGTTGGTTTTTGCAACAAATCTCTCAATAAGAAGTTTCAACATACTGACCACATATCGACATTAGGTCATT
21,2,19,ATACAAAGAAACAAAGGAACGTATTTACTGCGTTCAATATAATCATCCTGATTTTCATCACAAAAACCGCAGATTATCCTTCCCTTCCCCGTCAGCTGGCGTTATGGTCAGTTGGTTTTTGCAACAAATCTCTCAATAAGAAGTTTCAACATACTGACCACCGTCTTAAACTGTACACGC
12,0,12,ATACAAAGAAACAAAGGAACGTATTTACTGCGTTCAATATAATCATCCTGATTTTCATCACAAAAACCGCAGATTATCCTTCCCTTCCCCGTCAGCTGGCGTTATGGTCAGTTGGTTTTTGCAACAAATCTCTCAATAAGAAGTTTCAACATACTGACCACGCGAATGTGTTTTACCACT
63,13,50,ATACAAAGAAACAAAGGAACGTATTTACTGCGTTCAATATAATCATCCTGATTTTCATCACAAAAACCGCAGATTATCCTTCCCTTCCCCGTCAGCTGGCGTTATGGTCAGTTGGTTTTTGCAACAAATCTCTCAATAAGAAGTTTCAACATACTGACCACTATAGATAACCATTCACAA
28,7,21,ATACAAAGAAACAAAGGAACGTATTTACTGCGTTCAATATAATCATCCTGATTTTCATCACAAAAACCGCAGATTATCCTTCCCTTCCCCGTCAGCTGGCGTTATGGTCAGTTGGTTTTTGCAACAAATCTCTCAATAAGAAGTTTCAACATACTGACCAGATTAGTCGCCTAACACGTT
6,2,4,ATACAAAGAAACAAAGGAACGTATTTACTGCGTTCAATATAATCATCCTGATTTTCATCACAAAAACCGCAGATTATCCTTCCCTTCCCCGTCAGCTGGCGTTATGGTCAGTTGGTTTTTGCAACAAATCTCTCAATAAGAAGTTTCAACATACTGACCAGCCAGTTGTCATAGCCTCAA
2,1,1,ATACAAAGAAACAAAGGAACGTATTTACTGCGTTCAATATAATCATCCTGATTTTCATCACAAAAACCGCAGATTATCCTTCCCTTCCCCGTCAGCTGGCGTTATGGTCAGTTGGTTTTTGCAACAAATCTCTCAATAAGAAGTTTCAACATACTGACCAGGTCTCAACCTCAGTCTCTT
9,3,6,ATACAAAGAAACAAAGGAACGTATTTACTGCGTTCAATATAATCATCCTGATTTTCATCACAAAAACCGCAGATTATCCTTCCCTTCCCCGTCAGCTGGCGTTATGGTCAGTTGGTTTTTGCAACAAATCTCTCAATAAGAAGTTTCAACATACTGACCAGTACCCCGTATTTGTTGGGC
1,1,0,ATACAAAGAAAGAAAGGAACGAATTTACTGGGTTAAATATAATCAGCGAGTTTTTGATCACAATAACCGCAGATAAACCGTCCTTTCCCCGGCTGCTTCCGTTAGGGTCAGATGGTTTTTGCAACAAATCTCACAACAAAAAGTTTAAACATAATGACTAACTTACACGTGTAACACCTA
4,4,0,ATACAAAGAAAGAAAGGAACGAATTTACTGGGTTAAATATAATCAGCGAGTTTTTGATCACAATAACCGCAGATAAACCGTCCTTTCCCCGGCTGCTTCCGTTAGGGTCAGATGGTTTTTGCAACAAATCTCACAACAAAAAGTTTAAACATAATGACTACCTGCGCGTCACGTCTCAAT
1,1,0,ATACAAAGAAAGAAAGGAACGAATTTACTGGGTTAAATATAATCAGCGAGTTTTTGATCACAATAACCGCAGATAAACCGTCCTTTCCCCGGCTGCTTCCGTTAGGGTCAGATGGTTTTTGCAACAAATCTCACAACAAAAAGTTTAAACATAATGACTATTATACAGGACTATCTGGAT
1,1,0,ATACAAAGAAAGACAAGAACGTATATACTGGGTTAAATATAAGCGTTCTACGGTTCATCACAAAAACCGCAGATAAGCCTTCCTTTTCCAGGCAGCTGCCGTGATGGTCAGATGGTATTTGCAACAAATCTCACAATAAAAAGTTTCAACATACGGACTAACGTGGGGACCGGGGTTTTG
4,1,3,ATACAAAGAAAGACAAGAACGTATATACTGGGTTAAATATAAGCGTTCTACGGTTCATCACAAAAACCGCAGATAAGCCTTCCTTTTCCAGGCAGCTGCCGTGATGGTCAGATGGTATTTGCAACAAATCTCACAATAAAAAGTTTCAACATACGGACTATATAAGTAGCAGATCGGTAC
1,1,0,ATACAAAGAAAGACAAGAACGTATATACTGGGTTAAATATAAGCGTTCTACGGTTCATCACAAAAACCGCAGATAAGCCTTCCTTTTCCAGGCAGCTGCCGTGATGGTCAGATGGTATTTGCAACAAATCTCACAATAAAAAGTTTCAACATACGGACTATGCAGCAAGACACTAATAAG
5,5,0,ATACAAAGAAAGACAAGAACGTATATACTGGGTTAAATATAAGCGTTCTACGGTTCATCACAAAAACCGCAGATAAGCCTTCCTTTTCCAGGCAGCTGCCGTGATGGTCAGATGGTATTTGCAACAAATCTCACAATAAAAAGTTTCAACATACGGACTATGTATGGTCCCAGCGGGGGC
38,4,34,ATACAAAGAAAGACAAGAACGTATATACTGGGTTAAATATAATCATACCGCTTGTCGTCATAAAAACCGCAGATAATCCTTCCTTTCCCCGGCAGCTGGTGTTATGGTCAGATGGTATTTCCAACAAATCTCACAATAAAAAGTTTCGAAATACTGACTACTCTACACAAACATGGTGGC
35,2,33,ATACAAAGAAAGACAAGAACGTATATACTGGGTTAAATATAATCATACCGCTTGTCGTCATAAAAACCGCAGATAATCCTTCCTTTCCCCGGCAGCTGGTGTTATGGTCAGATGGTATTTCCAACAAATCTCACAATAAAAAGTTTCGAAATACTGACTATCCTAGCTCAGTTTGACTTA
5,0,5,ATACAAAGAAAGACAAGAACGTATATACTGGGTTAAATATAATCATACCGCTTGTCGTCATAAAAACCGCAGATAATCCTTCCTTTCCCCGGCAGCTGGTGTTATGGTCAGATGGTATTTCCAACAAATCTCACAATAAAAAGTTTCGAAATACTGACTATCGAATATTGGGTTACTCAC
6,4,2,ATACAAAGAAAGACAGGAACCTATTTACTGCGTTTAATATAATCATCCTGCGTTTCATCCAAAAAATTGCAGATAATCCTTCCTTTCCCCGGCAGCTCGCGTTATGGTCAGATGGTTTTTCCAGCAAATCTCACAATAAAAAGTTTCAACATAGTGACTATCTAAGGAGCCGTATTTGCT
4,4,0,ATACAAAGAAAGACAGGAACGTAATAATTGGGTTAAATAGATTCATCCTTCTTTTCATAGCAAAAACCGCAGATAATCCTTCCTCTCCCCGGCAGCTCGCGTTATGGTCAGATGGTTGCAGCAACAAATCTCACAATAAAAAGTTTCGACTAACTGTCTAACAGTTTTAAGGAGGCTCTG
7,7,0,ATACAAAGAAAGACAGGAACGTAATAATTGGGTTAAATAGATTCATCCTTCTTTTCATAGCAAAAACCGCAGATAATCCTTCCTCTCCCCGGCAGCTCGCGTTATGGTCAGATGGTTGCAGCAACAAATCTCACAATAAAAAGTTTCGACTAACTGTCTACCCGTCATTGTGTTGAGAAT
4,2,2,ATACAAAGAAAGACAGGAACGTAATAATTGGGTTAAATAGATTCATCCTTCTTTTCATAGCAAAAACCGCAGATAATCCTTCCTCTCCCCGGCAGCTCGCGTTATGGTCAGATGGTTGCAGCAACAAATCTCACAATAAAAAGTTTCGACTAACTGTCTACGTAAGGGACTGTTCCCATG
5,5,0,ATACAAAGAAAGACAGGAACGTAATAATTGGGTTAAATAGATTCATCCTTCTTTTCATAGCAAAAACCGCAGATAATCCTTCCTCTCCCCGGCAGCTCGCGTTATGGTCAGATGGTTGCAGCAACAAATCTCACAATAAAAAGTTTCGACTAACTGTCTAGATAACATGCCGTTCCTGGA
2,2,0,ATACAAAGAAAGACAGGAACGTAATAATTGGGTTAAATAGATTCATCCTTCTTTTCATAGCAAAAACCGCAGATAATCCTTCCTCTCCCCGGCAGCTCGCGTTATGGTCAGATGGTTGCAGCAACAAATCTCACAATAAAAAGTTTCGACTAACTGTCTAGATTTCCACGGACGCAAAAC
13,8,5,ATACAAAGAAAGACAGGAACGTAATAATTGGGTTAAATAGATTCATCCTTCTTTTCATAGCAAAAACCGCAGATAATCCTTCCTCTCCCCGGCAGCTCGCGTTATGGTCAGATGGTTGCAGCAACAAATCTCACAATAAAAAGTTTCGACTAACTGTCTAGTAGGTAGAGCCACGGCTCG
3,3,0,ATACAAAGAAAGACAGGAACGTAATAATTGGGTTAAATAGATTCATCCTTCTTTTCATAGCAAAAACCGCAGATAATCCTTCCTCTCCCCGGCAGCTCGCGTTATGGTCAGATGGTTGCAGCAACAAATCTCACAATAAAAAGTTTCGACTAACTGTCTATTTGAAAAGGTTAAACTACG
4,4,0,ATACAAAGAAAGACAGGAACGTATTTACCGGGTTAAATATAGTCATCCTGATTTTCAGCACAAAAACCGTAGATAATCGTTCCTTTCCCCGACAGATGGCGTCATGCTCAGATGGTTCTTGCAACAAATCTCACAATAAAAAGTTTCAACATATGCACTAGAAGTCTTTATCTCTGTGCG
2,2,0,ATACAAAGAAAGACAGGAACGTATTTACCGGGTTAAATATAGTCATCCTGATTTTCAGCACAAAAACCGTAGATAATCGTTCCTTTCCCCGACAGATGGCGTCATGCTCAGATGGTTCTTGCAACAAATCTCACAATAAAAAGTTTCAACATATGCACTATCGTCTCTATAAGGTTATTT
2,2,0,ATACAAAGAAAGACAGGAACGTATTTACCGGGTTAAATATAGTCATCCTGATTTTCAGCACAAAAACCGTAGATAATCGTTCCTTTCCCCGACAGATGGCGTCATGCTCAGATGGTTCTTGCAACAAATCTCACAATAAAAAGTTTCAACATATGCACTATGTAAACGAGCGGTTAATCG
14,14,0,ATACAAAGAAAGACAGGAACGTATTTACCGGGTTAAATATAGTCATCCTGATTTTCAGCACAAAAACCGTAGATAATCGTTCCTTTCCCCGACAGATGGCGTCATGCTCAGATGGTTCTTGCAACAAATCTCACAATAAAAAGTTTCAACATATGCACTATGTAGTTTGAATCGATAGCG
5,5,0,ATACAAAGAAAGACAGGAACGTATTTACCGGGTTAAATATAGTCATCCTGATTTTCAGCACAAAAACCGTAGATAATCGTTCCTTTCCCCGACAGATGGCGTCATGCTCAGATGGTTCTTGCAACAAATCTCACAATAAAAATTTTCAACATATGCACTATGAGAAGTCGCGAGCTCACT
3,3,0,ATACAAAGAAAGACAGGAACGTATTTACTAGATTAAATATAATCATCCTGCTTTTCATAACAAAATCCGCAGATAATCCTACCTCTCCCCGGCAGCTGGCGCTATGGTCATATCGTTTTTGCAACAAATCTCAAAATAAAAAGTTTCAACATACTGACTAAAAATGGTTGGTTCGTAGCA
1,1,0,ATACAAAGAAAGACAGGAACGTATTTACTAGATTAAATATAATCATCCTGCTTTTCATAACAAAATCCGCAGATAATCCTACCTCTCCCCGGCAGCTGGCGCTATGGTCATATCGTTTTTGCAACAAATCTCAAAATAAAAAGTTTCAACATACTGACTACATTTTCGAACCCCGACATT
3,3,0,ATACAAAGAAAGACAGGAACGTATTTACTCGGTTAATTATATTCATCCTGCTTTTCATAACAAAATCCCTAGATAATCCGTCCTTTCCCCGGCCGCTGGCTTTATGCTCTGAAGGTTTTTGCACCAAACCTGACAACAAAAAGTTTCAACATACTGACTACAATTTCGGTATTACTGATT
8,8,0,ATACAAAGAAAGACAGGAACGTATTTACTCGGTTAATTATATTCATCCTGCTTTTCATAACAAAATCCCTAGATAATCCGTCCTTTCCCCGGCCGCTGGCTTTATGCTCTGAAGGTTTTTGCACCAAACCTGACAACAAAAAGTTTCAACATACTGACTATCGACCACTTGATGAATTGT
9,6,3,ATACAAAGAAAGACAGGAACGTATTTACTCGGTTAATTATATTCATCCTGCTTTTCATAACAAAATCCCTAGATAATCCGTCCTTTCCCCGGCCGCTGGCTTTATGCTCTGAAGGTTTTTGCACCAAACCTGACAACAAAAAGTTTCAACATACTGACTATCTGTTTTTTGTGTGGGATA
1,1,0,ATACAAAGAAAGACAGGAACGTATTTACTCGGTTAATTATATTCATCCTGCTTTTCATAACAAAATCCCTAGATAATCCGTCCTTTCCCCGGCCGCTGGCTTTATGCTCTGAAGGTTTTTGCACCAAACCTGACAACAAAAAGTTTCAACATACTGACTATTCAGAAACGGAACTCAGAG
11,5,6,ATACAAAGAAAGACAGGAACGTATTTTCCGATTTTAAAATAATCATCCCGCTTTTAAGCACAAAAACCGCAGATAATCCTTCCTTTCCGCGGCAGCTGGCGTTATGGTCAGATGGTTCTTGCAAGAAATCTCACAATACAAAGTGATAACATACTGACTAAGTACAGCGTAGCCGTTGAG
52,10,42,ATACAAAGAAAGACAGGAACGTATTTTCCGATTTTAAAATAATCATCCCGCTTTTAAGCACAAAAACCGCAGATAATCCTTCCTTTCCGCGGCAGCTGGCGTTATGGTCAGATGGTTCTTGCAAGAAATCTCACAATACAAAGTGATAACATACTGACTAGGAGCACTGGGGAGTCAGCA
1,1,0,ATACAAAGAAAGACAGGAACGTATTTTCCGATTTTAAAATAATCATCCCGCTTTTAAGCACAAAAACCGCAGATAATCCTTCCTTTCCGCGGCAGCTGGCGTTATGGTCAGATGGTTCTTGCAAGAAATCTCACAATACAAAGTGATAACATACTGACTAGTACTTCGTGTGAACTCCTC
4,2,2,ATACAAAGAAAGACAGGAACGTATTTTCCGATTTTAAAATAATCATCCCGCTTTTAAGCACAAAAACCGCAGATAATCCTTCCTTTCCGCGGCAGCTGGCGTTATGGTCAGATGGTTCTTGCAAGAAATCTCACAATACAAAGTGATAACATACTGACTATTATGCCTCTAATCCTACAA
5,4,1,ATACAAAGAAAGACAGGACCGTATTAACTGGGTAAAATATAGTGATCCTGCTTTACATCACAAAAACCGTAGATGATCCGTGCGTTCCCCCGCAGCTGGCGTCCTGGTCAAACGTTTTATGCAGCAAATCTCACAATAAAAAGTCTCAACATACTGACTAGTTACAGCAAGTTACAGTAT
6,5,1,ATACAAAGAAAGACAGGACCGTATTAACTGGGTAAAATATAGTGATCCTGCTTTACATCACAAAAACCGTAGATGATCCGTGCGTTCCCCCGCAGCTGGCGTCCTGGTCAAACGTTTTATGCAGCAAATCTCACAATAAAAAGTCTCAACATACTGACTATATTCGGAGGTACCGAGCCA
8,8,0,ATACAAAGAAAGACATGAACGTATTTACTGGGTTAAATATAAGCATCCTACTTTTCATAACAAAAACCGCATACAACCCTTCCTTTCCCCGGTAGCTGGCCATATGGTCAGATGTTTTTTGCAACAGATCTCAAAATAGAAAGTTTCAACATACTGACGAGGACTGCACGGTGGACGGGA
10,10,0,ATACAAAGAAAGACATGAACGTATTTACTGGGTTAAATATAAGCATCCTGCTTTTCATAACAAAAACCGCATACAACCCTTCCTTTCCCCGGTAGCTGGCCATATGGTCAGATGTTTTTTGCAACAGATCTCAAAATAGAAAGTTTCAACATACTGACGAAACACGTCTTTGTCGTAGAG
3,3,0,ATACAAAGAAAGACATGAACGTATTTACTGGGTTAAATATAAGCATCCTGCTTTTCATAACAAAAACCGCATACAACCCTTCCTTTCCCCGGTAGCTGGCCATATGGTCAGATGTTTTTTGCAACAGATCTCAAAATAGAAAGTTTCAACATACTGACGAGGGCCCCCTCGAGATATAAA
2,2,0,ATACAAAGAAAGCCCGGAACGTTTTTACTCGGTCAAATATAATCATCCCGCTTCTCATCACAAAAACCGCAGATAATCCTTCATTTCCCCGGCAGCTGGCTTTATGGTCAGATTGTGTGTGCAACAAATCTCACAATAAAAAGTTTCAACATACTGACTAAACTCTAGACGGTTATCTGC
2,0,2,ATACAAAGAAAGCCCGGAACGTTTTTACTCGGTCAAATATAATCATCCCGCTTCTCATCACAAAAACCGCAGATAATCCTTCATTTCCCCGGCAGCTGGCTTTATGGTCAGATTGTGTGTGCAACAAATCTCACAATAAAAAGTTTCAACATACTGACTAGAGGAATTTAGGCCTAAAAG
3,1,2,ATACAAAGAAAGCCCGGAACGTTTTTACTCGGTCAAATATAATCATCCCGCTTCTCATCACAAAAACCGCAGATAATCCTTCATTTCCCCGGCAGCTGGCTTTATGGTCAGATTGTGTGTGCAACAAATCTCACAATAAAAAGTTTCAACATACTGACTAGGCACAACACTCCGCATGCG
4,4,0,ATACAAAGAAAGGCAGGAACGTATTTAGTTGGTTAAATGGACTCATCCTGCTCTTCGTAACCAAAACCGCAGATAGTCAATCCTTTGCCCGGGAGCTGGCGTTATGGTCAGATGGTTTTTGGAACAAATCTCACAATAAAAAGTTTCAAGATACTGACTAAAGTTCTAGAAAGTCTGTGA
1,1,0,ATACAAAGAAAGGCAGGAACGTATTTAGTTGGTTAAATGGACTCATCCTGCTCTTCGTAACCAAAACCGCAGATAGTCAATCCTTTGCCCGGGAGCTGGCGTTATGGTCAGATGGTTTTTGGAACAAATCTCACAATAAAAAGTTTCAAGATACTGACTACGGCGCGCCGACAACTACGA
9,9,0,ATACAAAGAAAGGCAGGAACGTATTTAGTTGGTTAAATGGACTCATCCTGCTCTTCGTAACCAAAACCGCAGATAGTCAATCCTTTGCCCGGGAGCTGGCGTTATGGTCAGATGGTTTTTGGAACAAATCTCACAATAAAAAGTTTCAAGATACTGACTAGACCTGTCCGATTAAGTGGT
4,4,0,ATACAAAGAAAGGCAGGAACGTATTTAGTTGGTTAAATGGACTCATCCTGCTCTTCGTAACCAAAACCGCAGATAGTCAATCCTTTGCCCGGGAGCTGGCGTTATGGTCAGATGGTTTTTGGAACAAATCTCACAATAAAAAGTTTCAAGATACTGACTATCTGAGCTCCCTGCAATAAG
3,3,0,ATACAAAGAGAGACAGGAACCTATTTACTGCGTTTAATATAATCATCCTGCGTTTCATCCAAAAAATTGCAGATAATCCTTCCTTTCCCCGGCAGCTCGCGTTATGGTCAGATGGTTTTTCCAGCAAATCTCACAATAAAAAGTTTCAACATAGTGACTAAGTGCCGGCGCGCCCAAGTT
12,1,11,ATACAAAGAGAGACAGGAACCTATTTACTGCGTTTAATATAATCATCCTGCGTTTCATCCAAAAAATTGCAGATAATCCTTCCTTTCCCCGGCAGCTCGCGTTATGGTCAGATGGTTTTTCCAGCAAATCTCACAATAAAAAGTTTCAACATAGTGACTAGAACATCGGCTGGGAAAGCA
5,5,0,ATACAAAGAGAGACAGGAACCTATTTACTGCGTTTAATATAATCATCCTGCGTTTCATCCAAAAAATTGCAGATAATCCTTCCTTTCCCCGGCAGCTCGCGTTATGGTCAGATGGTTTTTCCAGCAAATCTCACAATAAAAAGTTTCAACATAGTGACTAGACTTCCTTCGTTCACCGCC
17,9,8,ATACAAAGAGAGACAGGAACCTATTTACTGCGTTTAATATAATCATCCTGCGTTTCATCCAAAAAATTGCAGATAATCCTTCCTTTCCCCGGCAGCTCGCGTTATGGTCAGATGGTTTTTCCAGCAAATCTCACAATAAAAAGTTTCAACATAGTGACTAGGTGATTTTGACTATCCCCA
1,1,0,ATACAAAGAGAGACCTGAACGTATTTGCTGGCTTAAATATGATCATCCTGCTTTTCATCAGAAAAACCGCAGATAATCCTTCCATTCCCCGGCAGCTGGCGTTATCGTCAGATGGTTTGTGCCACAAATCTCACAATAAAAAGTTTCAACATACTCACTAACATTAAACTCTTGGGACTG
2,2,0,ATACAAAGAGAGACCTGAACGTATTTGCTGGCTTAAATATGATCATCCTGCTTTTCATCAGAAAAACCGCAGATAATCCTTCCATTCCCCGGCAGCTGGCGTTATCGTCAGATGGTTTGTGCCACAAATCTCACAATAAAAAGTTTCAACATACTCACTACAGCTGCATATCATTTCTTA
9,7,2,ATACAAAGAGAGACCTGAACGTATTTGCTGGCTTAAATATGATCATCCTGCTTTTCATCAGAAAAACCGCAGATAATCCTTCCATTCCCCGGCAGCTGGCGTTATCGTCAGATGGTTTGTGCCACAAATCTCACAATAAAAAGTTTCAACATACTCACTACCTCCCTTAGTCAGACAATG
1,1,0,ATACAAAGAGAGACCTGAACGTATTTGCTGGCTTAAATATGATCATCCTGCTTTTCATCAGAAAAACCGCAGATAATCCTTCCATTCCCCGGCAGCTGGCGTTATCGTCAGATGGTTTGTGCCACAAATCTCACAATAAAAAGTTTCAACATACTCACTACGGTAATGGGGAGCGTTAGC
1,1,0,ATACAAAGAGAGACCTGAACGTATTTGCTGGCTTAAATATGATCATCCTGCTTTTCATCAGAAAAACCGCAGATAATCCTTCCATTCCCCGGCAGCTGGCGTTATCGTCAGATGGTTTGTGCCACAAATCTCACAATAAAAAGTTTCAACATACTCACTAGGCCTTGTCAGGCATTTTAG
14,12,2,ATACAAAGAGAGACCTGAACGTATTTGCTGGCTTAAATATGATCATCCTGCTTTTCATCAGAAAAACCGCAGATAATCCTTCCATTCCCCGGCAGCTGGCGTTATCGTCAGATGGTTTGTGCCACAAATCTCACAATAAAAAGTTTCAACATACTCACTATATGCTATGCCTCTGCGTGG
9,9,0,ATACAAAGAGAGACCTGAACGTATTTGCTGGCTTAAATATGATCATCCTGCTTTTCATCAGAAAAACCGCAGATAATCCTTCCATTCCCCGGCAGCTGGCGTTATCGTCAGATGGTTTGTGCCACAAATCTCACAATAAAAAGTTTCAACATACTCACTATGATTTGCCGACTTACCTGG
1,1,0,ATACAAAGAGAGTCATGGACGTCTTTACTGGGTTACATATTATCATCCTGCATTCTATCACAAAAACCCCCGATAATCCTTCCCTTCCCCGGCAGCTGTCGTTATGGTTAGATGTTTTTTGCAACAAAGCTCGCAATAAAAAGCTTCAACTTACTGACTCACTTCACGGTAGTTGGAACG
12,8,4,ATACAAAGAGAGTCATGGACGTCTTTACTGGGTTACATATTATCATCCTGCATTCTATCACAAAAACCCCCGATAATCCTTCCCTTCCCCGGCAGCTGTCGTTATGGTTAGATGTTTTTTGCAACAAAGCTCGCAATAAAAAGCTTCAACTTACTGACTCTCGTTGTTGAGCGTCCATAA
1,1,0,ATACAAAGAGAGTCATGGACGTCTTTACTGGGTTACATATTATCATCCTGCATTCTATCACAAAAACCCCCGATAATCCTTCCCTTCCCCGGCAGCTGTCGTTATGGTTAGATGTTTTTTGCAACAAAGCTCGCAATAAAAAGCTTCAACTTACTGACTCTGATGGGTTTGGTATTTAAC
8,5,3,ATACAAAGAGAGTCATGGACGTCTTTACTGGGTTACATATTATCATCCTGCATTCTATCACAAAAACCCCCGATAATCCTTCCCTTCCCCGGCAGCTGTCGTTATGGTTAGATGTTTTTTGCAACAAAGCTCGCAATAAAAAGCTTCAACTTACTGACTCTGTTATGGGGTGGTGTTTAC
2,2,0,ATACAAAGATAGACAAAACCGTATTTACTGGGTAAAATATAATAATCCTGCTTTTCAACACAAAAACCGCTGTTCATCCTTCCTTTCCCCGGCAGGTGGCGTTATGCTCAGATGGTTTGTGCAACAAATCGCAAAATAAAAAGTTTCAACTTACCGACTGATATAGGTTCCACTACTAGA
5,2,3,ATACAAAGATAGACAAAACCGTATTTACTGGGTAAAATATAATAATCCTGCTTTTCAACACAAAAACCGCTGTTCATCCTTCCTTTCCCCGGCAGGTGGCGTTATGCTCAGATGGTTTGTGCAACAAATCGCAAAATAAAAAGTTTCAACTTACCGACTGCGCAACGCGAAAATGTCAGG
1,0,1,ATACAAAGATAGACAAAACCGTATTTACTGGGTAAAATATAATAATCCTGCTTTTCAACACAAAAACCGCTGTTCATCCTTCCTTTCCCCGGCAGGTGGCGTTATGCTCAGATGGTTTGTGCAACAAATCGCAAAATAAAAAGTTTCAACTTACCGACTGGACCCAAAAAGCTTACAGGT
18,7,11,ATACAAAGATAGACAAAACCGTATTTACTGGGTAAAATATAATAATCCTGCTTTTCAACACAAAAACCGCTGTTCATCCTTCCTTTCCCCGGCAGGTGGCGTTATGCTCAGATGGTTTGTGCAACAAATCGCAAAATAAAAAGTTTCAACTTACCGACTGTATCACACACGCGCCAGATC
8,3,5,ATACAAAGATAGACAAAACCGTATTTACTGGGTAAAATATAATAATCCTGCTTTTCAACACAAAAACCGCTGTTCATCCTTCCTTTCCCCGGCAGGTGGCGTTATGCTCAGATGGTTTGTGCAACAAATCGCAAAATAAAAAGTTTCAACTTACCGACTGTCGGCACAACCGCCTGGTGA
6,1,5,ATACAAAGATAGACAAAACCGTATTTACTGGGTAAAATATAATAATCCTGCTTTTCAACACAAAAACCGCTGTTCATCCTTCCTTTCCCCGGCAGGTGGCGTTATGCTCAGATGGTTTGTGCAACAAATCGCAAAATAAAAAGTTTCAACTTACCGACTGTGCGTCGCATTTTTATGCTC
17,8,9,ATACAAAGATAGACAAAACCGTATTTACTGGGTAAAATATAATAATCCTGCTTTTCAACACAAAAACCGCTGTTCATCCTTCCTTTCCCCGGCAGGTGGCGTTATGCTCAGATGGTTTGTGCAACAAATCGCAAAATAAAAAGTTTCAACTTACCGACTGTGTTCTACTGTGATAGGGAG
10,5,5,ATACAAAGATAGACAAAACCGTATTTACTGGGTAAAATATAATAATCCTGCTTTTCAACACAAAAACCGCTGTTCATCCTTCCTTTCCCCGGCAGGTGGCGTTATGCTCAGATGGTTTGTGCAACAAATCGCAAAATAAAAAGTTTCAACTTACCGACTGTTACCAGTACCGTCTAACCT
17,8,9,ATACAAAGATAGACAAAACCGTATTTACTGGGTAAAATATAATAATCCTGCTTTTCAACACAAAAACCGCTGTTCATCCTTCCTTTCCCCGGCAGGTGGCGTTATGCTCAGATGGTTTGTGCAACAAATCGCAAAATAAAAAGTTTCAACTTACCGACTGTTCGTTAATGCCGCACATCA
3,2,1,ATACAAAGATAGACAAAACCGTATTTACTGGGTAAAATATAATAATCCTGCTTTTCAACACAAAAACCGCTGTTCATCCTTCCTTTCCCCGGCAGGTGGCGTTATGCTCAGATGGTTTGTGCAACAAATCGCAAAATAAAAAGTTTCAACTTACCGACTGTTGATCTTCCCTGCAATACT
3,3,0,ATACAAAGCAAGACAGGAACGTATTTACTGGGATAAATATTATCAACCTGCGTTTCATCACCAAAACGGCAGAGAATCCTACCTTTACCCGGCAGCTGGCGTTATGGTCAGATGGTTTTTGCAACAAGTCTCACGATTAAAAGTTTCAACCTTCTGACTAACCGCGGAGAATGGTAACTT
7,7,0,ATACAAAGCAAGACAGGAACGTATTTACTGGGATAAATATTATCAACCTGCGTTTCATCACCAAAACGGCAGAGAATCCTACCTTTACCCGGCAGCTGGCGTTATGGTCAGATGGTTTTTGCAACAAGTCTCACGATTAAAAGTTTCAACCTTCTGACTAAGAGATTCGGCCCCATGTTT
9,5,4,ATACAAAGCAAGACAGGAACGTATTTACTGGGATAAATATTATCAACCTGCGTTTCATCACCAAAACGGCAGAGAATCCTACCTTTACCCGGCAGCTGGCGTTATGGTCAGATGGTTTTTGCAACAAGTCTCACGATTAAAAGTTTCAACCTTCTGACTAGCGACTCGTTTATCATAGAT
2,2,0,ATACAAAGCAAGACAGGAACGTATTTACTGGGATAAATATTATCAACCTGCGTTTCATCACCAAAACGGCAGAGAATCCTACCTTTACCCGGCAGCTGGCGTTATGGTCAGATGGTTTTTGCAACAAGTCTCACGATTAAAAGTTTCAACCTTCTGACTAGCTAGCTTTGTGGTGTATTT
1,1,0,ATACAAAGCAAGACAGGAACGTATTTACTGGGATAAATATTATCAACCTGCGTTTCATCACCAAAACGGCAGAGAATCCTACCTTTACCCGGCAGCTGGCGTTATGGTCAGATGGTTTTTGCAACAAGTCTCACGATTAAAAGTTTCAACCTTCTGACTAGGCGTTAAACTGTCTGTTGT
1,1,0,ATACAAATAAAGACAGGAACATACTTACTGGGTTAAATATAATCATCCTGCTTTTCATCAAAAAAACCGCAGATACTCCTTCCGTGCCCCGGCAGGTGGGGTTATGGTCTGATGGTTTGTGCAATAAATCTCACTATAAAAGTTTTCAACATACTGGCTGCAGCGTGATTGTTATCATCT
4,4,0,ATACAAATAAAGACAGGAACATACTTACTGGGTTAAATATAATCATCCTGCTTTTCATCAAAAAAACCGCAGATACTCCTTCCGTGCCCCGGCAGGTGGGGTTATGGTCTGATGGTTTGTGCAATAAATCTCACTATAAAAGTTTTCAACATACTGGCTGGCCCAAAACTTCCCAGTGTC
8,7,1,ATACAAATAAAGACAGGAACATACTTACTGGGTTAAATATAATCATCCTGCTTTTCATCAAAAAAACCGCAGATACTCCTTCCGTGCCCCGGCAGGTGGGGTTATGGTCTGATGGTTTGTGCAATAAATCTCACTATAAAAGTTTTCAACATACTGGCTGGTAGTTCTACACCTCCACTC
27,26,1,ATACAAATAAAGACAGGAACATACTTACTGGGTTAAATATAATCATCCTGCTTTTCATCAAAAAAACCGCAGATACTCCTTCCGTGCCCCGGCAGGTGGGGTTATGGTCTGATGGTTTGTGCAATAAATCTCACTATAAAAGTTTTCAACATACTGGCTGTAGTTGCATCCGCGACGTGT
2,0,2,ATACAAATAAAGACAGGAACCTCTTTACTGCGTTAAATAAAATCATCCTGCTTTTCATCGCAAAAAACGCAGATAATCCTTCCTCTCCCAGGCAGCTGGCGGTATGTTCAGATGGTTTTTGCAAAAAATCTCACAATAAAAAGTTAGAACATACTGACTAAAAAGAGTTCTTGTGTTAGG
2,2,0,ATACAAATAAAGACAGGAACCTCTTTACTGCGTTAAATAAAATCATCCTGCTTTTCATCGCAAAAAACGCAGATAATCCTTCCTCTCCCAGGCAGCTGGCGGTATGTTCAGATGGTTTTTGCAAAAAATCTCACAATAAAAAGTTAGAACATACTGACTATTGATAAGACAAGCGTGGCC
4,4,0,ATACAAATAAAGACAGGAACGCATATACTGGGTTAAATATAATCATCCAGCTTTTCATCAAACAAACCGCAAATAATCCTTCCTTTTCTCAGCAGCTGGCGTTAGGCTCAGACGGTTTTTTCAACAAAGCTCACAATAAATAGTTTCAACCTACTGACTCACGCGCTTCACGGTGAACAT
6,6,0,ATACAAATAAAGACAGGAACGCATATACTGGGTTAAATATAATCATCCAGCTTTTCATCAAACAAACCGCAAATAATCCTTCCTTTTCTCAGCAGCTGGCGTTAGGCTCAGACGGTTTTTTCAACAAAGCTCACAATAAATAGTTTCAACCTACTGACTCACTACTCTCCTGAATCGGTA
3,3,0,ATACAAATAAAGACAGGAACGCATATACTGGGTTAAATATAATCATCCAGCTTTTCATCAAACAAACCGCAAATAATCCTTCCTTTTCTCAGCAGCTGGCGTTAGGCTCAGACGGTTTTTTCAACAAAGCTCACAATAAATAGTTTCAACCTACTGACTCAGTTGTACAATTTCAAGGGA
1,1,0,ATACAAATAAAGACAGGAACGCATATACTGGGTTAAATATAATCATCCAGCTTTTCATCAAACAAACCGCAAATAATCCTTCCTTTTCTCAGCAGCTGGCGTTAGGCTCAGACGGTTTTTTCAACAAAGCTCACAATAAATAGTTTCAACCTACTGACTCATAAGCTTAGATCGACCTCG
21,10,11,ATACAAATAAAGACAGGAACGCATTTAGTGAGTTAACTATAATCATCCTGCTTTTCATCACAAAAACCGCAGAGAATTCTTCCTTTCCCCGGCCGCTGGCGTTATTGTCAGATGGTTTTTGCAACAAACCTCACAGTAAAAAGTATCACCATACCGACTAAATTATAGTTCACATAAGAC
2,1,1,ATACAAATAAAGACAGGAACGCATTTAGTGAGTTAACTATAATCATCCTGCTTTTCATCACAAAAACCGCAGAGAATTCTTCCTTTCCCCGGCCGCTGGCGTTATTGTCAGATGGTTTTTGCAACAAACCTCACAGTAAAAAGTATCACCATACCGACTAACCTTGCTCAAAGATATGCG
24,4,20,ATACAAATAAAGACAGGAACGCATTTAGTGAGTTAACTATAATCATCCTGCTTTTCATCACAAAAACCGCAGAGAATTCTTCCTTTCCCCGGCCGCTGGCGTTATTGTCAGATGGTTTTTGCAACAAACCTCACAGTAAAAAGTATCACCATACCGACTACATGGGACGCTCTTCCTATG
22,7,15,ATACAAATAAAGACAGGAACGCATTTAGTGAGTTAACTATAATCATCCTGCTTTTCATCACAAAAACCGCAGAGAATTCTTCCTTTCCCCGGCCGCTGGCGTTATTGTCAGATGGTTTTTGCAACAAACCTCACAGTAAAAAGTATCACCATACCGACTACCTTATACAATCATTCTAAT
10,2,8,ATACAAATAAAGACAGGAACGCATTTAGTGAGTTAACTATAATCATCCTGCTTTTCATCACAAAAACCGCAGAGAATTCTTCCTTTCCCCGGCCGCTGGCGTTATTGTCAGATGGTTTTTGCAACAAACCTCACAGTAAAAAGTATCACCATACCGACTACTACCTTGCTGCGTCAAAGA
29,8,21,ATACAAATAAAGACAGGAACGCATTTAGTGAGTTAACTATAATCATCCTGCTTTTCATCACAAAAACCGCAGAGAATTCTTCCTTTCCCCGGCCGCTGGCGTTATTGTCAGATGGTTTTTGCAACAAACCTCACAGTAAAAAGTATCACCATACCGACTACTTACGTAATGCGTTAGCTC
5,2,3,ATACAAATAAAGACAGGAACGCATTTAGTGAGTTAACTATAATCATCCTGCTTTTCATCACAAAAACCGCAGAGAATTCTTCCTTTCCCCGGCCGCTGGCGTTATTGTCAGATGGTTTTTGCAACAAACCTCACAGTAAAAAGTATCACCATACCGACTAGGAACCTTCAGTATTAGCGC
11,3,8,ATACAAATAAAGACAGGAACGTATTTACTGGGTTAAATATAATCATCCTGGTTTTCATCACAATAACCGCTGATAATCCTTCCTTTCCCAGGGAGCTGGCGTTATGATCAGATGGTTTTTGCAACAAACTTCCCATTAAAAAGTTTCAACATGCTGACTACAGACCAGAGATGCTTTAGA
23,5,18,ATACAAATAAAGACAGGAACGTATTTACTGGGTTAAATATAATCATCCTGGTTTTCATCACAATAACCGCTGATAATCCTTCCTTTCCCAGGGAGCTGGCGTTATGATCAGATGGTTTTTGCAACAAACTTCCCATTAAAAAGTTTCAACATGCTGACTACCTAGAGCATTGGGGACCTA
23,6,17,ATACAAATAAAGACAGGAACGTATTTACTGGGTTAAATATAATCATCCTGGTTTTCATCACAATAACCGCTGATAATCCTTCCTTTCCCAGGGAGCTGGCGTTATGATCAGATGGTTTTTGCAACAAACTTCCCATTAAAAAGTTTCAACATGCTGACTAGAGCAAGCGCGGAATACCTT
2,0,2,ATACAAATAAAGACAGGAACGTATTTACTGGGTTAAATATAATCATCCTGGTTTTCATCACAATAACCGCTGATAATCCTTCCTTTCCCAGGGAGCTGGCGTTATGATCAGATGGTTTTTGCAACAAACTTCCCATTAAAAAGTTTCAACATGCTGACTAGGTCAACCCCACATGCAGGC
5,5,0,ATACAAATAAAGACAGGAACGTATTTACTGGGTTAAATATAATCATCCTGGTTTTCATCACAATAACCGCTGATAATCCTTCCTTTCCCAGGGAGCTGGCGTTATGATCAGATGGTTTTTGCAACAAACTTCCCATTAAAAAGTTTCAACATGCTGACTATGGCATCTCCCCTCCTTAAG
4,4,0,ATACAAATAAAGACAGGAACGTATTTACTGGGTTAAATATAATCATCCTGGTTTTCATCACAATAACCGCTGATAATCCTTCCTTTCCCAGGGAGCTGGCGTTATGATCAGATGGTTTTTGCAACAAACTTCCCATTAAAAAGTTTCAACATGCTGACTATGGTTATCTTTGCGCTTTGC
9,0,9,ATACAAATAAAGACAGGAACGTATTTACTGGGTTTAAAATAATCATCTTGCTTTTCATCACAAAAACCGCACATAATCCTTCCCTACCTCGGCATCTGGCGTTATGGTCAGATGGTTCTTGCACCAAATCTCACAATAAAAAGTTTCATCATACTGAGTAAACGCGGCCCCGGACTCACG
23,2,21,ATACAAATAAAGACAGGAACGTATTTACTGGGTTTAAAATAATCATCTTGCTTTTCATCACAAAAACCGCACATAATCCTTCCCTACCTCGGCATCTGGCGTTATGGTCAGATGGTTCTTGCACCAAATCTCACAATAAAAAGTTTCATCATACTGAGTAATCTTAATCCCGGACCACAA
3,0,3,ATACAAATAAAGACAGGAACGTATTTACTGGGTTTAAAATAATCATCTTGCTTTTCATCACAAAAACCGCACATAATCCTTCCCTACCTCGGCATCTGGCGTTATGGTCAGATGGTTCTTGCACCAAATCTCACAATAAAAAGTTTCATCATACTGAGTACAGGTTTGTCTCGCTGTCAG
41,3,38,ATACAAATAAAGACAGGAACGTATTTACTGGGTTTAAAATAATCATCTTGCTTTTCATCACAAAAACCGCACATAATCCTTCCCTACCTCGGCATCTGGCGTTATGGTCAGATGGTTCTTGCACCAAATCTCACAATAAAAAGTTTCATCATACTGAGTACCCAGATAAACTCTTTAGCG
6,0,6,ATACAAATAAAGACAGGAACGTATTTACTGGGTTTAAAATAATCATCTTGCTTTTCATCACAAAAACCGCACATAATCCTTCCCTACCTCGGCATCTGGCGTTATGGTCAGATGGTTCTTGCACCAAATCTCACAATAAAAAGTTTCATCATACTGAGTACGTCATGCCACCGCGGTACG
1,1,0,ATACAAATAAAGACAGGAACGTATTTACTGGGTTTAAAATAATCATCTTGCTTTTCATCACAAAAACCGCACATAATCCTTCCCTACCTCGGCATCTGGCGTTATGGTCAGATGGTTCTTGCACCAAATCTCACAATAAAAAGTTTCATCATACTGAGTAGCAATGGTATGCACAGCATA
54,3,51,ATACAAATAAAGACAGGAACGTATTTACTGGGTTTAAAATAATCATCTTGCTTTTCATCACAAAAACCGCACATAATCCTTCCCTACCTCGGCATCTGGCGTTATGGTCAGATGGTTCTTGCACCAAATCTCACAATAAAAAGTTTCATCATACTGAGTAGCCTGGCATGGTTACATTAT
7,0,7,ATACAAATAAAGACAGGAACGTATTTACTGGGTTTAAAATAATCATCTTGCTTTTCATCACAAAAACCGCACATAATCCTTCCCTACCTCGGCATCTGGCGTTATGGTCAGATGGTTCTTGCACCAAATCTCACAATAAAAAGTTTCATCATACTGAGTAGGAAGCGGCCTAATGCCCGT
5,0,5,ATACAAATAAAGACAGGAACGTATTTACTGGGTTTAAAATAATCATCTTGCTTTTCATCACAAAAACCGCACATAATCCTTCCCTACCTCGGCATCTGGCGTTATGGTCAGATGGTTCTTGCACCAAATCTCACAATAAAAAGTTTCATCATACTGAGTAGGGAGCATTCGGGTAACGTA
4,0,4,ATACAAATAAAGACAGGAACGTATTTACTGGGTTTAAAATAATCATCTTGCTTTTCATCACAAAAACCGCACATAATCCTTCCCTACCTCGGCATCTGGCGTTATGGTCAGATGGTTCTTGCACCAAATCTCACAATAAAAAGTTTCATCATACTGAGTATGCAAGTCGGTGTCCAGAGT
14,14,0,ATACAAATAAAGACAGGAACGTATTTACTGGGTTTAATATGATCATCCTGCTTACCCACAAAAAGACCGCAGATAATACTGCCTTCCCCCGTCAGCTGGCGTTATGGTCAGATGGTTTTTGCAACATTTCTCACAATAAAACGTTTCAACATACTGAGTACGTAGGTTTTGTTAGGCTTA
1,1,0,ATACAAATAAAGACAGGAACGTATTTACTGGGTTTAATATGATCATCCTGCTTACCCACAAAAAGACCGCAGATAATACTGCCTTCCCCCGTCAGCTGGCGTTATGGTCAGATGGTTTTTGCAACATTTCTCACAATAAAACGTTTCAACATACTGAGTATATTATCGTATAGTTGGGCC
10,9,1,ATACAAATAAAGACAGGAACGTATTTAGTGGGTTAGATAAAACCATCCTGCTTTTCATCACAAAAACCGCGCTTAATCCTTCCTGTCCCCGGCAGCTGGCGTTATGGTCCGATGGTTTTTCCATTAATTCTCACAATAAAAAGTTTCAACATACTCACTAAAAACTATTGAATCTTGATA
7,7,0,ATACAAATAAAGACAGGAACGTATTTAGTGGGTTAGATAAAACCATCCTGCTTTTCATCACAAAAACCGCGCTTAATCCTTCCTGTCCCCGGCAGCTGGCGTTATGGTCCGATGGTTTTTCCATTAATTCTCACAATAAAAAGTTTCAACATACTCACTAACGAAGTCTGGATACACTGC
3,3,0,ATACAAATAAAGACAGGAACGTATTTAGTGGGTTAGATAAAACCATCCTGCTTTTCATCACAAAAACCGCGCTTAATCCTTCCTGTCCCCGGCAGCTGGCGTTATGGTCCGATGGTTTTTCCATTAATTCTCACAATAAAAAGTTTCAACATACTCACTACAAAACCCAGAGGTACTGTA
6,6,0,ATACAAATAAAGACAGGAACGTTTTTACTGGGTTAAGTCCAATCTTCCTGATTTTCATCATAAAAACCGCAGATAATCCAGCCATCCCACGGCAGCTGGCCTTTTGGTCAGATGGTTGTTGCAAAAAATCCCACAATAAAAGGTTTCAATATACTTATTAGGCATAGGACAGGGACCAAG
1,1,0,ATACAAATAAAGACAGGAATGTATTAACTGGGTAAATATAATCATTCCTGCCTTTCCTAACAAAAACCTCAGATAATCCTTCCGTTCCCTGGCAGCTGGAGTTATGGTCAGATGGTTTTTGTAACTAATCTCACGATAAAAGGTTTCAACATACTGACTATGGATAGGACCTGGCAGATA
24,13,11,ATACAAATAAAGACAGGAATGTATTAACTGGGTTAAATATAATCATCCTGCCTTTCCTAACAAAAACCTCAGATAATCCTTCCGTTCCCTGGCAGCTGGAGTTATGGTCAGATGGTTTTTGTAACTAATCTCACGATAAAAGGTTTCAACATACTGACTAGCTACAAATTCACGAACGTC
11,8,3,ATACAAATAAAGACAGGAATGTATTAACTGGGTTAAATATAATCATCCTGCCTTTCCTAACAAAAACCTCAGATAATCCTTCCGTTCCCTGGCAGCTGGAGTTATGGTCAGATGGTTTTTGTAACTAATCTCACGATAAAAGGTTTCAACATACTGACTATAGGGAATGACTCGGATTAC
6,6,0,ATACAAATAAAGACATCAACGTATTAACAGGGCTAAATAAAATCATCTTGCTTTTCAACACAATAACCGCAGATAATCCTTCCTCTACACGGGTGCTGGCGTTAAGGTCAGAGGGTTTTTGCAACAAATCTCAAATTCTAAAGAATCAACTTACTGACTGAGAGAAGTTCCACCTAGATC
13,9,4,ATACAAATAAAGACATCAACGTATTAACAGGGCTAAATAAAATCATCTTGCTTTTCAACACAATAACCGCAGATAATCCTTCCTCTACACGGGTGCTGGCGTTAAGGTCAGAGGGTTTTTGCAACAAATCTCAAATTCTAAAGAATCAACTTACTGACTGGTCACAATTATTCACCGTGG
5,5,0,ATACAAATAAAGACATCAACGTATTAACAGGGCTAAATAAAATCATCTTGCTTTTCAACACAATAACCGCAGATAATCCTTCCTCTACACGGGTGCTGGCGTTAAGGTCAGAGGGTTTTTGCAACAAATCTCAAATTCTAAAGAATCAACTTACTGACTGTTATGGGGCTTGTATGGGGA
21,0,21,ATACAAATAAAGACTGGAACGTATTTACTGGGTTAAATATAATCTTCCTGCTTTTCATCACAAAAACCGCAGATAATCCTTCCTTTCCGCGGCAGCCGGCGTTATGGTCAGATGGTTTTTGCAACAAATCCCACACAAAAAAGTTTCAACATACTGACTACATAATGTCAAAAAGAAGCT
1,1,0,ATACAAATAAAGACTGGAACGTATTTACTGGGTTAAATATAATCTTCCTGCTTTTCATCACAAAAACCGCAGATAATCCTTCCTTTCCGCGGCAGCCGGCGTTATGGTCAGATGGTTTTTGCAACAAATCCCACACAAAAAAGTTTCAACATACTGACTAGGCTGAGTAGCACTATGGAT
1,0,1,ATACAAATAAAGAGAGGAACGTATTTACTGGGTTAAATATAAACATGCGGCTTTTCATCACAGAAACGGCTGATAATCCTTCCTTTCCCCAGCAGTTGACGTTATGGTCAGGTAGTTTTTGCAACAAATCTCACAATAAAAAGGTTCAACTTACTGACTAAGACATGTACGTTCTTGCTC
20,7,13,ATACAAATAAAGAGAGGAACGTATTTACTGGGTTAAATATAAACATGCGGCTTTTCATCACAGAAACGGCTGATAATCCTTCCTTTCCCCAGCAGTTGGCGTTATGGTCAGGTAGTTTTTGCAACAAATCTCACAATAAAAAGGTTCAACTTACTGACTAACGCAGAAAGTAACAGGCTG
20,8,12,ATACAAATAAAGAGAGGAACGTATTTACTGGGTTAAATATAAACATGCGGCTTTTCATCACAGAAACGGCTGATAATCCTTCCTTTCCCCAGCAGTTGGCGTTATGGTCAGGTAGTTTTTGCAACAAATCTCACAATAAAAAGGTTCAACTTACTGACTAACTAGTCGCCAGGCGCATCT
10,5,5,ATACAAATAAAGAGAGGAACGTATTTACTGGGTTAAATATAAACATGCGGCTTTTCATCACAGAAACGGCTGATAATCCTTCCTTTCCCCAGCAGTTGGCGTTATGGTCAGGTAGTTTTTGCAACAAATCTCACAATAAAAAGGTTCAACTTACTGACTAGCTAGGTCGCCTTCACGGAC
10,2,8,ATACAAATAAAGAGAGGAACGTATTTACTGGGTTAAATATAAACATGCGGCTTTTCATCACAGAAACGGCTGATAATCCTTCCTTTCCCCAGCAGTTGGCGTTATGGTCAGGTAGTTTTTGCAACAAATCTCACAATAAAAAGGTTCAACTTACTGACTAGTCCTCACAGGGCAGTGTCT
12,5,7,ATACAAATAAAGAGAGGAACGTATTTACTGGGTTAAATATAAACATGCGGCTTTTCATCACAGAAACGGCTGATAATCCTTCCTTTCCCCAGCAGTTGGCGTTATGGTCAGGTAGTTTTTGCAACAAATCTCACAATAAAAAGGTTCAACTTACTGACTATCCGTTCAAGCTCGTTTAGG
11,3,8,ATACAAATAAAGAGAGGAACGTATTTACTGGGTTAAATATAAACATGCGGCTTTTCATCACAGAAACGGCTGATAATCCTTCCTTTCCCCAGCAGTTGGCGTTATGGTCAGGTAGTTTTTGCAACAAATCTCACAATAAAAAGGTTCAACTTACTGACTATTATGTAGGCTTATTTCTAG
7,6,1,ATACAAATAAAGAGAGGAACGTATTTACTGGGTTAAATATAAACATGCGTCTTTTCATCACAGAAACGCCTGATAATCCTTCCTTTCCCCAGCAGTTGGCGTTATGGTCAGGTAGTTTTTGCAACAAATCTCACAATAAAAAGGTTCAACTTACTGACTACCACTAACTATAGGGGACGT
20,2,18,ATACAAATAAAGAGAGGAATGTATTTACTGGGTTATATATAATCATCCTGCTTTAGATCACAAAAACCGGAGATAATCCTTCCGTTCCCCGGTAGCTGGCGATATGGTCAGATGGTTTTTGCGACAATGCCCAGAATAGAAAGTTCCAACCTACTTACTATCATTTCCTGCAACATTCAT
5,1,4,ATACAAATAAAGAGAGGAATGTATTTACTGGGTTATATATAATCATCCTGCTTTAGATCACAAAAACCGGAGATAATCGTTCCGTTCCCCGGTAGCTGGCGATATGGTCAGATGGTTTTTGCGACAATGCCCAGAATACAAAGTTCCAACCTACTTACTAGGCTACGGTATGACATCGTA
21,17,4,ATACAAATAAAGAGAGGAATGTATTTACTGGGTTATATATAATCATCCTGCTTTAGATCACAAAAACCGGAGATAATCGTTCCGTTCCCCGGTAGCTGGCGATATGGTCAGATGGTTTTTGCGACAATGCCCAGAATAGAAAGTTCCAACCTACTTACTAAAATCTTGTGGGGGATCATC
19,2,17,ATACAAATAAAGAGAGGAATGTATTTACTGGGTTATATATAATCATCCTGCTTTAGATCACAAAAACCGGAGATAATCGTTCCGTTCCCCGGTAGCTGGCGATATGGTCAGATGGTTTTTGCGACAATGCCCAGAATAGAAAGTTCCAACCTACTTACTAACGGACATAGCGTGTTACCC
4,4,0,ATACAAATAAAGAGAGGAATGTATTTACTGGGTTATATATAATCATCCTGCTTTAGATCACAAAAACCGGAGATAATCGTTCCGTTCCCCGGTAGCTGGCGATATGGTCAGATGGTTTTTGCGACAATGCCCAGAATAGAAAGTTCCAACCTACTTACTAATTTGGCGCCATAGCCTGCG
37,11,26,ATACAAATAAAGAGAGGAATGTATTTACTGGGTTATATATAATCATCCTGCTTTAGATCACAAAAACCGGAGATAATCGTTCCGTTCCCCGGTAGCTGGCGATATGGTCAGATGGTTTTTGCGACAATGCCCAGAATAGAAAGTTCCAACCTACTTACTACCTCCATTGTACCGGAAATG
2,1,1,ATACAAATAAAGAGAGGAATGTATTTACTGGGTTATATATAATCATCCTGCTTTAGATCACAAAAACCGGAGATAATCGTTCCGTTCCCCGGTAGCTGGCGATATGGTCAGATGGTTTTTGCGACAATGCCCAGAATAGAAAGTTCCAACCTACTTACTAGGGTGAATCAGACTTAAGCA
2,0,2,ATACAAATAAAGAGAGGAATGTATTTACTGGGTTATATATAATCATCCTGCTTTAGATCACAAAAACCGGAGATAATCGTTCCGTTCCCCGGTAGCTGGCGATATGGTCAGATGGTTTTTGCGACAATGCCCAGAATAGAAAGTTCCAACCTACTTACTATATGTAACTTTGTACTTCAT
6,6,0,ATACAAATAAAGGCACGAACCTATTTACAGGGTTAAATATAATCATCCTGCTTTTCAGCACAAAAACCGCCGATTATCCTTCCTTTCCCCGGTAGCTGGCGGTATGGTCAGATGTATTTTGCAACAAATCTCACAATAAAAAGTTTCAACATACTGACTAAGATCTTGCCTAGTGCGGTC
6,6,0,ATACAAATAAAGGCACGAACCTATTTACAGGGTTAAATATAATCATCCTGCTTTTCAGCACAAAAACCGCCGATTATCCTTCCTTTCCCCGGTAGCTGGCGGTATGGTCAGATGTATTTTGCAACAAATCTCACAATAAAAAGTTTCAACATACTGACTAGCACCGGTGTACCCCTAGAC
5,5,0,ATACAAATAAAGGCACGAACCTATTTACAGGGTTAAATATAATCATCCTGCTTTTCAGCACAAAAACCGCCGATTATCCTTCCTTTCCCCGGTAGCTGGCGGTATGGTCAGCTGTATTTTGCAACAAATCTCACAATAAAAAGTTTCAACATACTGACTACTTCCTCGTTTTGAATGAAC
14,14,0,ATACAAATAAATACCGGAACGTATTTAATGGGTTCAATACAATCATCCTGCGTTTCAACACAGAAACCGCTCATAATCCTTCCTTTATCCGGCAGCTGGCGTTATGGCCAGGTGGTGTTTGCAACAAATCTTACAATAAAAAGTTTCAAGATACTGACTAGCACGCAAGCAGGGTTCCAC
2,2,0,ATACAAATAAATACCGGAACGTATTTAATGGGTTCAATACAATCATCCTGCGTTTCAACACAGAAACCGCTCATAATCCTTCCTTTATCCGGCAGCTGGCGTTATGGCCAGGTGGTGTTTGCAACAAATCTTACAATAAAAAGTTTCAAGATACTGACTAGTGAACCGTCCTTGGGTCTG
1,1,0,ATACAAATAACGACTGGAACGTATTTACTCGGCTCAATATAAGCATCCTGCCGTTCCCCACAAAAATCCCAGATAATCCTTCCATTCACCGGTAGCTGGCGTGATGGTCAGAAGGTTTTTGCAACAATTCTTACAATAAAAAGTTTCAACATACAGACTAAATTAAAAGCTCTACATTAC
6,6,0,ATACAAATAACGACTGGAACGTATTTACTCGGCTCAATATAAGCATCCTGCCGTTCCCCACAAAAATCCCAGATAATCCTTCCATTCACCGGTAGCTGGCGTGATGGTCAGAAGGTTTTTGCAACAATTCTTACAATAAAAAGTTTCAACATACAGACTACGCCTCTAGGAACTGTCCAT
4,4,0,ATACAAATAGAGACAGGAACAAATTTACTGGGTTAAATATAATCACGCTGCTTTTCATCACAGAAACCGCAGATAATCCTTCCTTTCCGCGGCCGCTGGAGTTATGGACAGATGGTTTTTGCAACAAACCTCACAATAAAAAGTTTCAACATACTGATTAATTGAAGTCCCGTTTGTATT
3,3,0,ATACAAATAGAGACAGGAACAAATTTACTGGGTTAAATATAATCACGCTGCTTTTCATCACAGAAACCGCAGATAATCCTTCCTTTCCGCGGCCGCTGGAGTTATGGACAGATGGTTTTTGCAACAAACCTCACAATAAAAAGTTTCAACATACTGATTAGCTAAGTCCGCATCTGAGCG
6,6,0,ATACAAATAGAGACAGGAACAAATTTACTGGGTTAAATATAATCACGCTGCTTTTCATCACAGAAACCGCAGATAATCCTTCCTTTCCGCGGCCGCTGGAGTTATGGACAGATGGTTTTTGCAACAAACCTCACAATAAAAAGTTTCAACATACTGATTAGTTCTGTGAAATGCAAATCT
6,6,0,ATACAAATAGAGACAGGAACAAATTTACTGGGTTAAATATAATCACGCTGCTTTTCATCACAGAAACCGCAGATAATCCTTCCTTTCCGCGGCCGCTGGAGTTATGGACAGATGGTTTTTGCAACAAACCTCACAATAAAAAGTTTCAACATACTGATTATATGCGGAGCATTGATTCCC
1,0,1,ATACAAATAGAGACAGGAACAAATTTACTGGGTTAAATATAATCACGCTGCTTTTCATCACAGAAACCGCAGATAATCCTTCCTTTCCGCGGCCGCTGGAGTTATGGACAGATGGTTTTTGCAACAAACCTCACAATAAAAAGTTTCAACATACTGATTATCCTAGAGTGGGGCACGCGT
3,3,0,ATACAAATAGAGACAGGAACAAATTTACTGGGTTAAATATAATCACGCTGCTTTTCATCACAGAAACCGCAGATAATCCTTCCTTTCCGCGGCCGCTGGAGTTATGGACAGATGGTTTTTGCAACAAACCTCACAATAAAAAGTTTCAACATACTGATTATCGAATTAAGTTACTTTACC
10,6,4,ATACAAATATAGACAAGAACGTACTTAATGGGTTAAATATAATCATCATCCTTTTCAGCAGAAAAACCGAAGATAATCGTTCCTTTCCCCGTTAGCTGGCGGGATGATCCGATGGTTTTTGCAACATATCTCTCATTTAAAAGTTTCAACATACTGACAATTGGCAAATTCATTGCGGTT
15,4,11,ATACAAATATAGACAGGAACGTACTTAATGGGTTAAATATAATCATCATCCTTTTCAGCAGAAAAACCGAAGATAATCGTTCCTTTCCCCGTTAGCTGGCGGGATGATCCGATGGTTTTTGCAACATATCTCTCATTTAAAAGTTTCAACATACTGACAACTACATAAACTCACTATTCG
14,8,6,ATACAAATATAGACAGGAACTTATCTACTGGGGTAACTATGATTATCCTGCTTTTCATCGCACAAACCGCAGATAATCCTTCCTTTCCCCGGCAGCTGGCGTTATGGTCAGCTGGTTTTTGCAACAAATCTCACAATACAAAGTTTCAACATAATGACTGAGTAAAGGGTGAAGGCCTGT
6,6,0,ATACAAATATAGACAGGAACTTATCTACTGGGGTAACTATGATTATCCTGCTTTTCATCGCACAAACCGCAGATAATCCTTCCTTTCCCCGGCAGCTGGCGTTATGGTCAGCTGGTTTTTGCAACAAATCTCACAATACAAAGTTTCAACATAATGACTGCCGGTACCCCGCTGGCACAT
6,3,3,ATACAAATATAGACAGGAACTTATCTACTGGGGTAACTATGATTATCCTGCTTTTCATCGCACAAACCGCAGATAATCCTTCCTTTCCCCGGCAGCTGGCGTTATGGTCAGCTGGTTTTTGCAACAAATCTCACAATACAAAGTTTCAACATAATGACTGCGTATTAAAGTTTGCTTACA
14,8,6,ATACAAATATAGACAGGAACTTATCTACTGGGGTAACTATGATTATCCTGCTTTTCATCGCACAAACCGCAGATAATCCTTCCTTTCCCCGGCAGCTGGCGTTATGGTCAGCTGGTTTTTGCAACAAATCTCACAATACAAAGTTTCAACATAATGACTGCGTTTAGACACTCATCAATG
2,2,0,ATACAAATATAGACAGGAACTTATCTACTGGGGTAACTATGATTATCCTGCTTTTCATCGCACAAACCGCAGATAATCCTTCCTTTCCCCGGCAGCTGGCGTTATGGTCAGCTGGTTTTTGCAACAAATCTCACAATACAAAGTTTCAACATAATGACTGGCCCCTGGGTAGCCTGGCGC
20,12,8,ATACAAATATAGACAGGAACTTATCTACTGGGGTAACTATGATTATCCTGCTTTTCATCGCACAAACCGCAGATAATCCTTCCTTTCCCCGGCAGCTGGCGTTATGGTCAGCTGGTTTTTGCAACAAATCTCACAATACAAAGTTTCAACATAATGACTGGGTTGTCATTATAGCATGGG
1,1,0,ATACAAATATAGACAGGAACTTATCTACTGGGGTAACTATGATTATCCTGCTTTTCATCGCACAAACCGCAGATAATCCTTCCTTTCCCCGGCAGCTGGCGTTATGGTCAGCTGGTTTTTGCAACAAATCTCACAATACAAAGTTTCAACATAATGACTGTCCCCCCTGCTAACTATCGT
10,7,3,ATACAAATATAGACAGGAACTTATCTACTGGGGTAACTATGATTATCCTGCTTTTCATCGCACAAACCGCAGATAATCCTTCCTTTCCCCGGCAGCTGGCGTTATGGTCAGCTGGTTTTTGCAACAAATCTCACAATACAAAGTTTCAACATAATGACTGTTGAGGTGTATGTCCGTAGG
9,5,4,ATACAAATGAAGACAGGAACGTATTTACTGAGTTTAATTTAACCATACTGCTTTTTATCACAAAAACCGCAGATAATCCTTCCTTTCCTCGGCAGCTGGCGTAATGTAATAATGGTACTTGCAACAAACCTCACAATAAAAAGTTTCAAGACACTTGCTAACGCTTAGCTCATCACCATA
2,0,2,ATACAAATGAAGACAGGAACGTATTTACTGAGTTTAATTTAACCATACTGCTTTTTATCACAAAAACCGCAGATAATCCTTCCTTTCCTCGGCAGCTGGCGTAATGTAATAATGGTACTTGCAACAAACCTCACAATAAAAAGTTTCAAGACACTTGCTAGATACATCATAGTTAATAGT
5,3,2,ATACAAATGAAGACAGGAACGTATTTACTGAGTTTAATTTAACCATACTGCTTTTTATCACAAAAACCGCAGATAATCCTTCCTTTCCTCGGCAGCTGGCGTAATGTAATAATGGTACTTGCAACAAACCTCACAATAAAAAGTTTCAAGACACTTGCTATGCTTTTGTATGTTGAATAT
9,2,7,ATACAAATTAAGACAGGAACGTATTTACTCGGTTAAATATTATCTTCCTGATTTTCATCACAAAAACCGCAGATAATCCTTCCTTTCCCCGGCAGCTCCTGTTATGGTCAGATGATTTTTCAAACTAATCTCACAATAAACAGTTTCAACGTACTGACTACACCATTTCGCTCTTAGCAA
1,1,0,ATACAAATTAAGACAGGAACGTATTTACTCGGTTAAATATTATCTTCCTGATTTTCATCACAAAAACCGCAGATAATCCTTCCTTTCCCCGGCAGCTCCTGTTATGGTCAGATGATTTTTCAAACTAATCTCACAATAAACAGTTTCAACGTACTGACTATAATCAAATGTTCACGAGTT
15,2,13,ATACAAATTAAGACAGGAACGTATTTACTCGGTTAAATATTATCTTCCTGATTTTCATCACAAAAACCGCAGATAATCCTTCCTTTCCCCGGCAGCTCCTGTTATGGTCAGATGATTTTTCAAACTAATCTCACAATAAACAGTTTCAACGTACTGACTATCTCGTTAGCGACGTGTCAA
7,3,4,ATACAAATTAAGACAGGAACGTATTTACTCGGTTAAATATTATCTTCCTGATTTTCATCACAAAAACCGCAGATAATCCTTCCTTTCCCCGGCAGCTCCTGTTATGGTCAGATGGTTTTTGCAACAAACCTCACAGTAAAAAGTATCACCATACCGACTATCCTACCTACTGGGTAAAGC
5,5,0,ATACAACAAAAAACAGGAACGTGTTTACTGGGTTAAATATAATCATCCTGCTTTTCATCGCATATACCGTAGATAATCCTTCCTTTCCCCGGCAGCTGGCGTTATGGTCAGATGGTTTGTGCAACAAATCTCACAATAAAAAGTTTCAACATACTGACTAAGTCTTCAATGTGGGGGAAA
12,4,8,ATACAACAAAAAACAGGAACGTGTTTACTGGGTTAAATATAATCATCCTGCTTTTCATCGCATATACCGTAGATAATCCTTCCTTTCCCCGGCAGCTGGCGTTATGGTCAGATGGTTTGTGCAACAAATCTCACAATAAAAAGTTTCAACATACTGACTACAATCTCTGTTATCTCTTTC
9,7,2,ATACAACAAAAAACAGGAACGTGTTTACTGGGTTAAATATAATCATCCTGCTTTTCATCGCATATACCGTAGATAATCCTTCCTTTCCCCGGCAGCTGGCGTTATGGTCAGATGGTTTGTGCAACAAATCTCACAATAAAAAGTTTCAACATACTGACTAGCAAGCACACTGCCAGTTAT
7,4,3,ATACAACAAAAAACAGGAACGTGTTTACTGGGTTAAATATAATCATCCTGCTTTTCATCGCATATACCGTAGATAATCCTTCCTTTCCCCGGCAGCTGGCGTTATGGTCAGATGGTTTGTGCAACAAATCTCACAATAAAAAGTTTCAACATACTGACTAGTACGGCATTCTCGTGTACA
3,2,1,ATACAACAAAAGACAGCGCCGTATTTGCTGGGTTACAGAAAATCATACTGCTTTTCATCACAAAAACCGCAGATAATCCTTCCTTTCCCCGGCAGCTGCCATTATGGTCAGATGGTTTTTGCAACAAATCTCCCAATAAAAAGTTTCATAATACTGACTAAAGTGCTAATTGTAGCTAAC
1,0,1,ATACAACAAAAGACAGCGCCGTATTTGCTGGGTTACAGAAAATCATACTGCTTTTCATCACAAAAACCGCAGATAATCCTTCCTTTCCCCGGCAGCTGCCGTTATGGTCAGATGGTTTTTGCAACAAATCTCCCAATAAAAAGTTTCATAATACTGACTAAAAAAACGATGCCTATCGTC
3,0,3,ATACAACAAAAGACAGCGCCGTATTTGCTGGGTTACAGAAAATCATACTGCTTTTCATCACAAAAACCGCAGATAATCCTTCCTTTCCCCGGCAGCTGCCGTTATGGTCAGATGGTTTTTGCAACAAATCTCCCAATAAAAAGTTTCATAATACTGACTAACGGCGGTAGGTTCCGGATC
4,4,0,ATACAACAAAAGACAGCGCCGTATTTGCTGGGTTACAGAAAATCATACTGCTTTTCATCACAAAAACCGCAGATAATCCTTCCTTTCCCCGGCAGCTGCCGTTATGGTCAGATGGTTTTTGCAACAAATCTCCCAATAAAAAGTTTCATAATACTGACTAGGTCCGCAACTGCTTAAAAG
5,5,0,ATACAACAAAAGACAGCGCCGTATTTGCTGGGTTACAGAAAATCATACTGCTTTTCATCACAAAAACCGCAGATAATCCTTCCTTTCCCCGGCAGCTGCCGTTATGGTCAGATGGTTTTTGCAACAAATCTCCCAATAAAAAGTTTCATAATACTGACTAGTGATAGATGATTATCCCTA
16,8,8,ATACAACAAAAGACAGCGCCGTATTTGCTGGGTTACAGAAAATCATACTGCTTTTCATCACAAAAACCGCAGATAATCCTTCCTTTCCCCGGCAGCTGCCGTTATGGTCAGATGGTTTTTGCAACAAATCTCCCAATAAAAAGTTTCATAATACTGACTATCATATGGTTTGTTCGTGGT
4,2,2,ATACAACAAAAGACAGCGCCGTATTTGCTGGGTTACAGAAAATCATACTGCTTTTCATCACAAAAACCGCAGATAATCCTTCCTTTCCCCGGCAGCTGCCGTTATGGTCAGATGGTTTTTGCAACAAATCTCCCAATAAAAAGTTTCATAATACTGACTATCTTGCAATCGTCTCCGTAA
21,14,7,ATACAACAAAAGACAGCGCCGTATTTGCTGGGTTACAGAAAATCATACTGCTTTTCATCACAAAAACCGCAGATAATCCTTCCTTTCCCCGGCAGCTGCCGTTATGGTCAGATGGTTTTTGCAACAAATCTCCCAATAAAAAGTTTCATAATACTGACTATGTTATCAGCTACATTTACG
2,2,0,ATACAACAAAAGACAGGAACGGATTTACTGGGTTGAATATAATCTTGCTGCTTTTCATCACAACAACCGCAGATAAACCTTCCGTTCCCCTCGAGCTGGCGTTAGTGTCAGCTGGTATTTGCAACAAAGCTCAAAATAAAAAATTTCAACATACTGACTCAGGGGCTATTATGTCATTCA
3,3,0,ATACAACAAAAGACAGGAACGGATTTACTGGGTTGAATATAATCTTGCTGCTTTTCATCACAACAACCGCAGATAAACCTTCCGTTCCCCTCGAGCTGGCGTTAGTGTCAGCTGGTATTTGCAACAAAGCTCAAAATAAAAAATTTCAACATACTGACTCCCAGGCTTTCTAGGGGCGAT
2,2,0,ATACAACAAAAGACAGGAACGGATTTACTGGGTTGAATATAATCTTGCTGCTTTTCATCACAACAACCGCAGATAAACCTTCCGTTCCCCTCGAGCTGGCGTTAGTGTCAGCTGGTATTTGCAACAAAGCTCAAAATAAAAAATTTCAACATACTGACTCCCCTCCCCGTCCGGGAAACG
4,4,0,ATACAACAAAAGACAGGAACGGATTTACTGGGTTGAATATAATCTTGCTGCTTTTCATCACAACAACCGCAGATAAACCTTCCGTTCCCCTCGAGCTGGCGTTAGTGTCAGCTGGTATTTGCAACAAAGCTCAAAATAAAAAATTTCAACATACTGACTCTTTCGTACGTATACAATAAA
2,2,0,ATACAACAAAAGACAGGAACGTATTTACTGTTTCAAATATAATTATCCTGCTTTTCAACAGAATAACCGCAGATAATCCCTCAATTGCCCGGCAGCTGGCGTTATGGTCAGATGCTTTTTGCAACAAATCGCACAATAAAAAGTTCCAACATACTGACTATATTGGAACCCCGGGCCAAG
1,1,0,ATACAACAAAAGACAGGAACTTATATACTGGGTTAAACATAATCAGCCTGCTCTGCATCAAGAAAGCCGCAGATAATCCTTCCTTTCCCCGCCAGCCGGCGTTATGGCTAGATGGTTTTTCCAACAATTCTCACAATAGAAAGTAACAACATACAGACGAATATGGCATTAATATAGTAG
1,1,0,ATACAACAAAAGACAGGAACTTTTTTACTGGGTTAAATACAATCATCCTGCCGTTCATATCAAAAACCGCAGCTAATCCTTCCTTTCCCCGGCAGCTGGCGCTATGGTCAGATGGTTTTTGCAACAAATGTCACAATAGAAATTTTCAACATACTGACTAATGGGTAATATAACATCACA
1,1,0,ATACAACAAAAGACAGGAACTTTTTTACTGGGTTAAATACAATCATCCTGCCGTTCATATCAAAAACCGCAGCTAATCCTTCCTTTCCCCGGCAGCTGGCGCTATGGTCAGATGGTTTTTGCAACAAATGTCACAATAGAAATTTTCAACATACTGACTACGCTACCGGTTATGAAAGGT
4,3,1,ATACAACAAAAGACAGGAACTTTTTTACTGGGTTAAATACAATCATCCTGCCGTTCATATCAAAAACCGCAGCTAATCCTTCCTTTCCCCGGCAGCTGGCGCTATGGTCAGATGGTTTTTGCAACAAATGTCACAATAGAAATTTTCAACATACTGACTATTGTGTTTCGATGGGTACCT
5,5,0,ATACAACAAAAGACAGGAGCGTATTTACTGGGTTATATATAAACATCCTGCTTTTCATCCCAAAAACCGAAGTAAATCCTTCGTTTCCCCGGCAGCTGGCGTTATGGCCAGATGGTTTTTGCAACAAATCTCACAATAAAAAGTTTCTAAATACTGACTATATCGTGACGAAGAGGAGAC
4,4,0,ATACAACAAAAGACAGGAGCGTATTTACTGGGTTATATATAAACATCCTGCTTTTCATCCCAAAAACCGAAGTAAATCCTTCGTTTCCCCGGCAGCTGGCGTTATGGCCAGATGGTTTTTGCAACAAATCTCACAATAAAAAGTTTCTAAATACTGACTATCACCAAAACTTATTACTTC
4,4,0,ATACAACAAAAGACAGGAGCGTATTTACTGGGTTATATATAAACATCCTGCTTTTCATCCCAAAAACCGAAGTAAATCCTTCGTTTCCCCGGCAGCTGGCGTTATGGCCAGATGGTTTTTGCAACAAATCTCACAATAAAAAGTTTCTAAATACTGACTATCATAAAGTGCTGCAAAGAA
3,3,0,ATACAACAAAAGACAGGAGCGTATTTACTGGGTTATATATAAACATCCTGCTTTTCATCCCAAAAACCGAAGTAAATCCTTCGTTTCCCCGGCAGCTGGCGTTATGGCCAGATGGTTTTTGCAACAAATCTCACAATAAAAAGTTTCTAAATACTGACTATCCGGGTTGACAGCCTAGTG
3,3,0,ATACAACAAAAGACAGGGACGTATCTACATGGATAAATAAAATCATCCTGCTTTTCATCACCAAAGCCGCCGATTATCCTTCCTTCTCCCGGCCGCTGACGTTACTGTCAGATAGTTTTTGCAACAAATCTCACAATAAAAAGTTTCAACATACTGACTAATTCTAACTAAGCTGCATTC
6,4,2,ATACAACAAAAGACAGGGACGTATCTACATGGATAAATAAAATCATCCTGCTTTTCATCACCAAAGCCGCCGATTATCCTTCCTTCTCCCGGCCGCTGACGTTACTGTCAGATAGTTTTTGCAACAAATCTCACAATAAAAAGTTTCAACATACTGACTAGTGGGGCCAAAACTTTTGAG
14,14,0,ATACAACAAAAGACAGGGACGTATCTACATGGATAAATAAAATCATCCTGCTTTTCATCACCAAAGCCGCCGATTATCCTTCCTTCTCCCGGCCGCTGACGTTACTGTCAGATAGTTTTTGCAACAAATCTCACAATAAAAAGTTTCAACATACTGACTATCAAGGGATTCCGTGGTGAG
1,1,0,ATACAACAAAAGACAGGGACGTATCTACATGGATAAATAAAATCATCCTGCTTTTCATCACCAAAGCCGCCGATTATCCTTCCTTCTCCCGGCCGCTGACGTTACTGTCAGATAGTTTTTGCAACAAATCTCACAATAAAAAGTTTCAACATACTGACTATTCGCATGTCTCTACTTGTG
2,1,1,ATACAACAAAAGACTGGAACGTATTTACTGGGTTATATATAATCTACCTGCTTTTTATGAAAAAACCCGCAGGTAATCCTTCCTATCCCCGTCAGCTGGCATTATGGTCAGATGGTTTTTGCAACTAATCTCACAATAAAAAGATTCAACATATTGACCAAGCCGCCTTCTGGATTGACC
4,3,1,ATACAACAAAAGACTGGAACGTATTTACTGGGTTATATATAATCTACCTGCTTTTTATGAAAAAACCCGCAGGTAATCCTTCCTATCCCCGTCAGCTGGCATTATGGTCAGATGGTTTTTGCAACTAATCTCACAATAAAAAGATTCAACATATTGACCAGGTCGCATTTCAATACTTGA
12,9,3,ATACAACAAAAGACTGGAACGTATTTACTGGGTTATATATAATCTACCTGCTTTTTATGAAAAAACCCGCAGGTAATCCTTCCTATCCCCGTCAGCTGGCATTATGGTCAGATGGTTTTTGCAACTAATCTCACAATAAAAAGATTCAACATATTGACCATCCACAATAACGTGCCTTGT
4,1,3,ATACAACAAAAGAGAGCAACGTATTTGCAGGGTTAAATTTAATCATCCTGCTTTTCATCACAAGAACCAGAGATCACCCTTGCTTTCCCTGGCAGCTGGCGTTATGGTCAGATGGTTTTTGCAACAAATCTCACAATAAAAAGTTTCAATATAATGACTAATCTCAGGTCGTGCAAGCTC
129,8,121,ATACAACAAAAGAGAGCAACGTATTTGCAGGGTTAAATTTAATCATCCTGCTTTTCATCACAAGAACCAGAGATCACCCTTGCTTTCCCTGGCAGCTGGCGTTATGGTCAGATGGTTTTTGCAACAAATCTCACAATAAAAAGTTTCAATATAATGACTACAACTTATGGGTTGCTAAAA
21,2,19,ATACAACAAAAGAGAGCAACGTATTTGCAGGGTTAAATTTAATCATCCTGCTTTTCATCACAAGAACCAGAGATCACCCTTGCTTTCCCTGGCAGCTGGCGTTATGGTCAGATGGTTTTTGCAACAAATCTCACAATAAAAAGTTTCAATATAATGACTAGTCAACCTGTAGTCATAACA
1,1,0,ATACAACAAAAGAGAGCAACGTATTTGCAGGGTTAAATTTAATCATCCTGCTTTTCATCACAAGAACCAGAGATCACCCTTGCTTTCCCTGGCAGCTGGCGTTATGGTCAGATGGTTTTTGCAACAAATCTCACAATAAAAAGTTTCAATATAATGACTATTTTGATTCGGGTGCACATA
5,3,2,ATACAACAAAAGGCAGGAACATATTTAGTGGGTAAAATATAATCATCCTGTTTTTCATCACAAAAACCGCAGATAATCCTTCCTTTACCCGGCAGCTGGCGTTATGGTCAGATGTGTTTTGCAACGAATCTAACAATAAAAAGTTTAAACATACTGACTAATCATTGTTTACGCTATTCG
5,3,2,ATACAACAAAAGGCAGGAACATATTTAGTGGGTAAAATATAATCATCCTGTTTTTCATCACAAAAACCGCAGATAATCCTTCCTTTACCCGGCAGCTGGCGTTATGGTCAGATGTGTTTTGCAACGAATCTAACAATAAAAAGTTTAAACATACTGACTAGCGACGCGCGATACTTCGAA
9,1,8,ATACAACAAAAGGCAGGAACATATTTAGTGGGTAAAATATAATCATCCTGTTTTTCATCACAAAAACCGCAGATAATCCTTCCTTTACCCGGCAGCTGGCGTTATGGTCAGATGTGTTTTGCAACGAATCTAACAATAAAAAGTTTAAACATACTGACTAGGGGGGATGACATCACTTTC
7,2,5,ATACAACAAATGACAGGAACGTAGTTACTGGGGTAAAATTGAGCATCCTGCTTATCATCACAAAAACAGCAGATAAACCTTCCTTTCCCCGGCAGCTGGCGTTATGGTCATAGGGTTTTTCCAACATATATCACAAGAAATAGTTTCAACATTCAGACTAAATGGACTTTACGGGCCTGA
18,5,13,ATACAACAAATGACAGGAACGTAGTTACTGGGGTAAAATTGAGCATCCTGCTTATCATCACAAAAACAGCAGATAAACCTTCCTTTCCCCGGCAGCTGGCGTTATGGTCATAGGGTTTTTCCAACATATATCACAAGAAATAGTTTCAACATTCAGACTAAGTCAATGAGAAGTATCCTA
82,16,66,ATACAACAAATGACAGGAACGTAGTTACTGGGGTAAAATTGAGCATCCTGCTTATCATCACAAAAACAGCAGATAAACCTTCCTTTCCCCGGCAGCTGGCGTTATGGTCATAGGGTTTTTCCAACATATATCACAAGAAATAGTTTCAACATTCAGACTAGAGCTACTTAGTGTAAGTAA
31,2,29,ATACAACAAATGACAGGAACGTAGTTACTGGGGTAAAATTGAGCATCCTGCTTATCATCACAAAAACAGCAGATAAACCTTCCTTTCCCCGGCAGCTGGCGTTATGGTCATAGGGTTTTTCCAACATATATCACAAGAAATAGTTTCAACATTCAGACTAGGGCGAATCCTCTGCGCCGA
8,0,8,ATACAACAAATGACAGGAACGTAGTTACTGGGGTAAAATTGAGCATCCTGCTTATCATCACAAAAACAGCAGATAAACCTTCCTTTCCCCGGCAGCTGGCGTTATGGTCATAGGGTTTTTCCAACATATATCACAAGAAATAGTTTCAACATTCAGACTATACAGATGAGAGCTCAACGC
21,1,20,ATACAACAAATGACAGGAACGTAGTTACTGGGGTAAAATTGAGCATCCTGCTTATCATCACAAAAACAGCAGATAAACCTTCCTTTCCCCGGCAGCTGGCGTTATGGTCATAGGGTTTTTCCAACATATATCACAAGAAATAGTTTCAACATTCAGACTATCAGTCGCAGCGTGACTATG
4,1,3,ATACAACAAATGACAGGAACGTAGTTACTGGGGTAAAATTGAGCATCCTGCTTATCATCACAAAAACAGCAGATAAACCTTCCTTTCCCCGGCAGCTGGCGTTATGGTCATAGGGTTTTTCCAACATATATCACAAGAAATAGTTTCAACATTCAGACTATGTACCACTGTTCGCTAAAT
49,16,33,ATACAACAACAGACAGGAGCGTATTTACTGGGTTAAATAAAATCATCCTGCTTTTCACCACAAAAACGGCAGATAATCCTTCCTTTCCCAGGCAGCAGGCGTTATGGTCAGATGGTTCTTGCAAAAAATCTCACAATGATACGTTTCAACATGCCGACGACGAGTTCCAGTCGGAGAGTG
1,1,0,ATACAACACTACACAGGAACGTATTTACTGGATTAACTATAATCATCCTGCCTTTCATCACAAAAACCGCAGATAATACTTCCTTTCCCCGGCCGCTGGCGTTCTGGGCAGATAGTTTTTACATCAAATTTCACAATAGAAAGTTTCAACAGCCTGACTAAGCAGCGCGTCGTGCCACTG
3,3,0,ATACAACACTACACAGGAACGTATTTACTGGATTAACTATAATCATCCTGCCTTTCATCACAAAAACCGCAGATAATACTTCCTTTCCCCGGCCGCTGGCGTTCTGGGCAGATAGTTTTTACATCAAATTTCACAATAGAAAGTTTCAACAGCCTGACTATATATTCTCGTCCCGCCCAC
2,2,0,ATACAACAGAAGACAGGAACGTATTTAATGGGTTAAATATAATCATGCTGCTTTACCTCAGAAAAACCGCAGATAATCCTTCCTTTCCCCGGCAGCTGGCGTTATGGTCAGAGGGTTTTTGCAACAAATCTCACAATAAAAAGTTTCAACATATTGAATAACATCCGCACCGGTTACAAG
8,1,7,ATACAACCAAAGACAGGAACGTATTTACTGGGTTAAATATAATTATCCTGCGTTTCATCACAAATACAGCAGATAATCCTTCTTTGTCCCGGCAGCTGGCGTTATGGTCACATGGATTTCGCAGCAAATCTCATAATAAAAAGTTTCAACATACTGACTAACAGACGTCTCTTCATTTCG
21,5,16,ATACAACCAAAGACAGGAACGTATTTACTGGGTTAAATATAATTATCCTGCGTTTCATCACAAATACAGCAGATAATCCTTCTTTGTCCCGGCAGCTGGCGTTATGGTCACATGGATTTCGCAGCAAATCTCATAATAAAAAGTTTCAACATACTGACTACTACTGAAAAACGTTCTGCG
14,4,10,ATACAACCAAAGACAGGAACGTATTTACTGGGTTAAATATAATTATCCTGCGTTTCATCACAAATACAGCAGATAATCCTTCTTTGTCCCGGCAGCTGGCGTTATGGTCACATGGATTTCGCAGCAAATCTCATAATAAAAAGTTTCAACATACTGACTAGTTTGATGTCAGGATGGGTT
2,0,2,ATACAACCAAAGACAGGAACGTATTTACTGGGTTAAATATAATTATCCTGCGTTTCATCACAAATACAGCAGATAATCCTTCTTTGTCCCGGCAGCTGGCGTTATGGTCACATGGATTTCGCAGCAAATCTCATAATAAAAAGTTTCAACATACTGACTATCGGCGTCCTGTTGTCATCC
3,3,0,ATACAACTAAAGACATGAAGGTATTTACCGGGTTTAATATATTCATACTGCTTTTCGACACAAAAACCGCAGGTAACCCTACCTTGCCCCGGCAGCTGGCATTATGGACAGGTGGTTATTGCAACAAATCTCACGATAAAAAGTTTCAACAGACTGACTAGTATGTCTGTGCGATCCAAG
2,1,1,ATACAACTAAAGACATGAAGGTATTTACCGGGTTTAATATATTCATACTGCTTTTCGACACAAAAACCGCAGGTAACCCTACCTTGCCCCGGCAGCTGGCATTATGGACAGGTGGTTATTGCAACAAATCTCACGATAAAAAGTTTCAACAGACTGACTATCAGGGCAATTTCACTACTG
2,2,0,ATACAAGAAAAAACAGGAACGTATTTTCTGGGCTAAATATAATCATACTGGTTTTCATCACAACAACCGCAGATAACCCTTCCCTTACCCGGCAGCTGGCGTTATGGCCTGATGGTTTTTTTAACAAACCTCACAATAAAATGTTTCAACATACTGACTAACCATTAGTCGAGCTGGGAA
5,5,0,ATACAAGAAAACACAGGAACGTATTTACTGGGTTTCATATGATCCTCCTGCTTTTTATCACAATAAACGCAGATAGTCCTGCCTTTCCCCGGCAGCTGGTGTTATGGTCAGATGGCTTTTGCAACAAATCTCACCATAAAAAGCTTCAAGATAGTGACTAAAGATTACATGGTTAGTTAA
3,2,1,ATACAAGAAAACACAGGAACGTATTTACTGGGTTTCATATGATCCTCCTGCTTTTTATCACAATAAACGCAGATAGTCCTGCCTTTCCCCGGCAGCTGGTGTTATGGTCAGATGGCTTTTGCAACAAATCTCACCATAAAAAGCTTCAAGATAGTGACTACGAGTCGCAGTGAATTCAGC
3,3,0,ATACAAGAAAACACAGGAACGTATTTACTGGGTTTCATATGATCCTCCTGCTTTTTATCACAATAAACGCAGATAGTCCTGCCTTTCCCCGGCAGCTGGTGTTATGGTCAGATGGCTTTTGCAACAAATCTCACCATAAAAAGCTTCAAGATAGTGACTAGCTACACTCGCCGCCCAGAG
8,8,0,ATACAAGAAAACACAGGAACGTATTTACTGGGTTTCATATGATCCTCCTGCTTTTTATCACAATAAACGCAGATAGTCCTGCCTTTCCCCGGCAGCTGGTGTTATGGTCAGATGGCTTTTGCAACAAATCTCACCATAAAAAGCTTCAAGATAGTGACTAGGCGCAGTTCGAAGTGGAAC
1,1,0,ATACAAGAAAACACAGGAACGTATTTACTGGGTTTCATATGATCCTCCTGCTTTTTATCACAATAAACGCAGATAGTCCTGCCTTTCCCCGGCAGCTGGTGTTATGGTCAGATGGCTTTTGCAACAAATCTCACCATAAAAAGCTTCAAGATAGTGACTAGTTTCTGTTCGGTGTACTTG
1,1,0,ATACAAGAAAACACAGGAACGTATTTACTGGGTTTCATATGATCCTCCTGCTTTTTATCACAATAAACGCAGATAGTCCTGCCTTTCCCCGGCAGCTGGTGTTATGGTCAGATGGCTTTTGCACCAAATCTCACCATAAAAAGCTTCAAGATAGTGACTACGTTCAACCGAACTTTAGGG
5,5,0,ATACAAGAAAAGACAGAAACGAATTTACTGGGTTTAATATAATCATCCTGCTTTTCATCACAATCACCGCAGATAAACCTTTATTTCCCTGGCAGCTGGCGTTATGGACAGATGGTTTATGCAACCAATCTCACAATAAAAAGTTTCAACATACGGACTAAGTTTTCCTGATCACGCATG
2,2,0,ATACAAGAAAAGACAGAAACGAATTTACTGGGTTTAATATAATCATCCTGCTTTTCATCACAATCACCGCAGATAAACCTTTATTTCCCTGGCAGCTGGCGTTATGGACAGATGGTTTATGCAACCAATCTCACAATAAAAAGTTTCAACATACGGACTAATAGCTTTCCTGCTGCCGTT
8,7,1,ATACAAGAAAAGACAGAAACGAATTTACTGGGTTTAATATAATCATCCTGCTTTTCATCACAATCACCGCAGATAAACCTTTATTTCCCTGGCAGCTGGCGTTATGGACAGATGGTTTATGCAACCAATCTCACAATAAAAAGTTTCAACATACGGACTACTTGGAGATGCCACGCAAAC
9,9,0,ATACAAGAAAAGACAGAAACGAATTTACTGGGTTTAATATAATCATCCTGCTTTTCATCACAATCACCGCAGATAAACCTTTATTTCCCTGGCAGCTGGCGTTATGGACAGATGGTTTATGCAACCAATCTCACAATAAAAAGTTTCAACATACGGACTAGATGGACCAAGTAATTACAA
4,4,0,ATACAAGAAAAGACAGAAACGAATTTACTGGGTTTAATATAATCATCCTGCTTTTCATCACAATCACCGCAGATAAACCTTTATTTCCCTGGCAGCTGGCGTTATGGACAGATGGTTTATGCAACCAATCTCACAATAAAAAGTTTCAACATACGGACTATATTATCATTATGCACTCCA
3,3,0,ATACAAGAAAAGACAGAAACGAATTTACTGGGTTTAATATAATCATCCTGCTTTTCATCACAATCACCGCAGATAAACCTTTATTTCCCTGGCAGCTGGCGTTATGGACAGATGGTTTATGCAACCAATCTCACAATAAAAAGTTTCAACATACGGACTATGGTCATGTTCAGAGAAGCG
3,3,0,ATACAAGAAAAGACAGAAACGAATTTACTGGGTTTAATATAATCATCCTGCTTTTCATCACAATCACCGCAGATAAACCTTTATTTCCCTGGCAGCTGGCGTTATGGACAGATGGTTTATGCAACCAATCTCACAATAAAAAGTTTCAACATACGGACTATGTCCGCACGTTAAACACAT
61,18,43,ATACAAGAAAAGACAGGAACATATTTACTGGGTTAAATATACTTATCCTGCTTTTGATCACAAAAACCGCAGATAATCCTCCCTTTCCCGTGCAGCTGGAGTTATGGTCAGGTGGTTCTTGCCACTAATCTCACAATAAAAAGCTTCAACATATTGACTACAACTCACTTCTAGGTTTCG
55,11,44,ATACAAGAAAAGACAGGAACATATTTACTGGGTTAAATATACTTATCCTGCTTTTGATCACAAAAACCGCAGATAATCCTCCCTTTCCCGTGCAGCTGGAGTTATGGTCAGGTGGTTCTTGCCACTAATCTCACAATAAAAAGCTTCAACATATTGACTACGTAGGCTCTTGACGATCAC
2,2,0,ATACAAGAAAAGACAGGAACATATTTACTGGGTTAAATATACTTATCCTGCTTTTGATCACAAAAACCGCAGATAATCCTCCCTTTCCCGTGCAGCTGGAGTTATGGTCAGGTGGTTCTTGCCACTAATCTCACAATAAAAAGCTTCAACATATTGACTAGGGGATGTTGTCTGTCGACG
8,1,7,ATACAAGAAAAGACAGGAACATATTTACTGGGTTAAATATACTTATCCTGCTTTTGATCACAAAAACCGCAGATAATCCTCCCTTTCCCGTGCAGCTGGAGTTATGGTCAGGTGGTTCTTGCCACTAATCTCACAATAAAAAGCTTCAACATATTGACTATTACCATCTTGTCCAAGGAT
2,2,0,ATACAAGAAAAGACAGGAACGGATGTTCTGGGTTAAAAATAATCATCCTGCATATCATCAAGAAAAGCGCAGATCATCCTTCCTCTCCCGGGCAGCTGCCGTGATGGTCAGGTGGTTTCTGCAACAAATCTCATAATAAAAAGTTCTAACATATTGACTAGCGTGATTAGTCTTGGTTAT
4,4,0,ATACAAGAAAAGACAGGAACGGATGTTCTGGGTTAAAAATAATCATCCTGCATATCATCAAGAAAAGCGCAGATCATCCTTCCTCTCCCGGGCAGCTGCCGTGATGGTCAGGTGGTTTCTGCAACAAATCTCATAATAAAAAGTTCTAACATATTGACTAGTAGTAGTCCGATACCATAA
2,2,0,ATACAAGAAAAGACAGGAACGTATTAACTGGGTTAAATACAATCATCCTGCGTTTCATTACAAACACCGCAGATAAGCCTTCCTTTCCCCGACAGCTGGCGTTATGGTCAGATGGTTTTCGCAACAAATCTCCAAATCAAAGGTTTCAACATACCGACCAAGCTGCTTCGGGAGGTCATT
1,1,0,ATACAAGAAAAGACAGGAACGTATTTAAGGGGTGAAATGTAATCATCCTGATTTTCACCAAAAAATTCGCAGATAATCCATCCTTTCCCCGGCAGGGGGCGTATTGCTCAGATGGTTTTTGCAACATATCTCACAATAAACAGTCTCAACGTCCTGACTAATATGTTTTTGATGGTCCGG
2,2,0,ATACAAGAAAAGACAGGAACGTATTTAAGGGGTGAAATGTAATCATCCTGATTTTCACCAAAAAATTCGCAGATAATCCATCCTTTCCCCGGCAGGGGGCGTATTGCTCAGATGGTTTTTGCAACATATCTCACAATAAACAGTCTCAACGTCCTGACTACTCTGCTCTCGCTTGCCCGC
3,3,0,ATACAAGAAAAGACAGGAACGTATTTAAGGGGTGAAATGTAATCATCCTGATTTTCACCAAAAAATTCGCAGATAATCCATCCTTTCCCCGGCAGGGGGCGTATTGCTCAGATGGTTTTTGCAACATATCTCACAATAAACAGTCTCAACGTCCTGACTAGAACTTTTTGCAACCGTCCC
3,3,0,ATACAAGAAAAGACAGGAACGTATTTAAGGGGTGAAATGTAATCATCCTGATTTTCACCAAAAAATTCGCAGATAATCCATCCTTTCCCCGGCAGGGGGCGTATTGCTCAGATGGTTTTTGCAACATATCTCACAATAAACAGTCTCAACGTCCTGACTAGGGCCGCTCTCGGACGTAGG
1,1,0,ATACAAGAAAAGACAGGAACGTATTTAAGGGGTGAAATGTAATCATCCTGATTTTCACCAAAAAATTCGCAGATAATCCATCCTTTCCCCGGCAGGGGGCGTATTGCTCAGATGGTTTTTGCAACATATCTCACAATAAACAGTCTCAACGTCCTGACTAGTCCTTACTAGGAACCTCTA
5,5,0,ATACAAGAAAAGACAGGAACGTATTTAAGGGGTGAAATGTAATCATCCTGATTTTCACCAAAAAATTCGCAGATAATCCATCCTTTCCCCGGCAGGGGGCGTATTGCTCAGATGGTTTTTGCAACATATCTCACAATAAACAGTCTCAACGTCCTGACTATAGTCGAGCGCCTCCTCTTT
2,2,0,ATACAAGAAAAGACAGGAACGTATTTAAGGGGTGAAATGTAATCATCCTGATTTTCACCAAAAAATTCGCAGATAATCCATCCTTTCCCCGGCAGGGGGCGTATTGCTCAGATGGTTTTTGCAACATATCTCACAATAAACAGTCTCAACGTCCTGACTATCGCTGATATATCTGAAGTA
7,7,0,ATACAAGAAAAGACAGGAACGTATTTAAGGGGTGAAATGTAATCATCCTGATTTTCACCAAAAAATTCGCAGATAATCCATCCTTTCCCCGGCAGGGGGCGTATTGCTCAGATGGTTTTTGCAACATATCTCACAATAAACAGTCTCAACGTCCTGACTATGTGCTGATTCAAGTCTTAC
6,0,6,ATACAAGAAAAGACAGGAACGTATTTACTGGGTGTAACATAATCATCCTGCTTTTCATCACAAAAACCGCAGATAAACCTTCCTTCCCCCAGCAGCTGACGTTATGGTCATATGGTTTTTGCATTAAAGCTCACAATGAAAATTTTCAAAATACTAACTAACCCGCCTTTGGAATGGAGC
22,4,18,ATACAAGAAAAGACAGGAACGTATTTACTGGGTGTAACATAATCATCCTGCTTTTCATCACAAAAACCGCAGATAAACCTTCCTTCCCCCAGCAGCTGGCGTTATGGTCATATGGTTTTTGCATTAAAGCTCACAATGAAAATTTTCAAAATACTAACTACTTGGGAAGTGGGTTGGACA
11,0,11,ATACAAGAAAAGACAGGAACGTATTTACTGGGTGTAACATAATCATCCTGCTTTTCATCACAAAAACCGCAGATAAACCTTCCTTCCCCCAGCAGCTGGCGTTATGGTCATATGGTTTTTGCATTAAAGCTCACAATGAAAATTTTCAAAATACTAACTATCCACGCTCAGTTTCTAAGG
8,3,5,ATACAAGAAAAGACAGGAACGTATTTACTGGGTGTAACATAATCATCCTGCTTTTCATCACAAAAACCGCAGATAAACCTTCCTTCCCCCAGCAGCTGGCGTTATGGTCATATGGTTTTTGCATTAAAGCTCACAATGAAAATTTTCAAAATACTAACTATGTCATCCGCGTCGGCTATG
4,4,0,ATACAAGAAAAGACAGGAACGTATTTACTGGGTTAAATAGAATCATCCTGCTTTTCATCATAATAACCGCAGATAATCTTTCCTTTGCCCGGCAGCTGGCGTTGTGGTCAGATGGTTTTCGCAACAAATCTCACGATTAAAAGTTTCAACATACTGACTACAGTCTCCATTTCTGCGCTT
3,3,0,ATACAAGAAAAGACAGGAACGTATTTACTGGGTTAAATATAACCATCCTGCTTTTCATCACAAAAACCGCGGTTGATCCTTCCTTTCCCCGGCAGCGGGCCTTATGGTCAGATGGTTTTTGCAACAAATCTCACGATAAAAAGTGTCATCAAACTGACCACAGGTATTCTCTGTTTCGTT
8,2,6,ATACAAGAAAAGACAGGAACGTATTTACTGGGTTAATTATAATCGTCCTGCTTTCCATCACAAAAACCGCTGATAATCCTTCCTTTCCCCGGCAGCTGCCGTTATGGTCAGAAGGTTGTTGCGACAAATGTCACAATAAAAAGTTTCAACATACTGATTATGAGGTAGTTAAGCATGGAC
2,0,2,ATACAAGAAAAGACAGGAACGTATTTACTGGGTTAATTATAATCGTCCTGCTTTCCATCACAAAAACCGCTGATAATCCTTCCTTTCCCCGGCAGCTGCCGTTATGGTCAGAAGGTTGTTGCGACAAATGTCACAATAAAAAGTTTCAACATACTGATTATTCAGATGGTAAAGTTCTAA
3,3,0,ATACAAGAAAAGACAGGAACGTATTTTCTGGGCTAAATATAATCATACTGGTTTTCATCACAACAACCGCAGATAACCCTTCCCTTACCCGGCAGCTGGCGTTATGGCCTGATGGTTTTTTTAACAAACCTCACAATAAAATGTTTCAACATACTGACTAACACACGGCCAGGCGTTTCT
1,1,0,ATACAAGAAAAGACAGGAACGTATTTTCTGGGCTAAATATAATCATACTGGTTTTCATCACAACAACCGCAGATAACCCTTCCCTTACCCGGCAGCTGGCGTTATGGCCTGATGGTTTTTTTAACAAACCTCACAATAAAATGTTTCAACATACTGACTAAGCTTGTTTAGCAATGACCA
13,13,0,ATACAAGAAAAGACAGGAACGTATTTTCTGGGCTAAATATAATCATACTGGTTTTCATCACAACAACCGCAGATAACCCTTCCCTTACCCGGCAGCTGGCGTTATGGCCTGATGGTTTTTTTAACAAACCTCACAATAAAATGTTTCAACATACTGACTAATAGGTGCTGTTCCCAGGTC
3,3,0,ATACAAGAAAAGACAGGAACGTATTTTCTGGGCTAAATATAATCATACTGGTTTTCATCACAACAACCGCAGATAACCCTTCCCTTACCCGGCAGCTGGCGTTATGGCCTGATGGTTTTTTTAACAAACCTCACAATAAAATGTTTCAACATACTGACTACCCTACGGCCAATACGTGTC
14,14,0,ATACAAGAAAAGACAGGAACGTATTTTCTGGGCTAAATATAATCATACTGGTTTTCATCACAACAACCGCAGATAACCCTTCCCTTACCCGGCAGCTGGCGTTATGGCCTGATGGTTTTTTTAACAAACCTCACAATAAAATGTTTCAACATACTGACTAGGTAGCTGGCAGGTAGGACA
3,3,0,ATACAAGAAAAGACAGGAACGTATTTTCTGGGCTAAATATAATCATACTGGTTTTCATCACAACAACCGCAGATAACCCTTCCCTTACCCGGCAGCTGGCGTTATGGCCTGATGGTTTTTTTAACAAACCTCACAATAAAATGTTTCAACATACTGACTAGGTCCATACCCACACACGCG
8,7,1,ATACAAGAAAAGACAGGAACGTATTTTCTGGGCTAAATATAATCATACTGGTTTTCATCACAACAACCGCAGATAACCCTTCCCTTACCCGGCAGCTGGCGTTATGGCCTGATGGTTTTTTTAACAAACCTCACAATAAAATGTTTCAACATACTGACTATAACTCGCAGTTAATGCCTT
39,2,37,ATACAAGAAAAGACAGGACCGTATTTACTGTGTTAAATATATTCATCGTGCTTTTGTTCACAAAAATCGCAGATAATTCTTCCTTTCCCCGGCAGCTGGCGTTATGGTTATATGGTTTTTGCAACAAATCTCACAATATAACGTGTCAGCATACTGACTACTTGTCTTAGCGTCTTTTTG
23,0,23,ATACAAGAAAAGACAGGACCGTATTTACTGTGTTAAATATATTCATCGTGCTTTTGTTCACAAAAATCGCAGATAATTCTTCCTTTCCCCGGCAGCTGGCGTTATGGTTATATGGTTTTTGCAACAAATCTCACAATATAACGTTTCAGCATACTGACTACTCCTGCGTTTTATCTACAG
29,3,26,ATACAAGAAAAGACAGGACCGTATTTACTGTGTTAAATATATTCATCGTGCTTTTGTTCACAAAAATCGCAGATAATTCTTCCTTTCCCCGGCAGCTGGCGTTATGGTTATATGGTTTTTGCAACAAATCTCACAATATAACGTTTCAGCATACTGACTAGATCTGCGCTCATATGGGTT
56,3,53,ATACAAGAAAAGACAGGACCGTATTTACTGTGTTAAATATATTCATCGTGCTTTTGTTCACAAAAATCGCAGATAATTCTTCCTTTCCCCGGCAGCTGGCGTTATGGTTATATGGTTTTTGCAACAAATCTCACAATATAACGTTTCAGCATACTGACTAGGAAGTCCATTCGTCTCAGC
256,8,248,ATACAAGAAAAGACAGGACCGTATTTACTGTGTTAAATATATTCATCGTGCTTTTGTTCACAAAAATCGCAGATAATTCTTCCTTTCCCCGGCAGCTGGCGTTATGGTTATATGGTTTTTGCAACAAATCTCACAATATAACGTTTCAGCATACTGACTAGGACGGAGATACCACTCGTT
54,4,50,ATACAAGAAAAGACAGGACCGTATTTACTGTGTTAAATATATTCATCGTGCTTTTGTTCACAAAAATCGCAGATAATTCTTCCTTTCCCCGGCAGCTGGCGTTATGGTTATATGGTTTTTGCAACAAATCTCACAATATAACGTTTCAGCATACTGACTAGTTTCATCCTCTCCCGCTCC
37,1,36,ATACAAGAAAAGACAGGACCGTATTTACTGTGTTAAATATATTCATCGTGCTTTTGTTCACAAAAATCGCAGATAATTCTTCCTTTCCCCGGCAGCTGGCGTTATGGTTATATGGTTTTTGCAACAAATCTCACAATATAACGTTTCAGCATACTGACTAGTTTCGGCAATGAAATGCGA
33,0,33,ATACAAGAAAAGACAGGACCGTATTTACTGTGTTAAATATATTCATCGTGCTTTTGTTCACAAAAATCGCAGATAATTCTTCCTTTCCCCGGCAGCTGGCGTTATGGTTATATGGTTTTTGCAACAAATCTCACAATATAACGTTTCAGCATACTGACTATACGTTATTAAGTAGATCTG
6,0,6,ATACAAGAAAAGACAGGACCGTATTTACTGTGTTAAATATATTCATCGTGCTTTTGTTCACAAAAATCGCAGATAATTCTTCCTTTCCCCGGCAGCTGGCGTTATGGTTATATGGTTTTTGCAACAAATCTCACAATATAACGTTTCAGCATACTGACTATATCCTGTACGATTTTTCTA
14,1,13,ATACAAGAAAAGACAGGACCGTATTTACTGTGTTAAATATATTCATCGTGCTTTTGTTCACAAAAATCGCAGATAATTCTTCCTTTCCCCGGCAGCTGGCGTTATGGTTATATGGTTTTTGCAACAAATCTCACAATATAACGTTTCAGCATACTGACTATCTGAATACCCAGGTTGAAG
55,0,55,ATACAAGAAAAGACAGGACCGTATTTACTGTGTTAAATATATTCATCGTGCTTTTGTTCACAAAAATCGCAGATAATTCTTCCTTTCCCCGGCAGCTGGCGTTATGGTTATATGGTTTTTGCAACAAATCTCACAATATAACGTTTCAGCATACTGACTATGTGAGCTTGAACTAGGTAC
39,1,38,ATACAAGAAAAGACAGGACCGTATTTACTGTGTTAAATATATTCATCGTGCTTTTGTTCACAAAAATCGCAGATAATTCTTCCTTTCCCCGGCAGCTGGCGTTATGGTTATATGGTTTTTGCAACAAATCTCACAATATAACGTTTCAGCATACTGACTATTCGCTTCGGCTGTATCAAT
188,18,170,ATACAAGAAAAGACAGGACCGTATTTACTGTGTTAAATATATTCATCGTGCTTTTGTTCACAAAAATCGCAGATAATTCTTCCTTTCCCCGGCAGCTGGCGTTATGGTTATATGGTTTTTGCAACAAATCTCACAATATAACGTTTCAGCATACTGACTATTCTAGGCCCCACGCCTCTG
78,3,75,ATACAAGAAAAGACAGGACCGTATTTACTGTGTTAAATATATTCATCGTGCTTTTGTTCACAAAAATCGCAGATAATTCTTCCTTTCCCCGGCAGCTGGCGTTATGGTTATATGGTTTTTGCAACAAATCTCACAATATAACTTTTCAGCATACTGACTAAATTCCTTCCCCCGTAAGAC
1,1,0,ATACAAGAAAAGACAGGAGCGTATTTATTGGGTTCAATATAATCATCCTGCTCCTCATCACAGTAACCACAGATAAACTTTCCTTTCCACGGCAGCTGTCTTTATGGGCAGGGGGATTTTGCGACAAATCTCACAATAAAAAGTTTCAAAAAACTGATTAACCAGATCTAATACGGCTCC
1,1,0,ATACAAGAAAAGACAGGAGCGTATTTATTGGGTTCAATATAATCATCCTGCTCCTCATCACAGTAACCACAGATAAACTTTCCTTTCCACGGCAGCTGTCTTTATGGGCAGGGGGATTTTGCGACAAATCTCACAATAAAAAGTTTCAAAAAACTGATTAAGCCATCCATAAGGCAGTGA
4,4,0,ATACAAGAAAAGACAGGAGCGTATTTATTGGGTTCAATATAATCATCCTGCTCCTCATCACAGTAACCACAGATAAACTTTCCTTTCCACGGCAGCTGTCTTTATGGGCAGGGGGATTTTGCGACAAATCTCACAATAAAAAGTTTCAAAAAACTGATTACACAATCTTATACGCGTTGA
1,1,0,ATACAAGAAAAGACAGGAGCGTATTTATTGGGTTCAATATAATCATCCTGCTCCTCATCACAGTAACCACAGATAAACTTTCCTTTCCACGGCAGCTGTCTTTATGGGCAGGGGGATTTTGCGACAAATCTCACAATAAAAAGTTTCAAAAAACTGATTAGCGTTCAATCAGCTCCTTCC
1,1,0,ATACAAGAAAAGACAGGAGCGTATTTATTGGGTTCAATATAATCATCCTGCTCCTCATCACAGTAACCACAGATAAACTTTCCTTTCCACGGCAGCTGTCTTTATGGGCAGGGGGATTTTGCGACAAATCTCACAATAAAAAGTTTCAAAAAACTGATTATTGTGAACTGTTTTATTTCT
25,3,22,ATACAAGAAAAGACAGGTACGTAGTTACGGGGTTAGATATAATCAGCATGCTTTTCATCACAAAAACCGCCGATAATCTTTTCGTTCCGCCGCAGCTGGCGTTATGCTCATATGGTTTTTGCATCAAATGTCACAGTAAAAAGTTTGAACATACTGACTAGGAGTGAGCAATTTAGGATT
29,3,26,ATACAAGAAAAGACAGGTACGTAGTTACGGGGTTAGATATAATCAGCATGCTTTTCATCACAAAAACCGCCGATAATCTTTTCGTTCCGCGGCAGCTGGCGTTATGCTCATATGGTTTTTGCATCAAATGTCACAGTAAAAAGTTTGAACATACTGACTAGAGCAGGAAGCTGCTGGCGT
4,1,3,ATACAAGAAAAGACAGTAACGTATTTACTTGCTTAACTATAATGATCCTGCTTAGCATCAAAAAACCCGCGGAAAATCCTTCCATTCCCCTGCAGCAGGAGTTATGGTCGGATGGTTTTTGCAACAAATCTCACAATAAAAAGTCTCAACATTCTGACTAAGTCCAGGGGTATTCTTGTC
34,5,29,ATACAAGAAAAGACAGTAACGTATTTACTTGCTTAACTATAATGATCCTGCTTAGCATCAAAAAACCCGCGGAAAATCCTTCCATTCCCCTGCAGCAGGAGTTATGGTCGGATGGTTTTTGCAACAAATCTCACAATAAAAAGTCTCAACATTCTGACTAGTAAGGTTTCCCTTCGGTTG
45,11,34,ATACAAGAAAAGACAGTAACGTATTTACTTGCTTAACTATAATGATCCTGCTTAGCATCAAAAAACCCGCGGAAAATCCTTCCATTCCCCTGCAGCAGGAGTTATGGTCGGATGGTTTTTGCAACAAATCTCACAATAAAAAGTCTCAACATTCTGACTAGTCCTTAGGGTTCCTAGTCT
3,1,2,ATACAAGAAAAGACAGTAACGTATTTACTTGCTTAACTATAATGATCCTGCTTAGCATCAAAAAACCCGCGGAAAATCCTTCCATTCCCCTGCAGCAGGAGTTATGGTCGGATGGTTTTTGCAACAAATCTCACAATAAAAAGTCTCAACATTCTGACTATACCTCTTGCTATTCCTGAT
7,2,5,ATACAAGAAAAGACAGTAACGTATTTACTTGCTTAACTATAATGATCCTGCTTAGCATCAAAAAACCCGCGGAAAATCCTTCCATTCCCCTGCAGCAGGAGTTATGGTCGGATGGTTTTTGCAACAAATCTCACAATAAAAAGTCTCAACATTCTGACTATTACCAAATACGAGCGAGAG
3,2,1,ATACAAGAAAAGCCTGGTACGTATTTACTGGGTTAAATATGATCATCCTGCTTTTCATCACATAGACCGCAGATACACGTTCCTTTCCACGGGAGGTGGCGTTATGGTCAGATGGTTTTTGGAACTAATCTCACAATAAAAAGTCTCGACATACTTACTACTCGCTGGAGAGTGGTCAGG
6,6,0,ATACAAGAAAAGCCTGGTACGTATTTACTGGGTTAAATATGATCATCCTGCTTTTCATCACATAGACCGCAGATACACGTTCCTTTCCACGGGAGGTGGCGTTATGGTCAGATGGTTTTTGGAACTAATCTCACAATAAAAAGTCTTGACATACTTACTAAACACATTCTAATGCTGAGT
1,1,0,ATACAAGAAAAGCCTGGTACGTATTTACTGGGTTAAATATGATCATCCTGCTTTTCATCACATAGACCGCAGATACACGTTCCTTTCCACGGTAGGTGGCGTTATGGTCAGATGGTTTTTGGAACTAATCTCACAATAAAAAGTCTCGACATACTTACTATCTTGGAATTGAGTCTTAAC
2,2,0,ATACAAGAAAGGACAGGAGTGTATTTACTGGGTTAAGTATAATCATACAGCTTTTCATCACAACAACCTCAGATACTCCTTCCTTTCCACGGCAGCTGGCGTTATGGTCAGTTAGTTTTTGCAACAAATCTCACAATAAAAAGTTTCAACGTACTCACGAAACTGCCTGGCAAAGGATGA
1,1,0,ATACAAGAAAGGACAGGAGTGTATTTACTGGGTTAAGTATAATCATACAGCTTTTCATCACAACAACCTCAGATACTCCTTCCTTTCCACGGCAGCTGGCGTTATGGTCAGTTAGTTTTTGCAACAAATCTCACAATAAAAAGTTTCAACGTACTCACGAACACCCTAAAGTTGGCTACA
6,6,0,ATACAAGAAAGGACAGGAGTGTATTTACTGGGTTAAGTATAATCATACAGCTTTTCATCACAACAACCTCAGATACTCCTTCCTTTCCACGGCAGCTGGCGTTATGGTCAGTTAGTTTTTGCAACAAATCTCACAATAAAAAGTTTCAACGTACTCACGAGAACTTCTAATGCAATTTCG
3,2,1,ATACAAGAAAGGACAGGAGTGTATTTACTGGGTTAAGTATAATCATACAGCTTTTCATCACAACAACCTCAGATACTCCTTCCTTTCCACGGCAGCTGGCGTTATGGTCAGTTAGTTTTTGCAACAAATCTCACAATAAAAAGTTTCAACGTACTCACGAGTACTTCGTCGACATATTAA
2,0,2,ATACAAGAAAGGACAGGAGTGTATTTACTGGGTTAAGTATAATCATACAGCTTTTCATCACAACAACCTCAGATACTCCTTCCTTTCCACGGCAGCTGGCGTTATGGTCAGTTAGTTTTTGCAACAAATCTCACAATAAAAAGTTTCAACGTACTCACGAGTTCACTACGCCTTATAGTT
2,2,0,ATACAAGAAAGGACAGGAGTGTATTTACTGGGTTAAGTATAATCATACAGCTTTTCATCACAACAACCTCAGATACTCCTTCCTTTCCACGGCAGCTGGCGTTATGGTCAGTTAGTTTTTGCAACAAATCTCACAATAAAAAGTTTCAACGTACTCACGATTGGGTAAGTAGTTGTTAAC
2,2,0,ATACAAGAAATCACAGGAACGTATTTACCGGGTTAAATATAATCATCCTGCTTTTCATCGCAAAAACCGCAGTTAATCCTTCCTTTCCCCGGCAGCTGGCGTTATTCACAGATGGCTTTGGTAACAAATCTCAGGATCAGACGTTTCATCAGACTGACTAAAGCAGCCTTATTCCACGGA
9,9,0,ATACAAGAAATCACAGGAACGTATTTACCGGGTTAAATATAATCATCCTGCTTTTCATCGCAAAAACCGCAGTTAATCCTTCCTTTCCCCGGCAGCTGGCGTTATTCACAGATGGCTTTGGTAACAAATCTCAGGATCAGACGTTTCATCAGACTGACTACAGGGCCCTGCATGATCATG
10,10,0,ATACAAGAAATCACAGGAACGTATTTACCGGGTTAAATATAATCATCCTGCTTTTCATCGCAAAAACCGCAGTTAATCCTTCCTTTCCCCGGCAGCTGGCGTTATTCACAGATGGCTTTGGTAACAAATCTCAGGATCAGACGTTTCATCAGACTGACTATGGACGGTGTTGGTGTTGTG
5,5,0,ATACAAGAAATCACAGGAACGTATTTACCGGGTTAAATATAATCATCCTGCTTTTCATCGCAAAAACCGCAGTTAATCCTTCCTTTCCCCGGCAGCTGGCGTTATTCACAGATGGCTTTGGTAACAAATCTCAGGATCAGACGTTTCATCAGACTGACTATTCGGCTATATTAAACGCAA
9,2,7,ATACAAGAAATGACAGGAACGTATTTACTGGGTTAAATATAATAATTCAGCTTTTCATCACACAAAGCGCAGGTAATGCTTCCTTCCCCCGGCAGCGGATGTTATGGTCAGGTGGTTTTTGCAACTAATCTCACAAGAAAAAGTTTCAACATACTTACCAACACATGCTAGCGTATTGGC
5,1,4,ATACAAGAAATGACAGGAACGTATTTACTGGGTTAAATATAATAATTCAGCTTTTCATCACACAAAGCGCAGGTAATGCTTCCTTCCCCCGGCAGCGGATGTTATGGTCAGGTGGTTTTTGCAACTAATCTCACAAGAAAAAGTTTCAACATACTTACCAATTGAGCATCAGATGCATCT
7,2,5,ATACAAGAAATGACAGGAACGTATTTACTGGGTTAAATATAATAATTCAGCTTTTCATCACACAAAGCGCAGGTAATGCTTCCTTCCCCCGGCAGCGGATGTTATGGTCAGGTGGTTTTTGCAACTAATCTCACAAGAAAAAGTTTCAACATACTTACCAATTGTTGGAAGAGACGCTAA
43,5,38,ATACAAGAAATGACAGGAACGTATTTACTGGGTTAAATATAATAATTCAGCTTTTCATCACACAAAGCGCAGGTAATGCTTCCTTCCCCCGGCAGCGGATGTTATGGTCAGGTGGTTTTTGCAACTAATCTCACAAGAAAAAGTTTCAACATACTTACCACCGGATATGCGCTCGAGGCT
3,3,0,ATACAAGAAATGACAGGAACGTATTTACTGGGTTAAATATAATAATTCAGCTTTTCATCACACAAAGCGCAGGTAATGCTTCCTTCCCCCGGCAGCGGATGTTATGGTCAGGTGGTTTTTGCAACTAATCTCACAAGAAAAAGTTTCAACATACTTACCACTACCGGCTCCGTCTCCAGT
4,2,2,ATACAAGAAATGACAGGAACGTATTTACTGGGTTAAATATAATAATTCAGCTTTTCATCACACAAAGCGCAGGTAATGCTTCCTTCCCCCGGCAGCGGATGTTATGGTCAGGTGGTTTTTGCAACTAATCTCACAAGAAAAAGTTTCAACATACTTACCAGCGCTTCACATTTGGCGGTG
2,1,1,ATACAAGAAATGACAGGAACGTATTTACTGGGTTAAATATAATAATTCAGCTTTTCATCACACAAAGCGCAGGTAATGCTTCCTTCCCCCGGCAGCGGATGTTATGGTCAGGTGGTTTTTGCAACTAATCTCACAAGAAAAAGTTTCAACATACTTACCAGTTTCTATCCCCGACACACG
4,1,3,ATACAAGAAATGACAGGAACGTATTTACTGGGTTAAATATAATAATTCAGCTTTTCATCACACAAAGCGCAGGTAATGCTTCCTTCCCCCGGCAGCGGATGTTATGGTCAGGTGGTTTTTGCAACTAATCTCACAAGAAAAAGTTTCAACATACTTACCATAAAAGAACCGAGATTCGAT
31,1,30,ATACAAGAAATGACAGGAACGTATTTACTGGGTTAAATATAATAATTCAGCTTTTCATCACACAAAGCGCAGGTAATGCTTCCTTCCCCCGGCAGCGGATGTTATGGTCAGGTGGTTTTTGCAACTAATCTCACAAGAAAAAGTTTCAACATACTTACCATCTTAGGAGGATGATTTAAG
3,3,0,ATACAAGAATAGCCAGGAACGTATTTACCGGGTTAGATATAATCAGGCTGCGTTTCCACACAAAAACCGCAGGTAATCCATCCTTTCCCCGGCAGCTGGCGTTATGGTGAGATGGTTTTTGCTACAAATCTCACAATAAGAAGTATCAACATACTGACTAACTTTTTGGCGATCCCCTAG
6,6,0,ATACAAGAATAGCCAGGAACGTATTTACCGGGTTAGATATAATCAGGCTGCGTTTCCACACAAAAACCGCAGGTAATCCATCCTTTCCCCGGCAGCTGGCGTTATGGTGAGATGGTTTTTGCTACAAATCTCACAATAAGAAGTATCAACATACTGACTACCGATCTAAGGGGTGGAATT
4,4,0,ATACAAGAATAGCCAGGAACGTATTTACCGGGTTAGATATAATCAGGCTGCGTTTCCACACAAAAACCGCAGGTAATCCATCCTTTCCCCGGCAGCTGGCGTTATGGTGAGATGGTTTTTGCTACAAATCTCACAATAAGAAGTATCAACATACTGACTACTGGTGGAGACTCCTGACGA
3,3,0,ATACAAGACAACACAGGAACGTATTTACTGGGTTACATTTAATCATCCCTTTTTTCATCACAAAAACCGCAGATAACCGTTCCTTTCCCCGGCAGCTTGCGTTATGGTCACATGTCTTTAGCAAGAAATCTCACAATGAAGAGTTTCAACAATCTGACTACATGGGAGAGCGTGATATTT
8,2,6,ATACAAGACAACACAGGAACGTATTTACTGGGTTACATTTAATCATCCCTTTTTTCATCACAAAAACCGCAGATAACCGTTCCTTTCCCCGGCAGCTTGCGTTATGGTCACATGTCTTTAGCAAGAAATCTCACAATGAAGAGTTTCAACAATCTGACTACTCTATACACTACAGCACAG
25,8,17,ATACAAGACAACACAGGAACGTATTTACTGGGTTACATTTAATCATCCCTTTTTTCATCACAAAAACCGCAGATAACCGTTCCTTTCCCCGGCAGCTTGCGTTATGGTCACATGTCTTTAGCAAGAAATCTCACAATGAAGAGTTTCAACAATCTGACTAGAATTCAGTGGAGTCGTTGG
43,12,31,ATACAAGACAACACAGGAACGTATTTACTGGGTTACATTTAATCATCCCTTTTTTCATCACAAAAACCGCAGATAACCGTTCCTTTCCCCGGCAGCTTGCGTTATGGTCACATGTCTTTAGCAAGAAATCTCACAATGAAGAGTTTCAACAATCTGACTATGCAATTTCGGGATAGGTAG
7,7,0,ATACAAGACAAGACACGAACGTACTTATTGGGTTAAATATAAGCATCCTGCTTTTCATCACAAAAACCGCAGATAATCCTTCCTATCCCCGGCAGCTGGCGTAATGGTCAAATGGTTTTTGCACTGAATCTCACAATAAAAAGTTTCAACATACTGACTAGTTGCGCCCGATTAGGTCTT
5,5,0,ATACAAGAGAAGATAGGAACGTATTTGCGGGGTTAAATATAATCATCCTGCTTTTCATCTCAAAGATCGCAGATACTCCTTCCTTTCCCCGGCATCTCGCGTTATCGTCAGATGGTTTTTGCAACAAATCTCACAATAAAAAGTTCCAACATAATGACTAATTAAGTGAAATTCTTTTGG
1,1,0,ATACAAGAGAAGATAGGAACGTATTTGCGGGGTTAAATATAATCATCCTGCTTTTCATCTCAAAGATCGCAGATACTCCTTCCTTTCCCCGGCATCTCGCGTTATCGTCAGATGGTTTTTGCAACAAATCTCACAATAAAAAGTTCCAACATAATGACTAGTTCTGAAAGTGAAGAGACA
57,8,49,ATACAATAAAAGACACGAACGTATATACTGGGTTAAATATAATCATCCTGCTATTCATCACAAAAACCGCAGAAAACCCTTCCTTTCCCCGGCAGCTGGCTTTATGGTCACTTGGCTTTTGCAACAACTCTCACAATACAAAGGTTCAACATACTGACTAACAAGGGGAGAGGGGTTGGA
1,1,0,ATACAATAAAAGACACGAACGTATATACTGGGTTAAATATAATCATCCTGCTATTCATCACAAAAACCGCAGAAAACCCTTCCTTTCCCCGGCAGCTGGCTTTATGGTCACTTGGCTTTTGCAACAACTCTCACAATACAAAGGTTCAACATACTGACTAACTTAGTTTCAGGTAGTCAA
15,7,8,ATACAATAAAAGACACGAACGTATATACTGGGTTAAATATAATCATCCTGCTATTCATCACAAAAACCGCAGAAAACCCTTCCTTTCCCCGGCAGCTGGCTTTATGGTCACTTGGCTTTTGCAACAACTCTCACAATACAAAGGTTCAACATACTGACTACCAATATGTCACAGGTTAGC
36,4,32,ATACAATAAAAGACAGGAACGTATTTTCTGAGTTAAACATAATCATCCTGCTTTTCATCACAAAAACCGCAAATAACCCTTCCTTTCCGCGGTAGCTGGCGTTATGGTCAGATGGTTTTTGAAACAAATCCCACAATAAAAAGTTTCGACAGACAGACTCTCTGCCAGGTTTTAAGGCAG
16,3,13,ATACAATAAAAGACAGGAACGTATTTTCTGAGTTAAACATAATCATCCTGCTTTTCATCACAAAAACCGCAGATAACCCTTCCTTTCCGCGGTAGCTGGCGTTATGGTCAGATGGTTTTTGAAACAAATCCCACAATAAAAAGTTTCGACAGACAGACTCATCAACATTTTTCTTAGCCG
25,1,24,ATACAATAAAAGACAGGAACGTATTTTCTGAGTTAAACATAATCATCCTGCTTTTCATCACAAAAACCGCAGATAACCCTTCCTTTCCGCGGTAGCTGGCGTTATGGTCAGATGGTTTTTGAAACAAATCCCACAATAAAAAGTTTCGACAGACAGACTCATGTCAACCTTATACGGCTG
24,5,19,ATACAATAAAAGACAGGAATGCATTTACAGGGGTAAATATAATCCTCCTGCTTTTCATCACAAAATCCGCAGATAATCCTTTCTTTCCCCGGCAACTGTCGATATGGTCTGATGGTTTTTGCAACACATCTCACAATAAAGAGTTTCAACATACAGACTAGTAGTGAATAAATGCTTTCT
22,6,16,ATACAATAAAAGACAGGAATGCATTTACAGGGGTAAATATAATCCTCCTGCTTTTCATCACAAAATCCGCAGATAATCCTTTCTTTCCCCGGCAACTGTCGATATGGTCTGATGGTTTTTGCAACACATCTCACAATAAAGAGTTTCAACATACAGACTATACACGATGTTGTTCAGATG
29,10,19,ATACAATAAAAGACAGGAATGCATTTACAGGGGTAAATATAATCCTCCTGCTTTTCATCACAAAATCCGCAGATAATCCTTTCTTTCCCCGGCAACTGTCGATATGGTCTGATGGTTTTTGCAACACATCTCACAATAAAGAGTTTCAACATACAGACTATTCGGTTAGACGGTTCCTCG
3,2,1,ATACAATAAAAGACAGGACCGTATTTACTGGGTCAAATATAATCATCCTCCTGTTCCTCACAAAAGCCGCACATAATCCTTCATCTCCCCGGCCGCTGGCGTTATGGTCAGATGGTTTCTGACACAAAGCTCACAATAAAAAGTTTCAACATACTGACTAGATGTTCAGAACGGTACGGA
11,11,0,ATACAATAAAAGACAGGACCGTATTTACTGGGTCAAATATAATCATCCTCCTGTTCCTCACAAAAGCCGCACATAATCCTTCATCTCCCCGGCCGCTGGCGTTATGGTCAGATGGTTTCTGACACAAAGCTCACAATAAAAAGTTTCAACATACTGACTATGGTGCTTGGGTCCTTCAAA
6,4,2,ATACAATAAAAGACAGGACCGTATTTACTGGGTCAAATATAATCATCCTCCTGTTCCTCACAAAAGCCGCACATAATCCTTCATCTCCCCGGCCGCTGGCGTTATGGTCAGATGGTTTCTGACACAAAGCTCACAATAAAAAGTTTCAACATACTGACTATTATTGCGGGTGACTGTTTT
2,2,0,ATACAATAAAAGACAGGAGCGTATTTACTGGGTTAAATATAATGATCCTGCTGTTGATCACATAAACCGCAGATAATCCTTCCTTTCCCCGACAGCTGGCGAAAGGATCAGATGCTTTTTGGAACAAATCTCACAAAAAAAAGTTTCAACAGACGGACTATCCCGGATTGACACCTTCTC
1,0,1,ATACAATAAAAGACAGGGACGCATTTACTGGTTTAAATATAATCATCCTGCTTTTCATCACGAAAACAGTATATAATCCTTCCTTTCCCCGGCAGCTGACGTTACGGTCAGATGGTTTATGTAACATATCTCACAATAGAAAGTTTCGACATACTGACTAAAAGCGGCCCCGTGACACGT
2,2,0,ATACAATAAAAGACAGGGACGCATTTACTGGTTTAAATATAATCATCCTGCTTTTCATCACGAAAACAGTATATAATCCTTCCTTTCCCCGGCAGCTGACGTTACGGTCAGATGGTTTATGTAACATATCTCACAATAGAAAGTTTCGACATACTGACTAACTCGCATCGACTTCTTGTA
12,5,7,ATACAATAAAAGACAGGGACGCATTTACTGGTTTAAATATAATCATCCTGCTTTTCATCACGAAAACAGTATATAATCCTTCCTTTCCCCGGCAGCTGACGTTACGGTCAGATGGTTTATGTAACATATCTCACAATAGAAAGTTTCGACATACTGACTAAGCCGTTGGAGTTAAAGTTG
8,3,5,ATACAATAAAAGACAGGGACGCATTTACTGGTTTAAATATAATCATCCTGCTTTTCATCACGAAAACAGTATATAATCCTTCCTTTCCCCGGCAGCTGACGTTACGGTCAGATGGTTTATGTAACATATCTCACAATAGAAAGTTTCGACATACTGACTACAGATTTAATCCGCCTATAA
10,3,7,ATACAATAAAAGACAGGGACGCATTTACTGGTTTAAATATAATCATCCTGCTTTTCATCACGAAAACAGTATATAATCCTTCCTTTCCCCGGCAGCTGACGTTACGGTCAGATGGTTTATGTAACATATCTCACAATAGAAAGTTTCGACATACTGACTACCGGAGGCTACTCGAAGGAG
2,2,0,ATACAATAAAAGACAGGGACGCATTTACTGGTTTAAATATAATCATCCTGCTTTTCATCACGAAAACAGTATATAATCCTTCCTTTCCCCGGCAGCTGACGTTACGGTCAGATGGTTTATGTAACATATCTCACAATAGAAAGTTTCGACATACTGACTACCTAACTCTGTAATCAACAC
13,4,9,ATACAATAAAAGACAGGGACGCATTTACTGGTTTAAATATAATCATCCTGCTTTTCATCACGAAAACAGTATATAATCCTTCCTTTCCCCGGCAGCTGACGTTACGGTCAGATGGTTTATGTAACATATCTCACAATAGAAAGTTTCGACATACTGACTACTGAGCGGTGTGTGCACTAA
2,2,0,ATACAATAAAAGACAGGGACGCATTTACTGGTTTAAATATAATCATCCTGCTTTTCATCACGAAAACAGTATATAATCCTTCCTTTCCCCGGCAGCTGACGTTACGGTCAGATGGTTTATGTAACATATCTCACAATAGAAAGTTTCGACATACTGACTAGTACCAAAGTTTTCGTGTCT
6,4,2,ATACAATAAAAGACAGGGACGCATTTACTGGTTTAAATATAATCATCCTGCTTTTCATCACGAAAACAGTATATAATCCTTCCTTTCCCCGGCAGCTGACGTTACGGTCAGATGGTTTATGTAACATATCTCACAATAGAAAGTTTCGACATACTGACTAGTGTGCCAGTATCTATGGTT
11,9,2,ATACAATAAAAGACAGGGACGCATTTACTGGTTTAAATATAATCATCCTGCTTTTCATCACGAAAACAGTATATAATCCTTCCTTTCCCCGGCAGCTGACGTTACGGTCAGATGGTTTATGTAACATATCTCACAATAGAAAGTTTCGACATACTGACTAGTTGCCATACCCAGTGGAAG
1,1,0,ATACAATAAAAGACAGGGACGCATTTACTGGTTTAAATATAATCATCCTGCTTTTCATCACGAAAACAGTATATAATCCTTCCTTTCCCCGGCAGCTGACGTTACGGTCAGATGGTTTATGTAACATATCTCACAATAGAAAGTTTCGACATACTGACTATTAAAGGTTACGTGATCCAA
9,3,6,ATACAATAAAAGACAGGGACGCATTTACTGGTTTAAATATAATCATCCTGCTTTTCATCACGAAAACAGTATATAATCCTTCCTTTCCCCGGCAGCTGACGTTACGGTCAGATGGTTTATGTAACATATCTCACAATAGAAAGTTTCGACATACTGACTATTATCGATTAACCGGGGGCT
28,1,27,ATACAATAAAAGACAGGGATGTATTTACTGGGTTAAATATAATAAACCGGCTTTTCATCACAAAAACCACAGATAACACTTCCTTTCCCCGGCTGCTTGCGTTATGGTAGGATGGTTTTTGCAACAGATCCCACAATGAATAGTTTCAACTTACTGACTATTTCGAGATGTCAGCATCAC
50,1,49,ATACAATAAAAGACAGGGATGTATTTACTGGGTTAAATATAATAAACCGGCTTTTCATCACAAAAACCGCAGATAACACTTCCTTTCCCCGGCTGCTTGCGTTATGGTAGGATGGTTTTTGCAACAGATCCCACAATGAATAGTTTCAACTTACTGACTAACAACCGTCAGAACCTCTCG
81,3,78,ATACAATAAAAGACAGGGATGTATTTACTGGGTTAAATATAATAAACCGGCTTTTCATCACAAAAACCGCAGATAACACTTCCTTTCCCCGGCTGCTTGCGTTATGGTAGGATGGTTTTTGCAACAGATCCCACAATGAATAGTTTCAACTTACTGACTAACATTGTGCCGAGTAGACCG
119,3,116,ATACAATAAAAGACAGGGATGTATTTACTGGGTTAAATATAATAAACCGGCTTTTCATCACAAAAACCGCAGATAACACTTCCTTTCCCCGGCTGCTTGCGTTATGGTAGGATGGTTTTTGCAACAGATCCCACAATGAATAGTTTCAACTTACTGACTAAGAAAGCGACTTAGTCTCAA
9,0,9,ATACAATAAAAGACAGGGATGTATTTACTGGGTTAAATATAATAAACCGGCTTTTCATCACAAAAACCGCAGATAACACTTCCTTTCCCCGGCTGCTTGCGTTATGGTAGGATGGTTTTTGCAACAGATCCCACAATGAATAGTTTCAACTTACTGACTAGTATGCTTGGCGGCTCCTGG
43,3,40,ATACAATAAAAGAGAGGAACGTATTTACTTGGTTAATTATAATCAACCTGCTCTTCATCACAAAAATGGCAGATAATCCTTCCTTTCCCCGACAGCTGGTGTTATGGTCAGATGGTTTTGGCAACAATTCTCACAATAACAAGTTTCAACTTACTGCCTAATCGGAGACGGAACAAGATA
17,5,12,ATACAATAAAAGAGAGGAACGTATTTACTTGGTTAATTATAATCAACCTGCTCTTCATCACAAAAATGGCAGATAATCCTTCCTTTCCCCGACAGCTGGTGTTATGGTCAGATGGTTTTGGCAACAATTCTCACAATAACAAGTTTCAACTTACTGCCTACCGTAAGCCCGTCTCTCCGC
44,5,39,ATACAATAAAAGAGAGGAACGTATTTACTTGGTTAATTATAATCAACCTGCTCTTCATCACAAAAATGGCAGATAATCCTTCCTTTCCCCGACAGCTGGTGTTATGGTCAGATGGTTTTGGCAACAATTCTCACAATAACAAGTTTCAACTTACTGCCTAGCTAGTCGGCCTGAACAGAC
4,0,4,ATACAATAAAAGAGAGGAACGTATTTACTTGGTTAATTATAATCAACCTGCTCTTCATCACAAAAATGGCAGATAATCCTTCCTTTCCCCGACAGCTGGTGTTATGGTCAGATGGTTTTGGCAACAATTCTCACAATAACAAGTTTCAACTTACTGCCTAGTGAGGATGTTGCGTACCCG
60,1,59,ATACAATAAAAGAGAGGAACGTATTTACTTGGTTAATTATAATCAACCTGCTCTTCATCACAAAAATGGCAGATAATCCTTCCTTTCCCCGACAGCTGGTGTTATGGTCAGATGGTTTTGGCAACAATTCTCACAATAACAAGTTTCAACTTACTGCCTAGTTGAATGACTTTCCACTAT
5,0,5,ATACAATAAAAGAGAGGAACGTATTTACTTGGTTAATTATAATCAACCTGCTCTTCATCACAAAAATGGCAGATAATCCTTCCTTTCCCCGACAGCTGGTGTTATGGTCAGATGGTTTTGGCAACAATTCTCACAATAACAAGTTTCAACTTACTGCCTATCTCAATGACAAGGGCATGA
16,13,3,ATACAATAAAAGATAGGAACGTATTTACAGCGTTAAATATAATCATCCTGCTTTTCATCACAAAAAGAGCAGATACTCCTTCCTTGCCTCGGCAGCTGGCGTGGTGGTTAAATGGTTGTTGCAAGAAATCTCACAAAAAAAAGTTTCATCATACTGACGAATACCGGGGTATGCTATGTC
1,1,0,ATACAATAAAAGATAGGAACGTATTTACAGCGTTAAATATAATCATCCTGCTTTTCATCACAAAAAGAGCAGATACTCCTTCCTTGCCTCGGCAGCTGGCGTGGTGGTTAAATGGTTGTTGCAAGAAATCTCACAAAAAAAAGTTTCATCATACTGACGAGTCTCTCAGGTAGTGATGGG
1,1,0,ATACAATAAAAGATAGGAACGTATTTACAGCGTTAAATATAATCATCCTGCTTTTCATCACAAAAAGAGCAGATACTCCTTCCTTGCCTCGGCAGCTGGCGTGGTGGTTAAATGGTTGTTGCAAGAAATCTCACAAAAAAAAGTTTCATCATACTGACGATCCGTATCATGAGACCACAC
16,10,6,ATACAATAAAAGATAGGAACGTATTTACAGCGTTAAATATAATCATCCTGCTTTTCATCACAAAAAGAGCAGATACTCCTTCCTTGCCTCGGCAGCTGGCGTGGTGGTTAAATGGTTGTTGCAAGAAATCTCACAAAAAAAAGTTTCATCATACTGACGATCTGACTTTCTTATACGGTC
1,0,1,ATACAATAAAAGATAGGAACGTATTTACAGCGTTAAATATAATCATCCTGCTTTTCATCACAAAAAGAGCAGATACTCCTTCCTTGCCTCGGCAGCTGGCGTGGTGGTTAAATGGTTGTTGCAAGAAATCTCACAAAAAAAAGTTTCATCATACTGACGATTGCTGAAGGATCGGAACAC
8,5,3,ATACAATAAAAGTCAGGCACGTTTTTACCGGGTTGAATATACTTAACCTGCTTTTGATCACAAAAACCACGGGTTATCCTTCCTGTGCCCGGCAGGTGGCGGTATGGTCAGATGGTTTTTGCCACAAATCTCAGAATAAAACGTATCCACATTCTGACTACGTACGAGCTAAAGACGTGT
15,3,12,ATACAATAAAAGTCAGGCACGTTTTTACCGGGTTGAATATACTTAACCTGCTTTTGATCACAAAAACCACGGGTTATCCTTCCTGTGCCCGGCAGGTGGCGGTATGGTCAGATGGTTTTTGCCACAAATCTCAGAATAAAACGTATCCACATTCTGACTAGAAACGCGTGGCTCACTTCC
3,1,2,ATACAATAAAAGTCAGGCACGTTTTTACCGGGTTGAATATACTTAACCTGCTTTTGATCACAAAAACCACGGGTTATCCTTCCTGTGCCCGGCAGGTGGCGGTATGGTCAGATGGTTTTTGCCACAAATCTCAGAATAAAACGTATCCACATTCTGACTAGATCGATTACTCATTGTTAT
4,1,3,ATACAATAAAAGTCAGGCACGTTTTTACCGGGTTGAATATACTTAACCTGCTTTTGATCACAAAAACCACGGGTTATCCTTCCTGTGCCCGGCAGGTGGCGGTATGGTCAGATGGTTTTTGCCACAAATCTCAGAATAAAACGTATCCACATTCTGACTAGGATTAGTTCGGTAGATCTT
3,3,0,ATACAATAAAAGTCAGGCACGTTTTTACCGGGTTGAATATACTTAACCTGCTTTTGATCACAAAAACCACGGGTTATCCTTCCTGTGCCCGGCAGGTGGCGGTATGGTCAGATGGTTTTTGCCACAAATCTCAGAATAAAACGTATCCACATTCTGACTATAACAGCGGGAGATTACCAG
14,10,4,ATACAATAAAAGTCAGGCACGTTTTTACCGGGTTGAATATACTTAACCTGCTTTTGATCACAAAAACCACGGGTTATCCTTCCTGTGCCCGGCAGGTGGCGGTATGGTCATATGGTTTTTGCCACAAATCTCAGAATAAAACGTATCCACATTCTGACTAAAGTTCGTGCTTATTCCCCT
24,14,10,ATACAATAAAATACAGGAACGTATTTACTGGGTTAAATGTAAACATCCTGCATTTCTTCACACAAACCGCAGATGACCCTTCATTTCCCCGGCACTTGGCGTTCTGGTACGATGGTTTTTGCAACAAATCTCACGATAAAAATTCTCTACATACTGACTACCCTGGATGACAGTGTTGGT
8,1,7,ATACAATAAAGGACAGCAACGTATGGACTGCGTTAAATATAGTCATTCTGCTTTTCATCACAAAAACCGCATATAATCCTTCCTTTCCCCGGCAGCTGGCGTTATGGTCAGATGGTTTTTGCAACAAGTCTGGTAGTAAAAAGATTCAACATACTAACTAAATAGTGGCTGCATGATATG
135,26,109,ATACAATAAAGGACAGCAACGTATGGACTGCGTTAAATATAGTCATTCTGCTTTTCATCACAAAAACCGCATATAATCCTTCCTTTCCCCGGCAGCTGGCGTTATGGTCAGATGGTTTTTGCAACAAGTCTGGTAGTAAAAAGATTCAACATACTAACTAATAGTGTCGATAGGCTATGC
30,2,28,ATACAATAAAGGACAGCAACGTATGGACTGCGTTAAATATAGTCATTCTGCTTTTCATCACAAAAACCGCATATAATCCTTCCTTTCCCCGGCAGCTGGCGTTATGGTCAGATGGTTTTTGCAACAAGTCTGGTAGTAAAAAGATTCAACATACTAACTACTAGCGAAACATATAATGTT
56,8,48,ATACAATAAAGGACAGCAACGTATGGACTGCGTTAAATATAGTCATTCTGCTTTTCATCACAAAAACCGCATATAATCCTTCCTTTCCCCGGCAGCTGGCGTTATGGTCAGATGGTTTTTGCAACAAGTCTGGTAGTAAAAAGATTCAACATACTAACTAGATTTAGTCTGTGCAAAAGG
5,2,3,ATACAATAAAGGACAGCAACGTATGGACTGCGTTAAATATAGTCATTCTGCTTTTCATCACAAAAACCGCATATAATCCTTCCTTTCCCCGGCAGCTGGCGTTATGGTCAGATGGTTTTTGCAACAAGTCTGGTAGTAAAAAGATTCAACATACTAACTAGGTAACGTTCAACTCACCAG
46,10,36,ATACAATAAAGGACAGCAACGTATGGACTGCGTTAAATATAGTCATTCTGCTTTTCATCACAAAAACCGCATATAATCCTTCCTTTCCCCGGCAGCTGGCGTTATGGTCAGATGGTTTTTGCAACAAGTCTGGTAGTAAAAAGATTCAACATACTAACTAGTCATGAACTCAAGCAGCGT
17,1,16,ATACAATAAAGGACAGCAACGTATGGACTGCGTTAAATATAGTCATTCTGCTTTTCATCACAAAAACCGCATATAATCCTTCCTTTCCCCGGCAGCTGGCGTTATGGTCAGATGGTTTTTGCAACAAGTCTGGTAGTAAAAAGATTCAACATACTAACTATAGGTATGTTACTACAACCT
4,2,2,ATACAATAAAGGACAGCAACGTATGGACTGCGTTAAATATAGTCATTCTGCTTTTCATCACAAAAACCGCATATAATCCTTCCTTTCCCCGGCAGCTGGCGTTATGGTCAGATGGTTTTTGCAACAAGTCTGGTAGTAAAAAGATTCAACATACTAACTATATCGTACAACACCTGCGGG
19,0,19,ATACAATAAAGGACAGCAACGTATGGACTGCGTTAAATATAGTCATTCTGCTTTTCATCACAAAAACCGCATATAATCCTTCCTTTCCCCGGCAGCTGGCGTTATGGTCAGATGGTTTTTGCAACAAGTCTGGTAGTAAAAAGATTCAACATACTAACTATTGATCCGAGTCAAATTACC
10,4,6,ATACAATAAAGGACAGGAACGTATTGACTGGGTTAAAGATTATCAACCTGCTTTTCATCTCAAAAACCGAAGATAATCCTTCCTTTCCCCAGTAGCTAGCGTTATGGTGATATGGGTTTTGCAACAATTCTCACAACGCAAAGTTTCAACATCCCGACTCGCGATGAAGCCTGGACCGTG
2,0,2,ATACAATAAAGGACAGGAACGTATTGACTGGGTTAAAGATTATCAACCTGCTTTTCATCTCAAAAACCGAAGATAATCCTTCCTTTCCCCAGTAGCTAGCGTTATGGTGATATGGGTTTTGCAACAATTCTCACAACGCAAAGTTTCAACATCCTGACTCCCGCGGCGACTCCGTGTCAT
6,1,5,ATACAATAAAGGACAGGAACGTATTGACTGGGTTAAAGATTATCAACCTGCTTTTCATCTCAAAAACCGAAGATAATCCTTCCTTTCCCCAGTAGCTAGCGTTATGGTGATATGGGTTTTGCAACAATTCTCACAACGCAAAGTTTCAACATCCTGACTCCGGAATGTATGCATTTTGTA
22,8,14,ATACAATAAAGGACAGGAACGTATTGACTGGGTTAAAGATTATCAACCTGCTTTTCATCTCAAAAACCGAAGATAATCCTTCCTTTCCCCAGTAGCTAGCGTTATGGTGATATGGGTTTTGCAACAATTCTCACAACGCAAAGTTTCAACATCCTGACTCGTACCCCGCAAGATTATCAG
12,3,9,ATACAATAAAGGACAGGAACGTATTGACTGGGTTAAAGATTATCAACCTGCTTTTCATCTCAAAAACCGAAGATAATCCTTCCTTTCCCCAGTAGCTAGCGTTATGGTGATATGGGTTTTGCAACAATTCTCACAACGCAAAGTTTCAACATCCTGACTCGTGCCACATTACGTGGACTT
2,2,0,ATACAATAAAGGACAGGAACGTATTGACTGGGTTAAAGATTATCAACCTGCTTTTCATCTCAAAAACCGAAGATAATCCTTCCTTTCCCCAGTAGCTAGCGTTATGGTGATATGGGTTTTGCAACAATTCTCACAACGCAAAGTTTCAACATCCTGACTCTGTTCGACGCTGTGCGGCTA
8,1,7,ATACAATAAAGGACAGGAACGTATTGACTGGGTTAAAGATTATCAACCTGCTTTTCATCTCAAAAACCGAAGATAATCCTTCCTTTCCCCAGTAGCTAGCGTTATGGTGATATGGGTTTTGCAACAATTCTCACAACGCAAAGTTTCAACATCCTGACTCTTGTGTTTCACTTTAGCGAT
1,0,1,ATACAATAACAGACAGGAACGTATTCCCCGGGTTAAATATGATCATCCTGCTCTTCATCACAAAAACCGCAGATCATCCTTCCTTTCCCCGGCAGCTAGCGTTATGGTCAGATGATTTGTGAAACAAATCGCACAATAAGTAATTTCAACATACTGACTAAAGCTAGGGAATTCTGGTCT
9,3,6,ATACAATAACAGACAGGAACGTATTCCCCGGGTTAAATATGATCATCCTGCTCTTCATCACAAAAACCGCAGATCATCCTTCCTTTCCCCGGCAGCTAGCGTTATGGTCAGATGATTTGTGAAACAAATCGCACAATAAGTAATTTCAACATACTGACTAAGGGCTGTCTCACACCCTTA
10,4,6,ATACAATAACAGACAGGAACGTATTCCCCGGGTTAAATATGATCATCCTGCTCTTCATCACAAAAACCGCAGATCATCCTTCCTTTCCCCGGCAGCTAGCGTTATGGTCAGATGATTTGTGAAACAAATCGCACAATAAGTAATTTCAACATACTGACTAAGTGCCTTGGTGTTGGCGAA
10,1,9,ATACAATAACAGACAGGAACGTATTCCCCGGGTTAAATATGATCATCCTGCTCTTCATCACAAAAACCGCAGATCATCCTTCCTTTCCCCGGCAGCTAGCGTTATGGTCAGATGATTTGTGAAACAAATCGCACAATAAGTAATTTCAACATACTGACTACCGAGAAAATGGGCAGGGTG
52,16,36,ATACAATAACAGACAGGAACGTATTCCCCGGGTTAAATATGATCATCCTGCTCTTCATCACAAAAACCGCAGATCATCCTTCCTTTCCCCGGCAGCTAGCGTTATGGTCAGATGATTTGTGAAACAAATCGCACAATAAGTAATTTCAACATACTGACTACGAGCAATGTCTCTGGATCA
1,0,1,ATACAATAACAGACAGGAACGTATTCCCCGGGTTAAATATGATCATCCTGCTCTTCATCACAAAAACCGCAGATCATCCTTCCTTTCCCCGGCAGCTAGCGTTATGGTCAGATGATTTGTGAAACAAATCGCACAATAAGTAATTTCAACATACTGACTAGGTACGCAATCTCTAATAGT
4,2,2,ATACAATAACAGACAGGAACGTATTCCCCGGGTTAAATATGATCATCCTGCTCTTCATCACAAAAACCGCAGATCATCCTTCCTTTCCCCGGCAGCTAGCGTTATGGTCAGATGATTTGTGAAACAAATCGCACAATAAGTAATTTCAACATACTGACTAGGTTTGTATCATCCTACCGT
4,1,3,ATACAATAACAGACAGGAACGTATTCCCCGGGTTAAATATGATCATCCTGCTCTTCATCACAAAAACCGCAGATCATCCTTCCTTTCCCCGGCAGCTAGCGTTATGGTCAGATGATTTGTGAAACAAATCGCACAATAAGTAATTTCAACATACTGACTAGTCTTTAGGGCACTTCCATA
15,1,14,ATACAATAACAGACAGGAACGTATTCCCCGGGTTAAATATGATCATCCTGCTCTTCATCACAAAAACCGCAGATCATCCTTCCTTTCCCCGGCAGCTAGCGTTATGGTCAGATGATTTGTGAAACAAATCGCACAATAAGTAATTTCAACATACTGACTATATTAGTCTTATCGACAATG
4,1,3,ATACAATAACAGACAGGAACGTATTCCCCGGGTTAAATATGATCATCCTGCTCTTCATCACAAAAACCGCAGATCATCCTTCCTTTCCCCGGCAGCTAGCGTTATGGTCAGATGATTTGTGAAACAAATCGCACAATAAGTAATTTCAACATACTGACTATCTTGATATCTGGCATCTTT
12,0,12,ATACAATAACAGACAGGAACGTATTCCCCGGGTTAAATATGATCATCCTGCTCTTCATCACAAAAACCGCAGATCATCCTTCCTTTCCCCGGCAGCTAGCGTTATGGTCAGATGATTTGTGAAACAAATCGCACAATAAGTAATTTCAACATACTGACTATGTTCGCCTGTAGTCATATA
1,0,1,ATACAATAAGAGACAGGAACGTTTTTTCTGGGTAAAATATAATCAACCTGCTTTTCATCACAAGCACCGCACAGAATTCTTCCATTCCCCGGCATCTGACGTTATGGTCGGATGGTTTTTGCAACAAATCTCACAATAAAAAGTGTCAACATACTGACGAACGAATCCATGTAAGGATTT
13,9,4,ATACAATAAGAGACAGGAACGTTTTTTCTGGGTAAAATATAATCAACCTGCTTTTCATCACAAGCACCGCACAGAATTCTTCCATTCCCCGGCATCTGACGTTATGGTCGGATGGTTTTTGCAACAAATCTCACAATAAAAAGTGTCAACATACTGACGAGACTTAAGGACCGGAAGGAA
3,3,0,ATACAATAAGAGACAGGAACGTTTTTTCTGGGTAAAATATAATCAACCTGCTTTTCATCACAAGCACCGCACAGAATTCTTCCATTCCCCGGCATCTGACGTTATGGTCGGATGGTTTTTGCAACAAATCTCACAATAAAAAGTGTCAACATACTGACGAGGTTCACCATACCGGAGAAT
4,3,1,ATACAATAAGAGACAGGAACGTTTTTTCTGGGTAAAATATAATCAACCTGCTTTTCATCACAAGCACCGCACAGAATTCTTCCATTCCCCGGCATCTGACGTTATGGTCGGATGGTTTTTGCAACAAATCTCACAATAAAAAGTGTCAACATACTGACGATCGGTGTATTTTACTTATCT
6,4,2,ATACAATAAGAGACAGGAACGTTTTTTCTGGGTAAAATATAATCAACCTGCTTTTCATCACAAGCACCGCACAGAATTCTTCCATTCCCCGGCATCTGACGTTATGGTCGGATGGTTTTTGCAACAAATCTCACAATAAAAAGTGTCAACATACTGACGATTTTTACACAAGGCTTACAC
3,3,0,ATACAATAATAGACAGGAACGTATTTACTGGGTTGAATATAATCATCCTGCTTTCCATCACAAAAACCGCAGATAATCCTACCTTTCCCCGCCGGGTCGCGTTATCGTCAGATGGTTTTTGAAACAAATTTCACAATAAAGACTTTCAACATGTCGACTAGCGGCTGTCCTTTCGAATTA
6,5,1,ATACAATAGAAGACTGGAACGTATTTACTGGGTTAAATAGAGTCATCCTGCTTTTCATCACAAAAACCGCCGATAATCGTTCCTTACCACGTCAGCTGGCGTTATGGTCAGATGATTTTGCCAACAAATCCCAAAAAAAAAAGTTTTAACATACTGACTACCGGAGGTTGGGTACCTTAC
4,3,1,ATACAATAGAAGACTGGAACGTATTTACTGGGTTAAATAGAGTCATCCTGCTTTTCATCACAAAAACCGCCGATAATCGTTCCTTACCACGTCAGCTGGCGTTATGGTCAGATGATTTTGCCAACAAATCCCAAAAAAAAAAGTTTTAACATACTGACTATAGAGTCAGCAACGAAAGAT
6,6,0,ATACAATTGAAGACAGAAACGCATTTACTGTGTTAATTCTAATCATCCTGCTGTTCATCACAAATACCGCAGCTAATCTATCCTTTCCCCGGCAGCTGGCGGTATGTGCAGATGGTTTTTTCAGTAAATCTCACAATAAAAAGTTTCAACATAGTGACTAAAGCCTTATCAGAATGCATC
8,8,0,ATACAATTGAAGACAGGAACGCATTTACTGTGTTAATTCTAATCATCCTGCTGTTCATCACAAATACCGCAGCTAATCTATCCTTTCCCCGGCAGCTGGCGGTATGTGCAGATGGTTTTTTCAGTAAATCTCACAATAAAAAGTTTCAACATAGTGACTAATTTGTTTAACACTGTTGAC
3,3,0,ATACAATTGAAGACAGGAACGCATTTACTGTGTTAATTCTAATCATCCTGCTGTTCATCACAAATACCGCAGCTAATCTATCCTTTCCCCGGCAGCTGGCGGTATGTGCAGATGGTTTTTTCAGTAAATCTCACAATAAAAAGTTTCAACATAGTGACTACTGATCTCGTTAACCTGAGG
11,11,0,ATACAATTGAAGACAGGAACGCATTTACTGTGTTAATTCTAATCATCCTGCTGTTCATCACAAATACCGCAGCTAATCTATCCTTTCCCCGGCAGCTGGCGGTATGTGCAGATGGTTTTTTCAGTAAATCTCACAATAAAAAGTTTCAACATAGTGACTACTGCTTGGGTTATATGGATC
2,2,0,ATACAATTGAAGACAGGAACGCATTTACTGTGTTAATTCTAATCATCCTGCTGTTCATCACAAATACCGCAGCTAATCTATCCTTTCCCCGGCAGCTGGCGGTATGTGCAGATGGTTTTTTCAGTAAATCTCACAATAAAAAGTTTCAACATAGTGACTATGTGTAATAAACATGGCGTT
3,2,1,ATACACAAAAAGACAGAAGCGTATTTTCTGGGTTAAATAGAATTATCCTGCAATTCATCACAAAAACCGCCGATAATCCTTCGATTCCCCGGCGGCTTGCGTTATTGTCAGATGTTTTTTATAACAAATCTCGCAATAAAAAGGTGCAACATAGTGACTAAAGCGATGCTGTAGTCGGTC
14,5,9,ATACACAAAAAGACAGAAGCGTATTTTCTGGGTTAAATAGAATTATCCTGCAATTCATCACAAAAACCGCCGATAATCCTTCGATTCCCCGGCGGCTTGCGTTATTGTCAGATGTTTTTTATAACAAATCTCGCAATAAAAAGGTGCAACATAGTGACTAACATATAATCATAGGGGCGG
2,0,2,ATACACAAAAAGACAGAAGCGTATTTTCTGGGTTAAATAGAATTATCCTGCAATTCATCACAAAAACCGCCGATAATCCTTCGATTCCCCGGCGGCTTGCGTTATTGTCAGATGTTTTTTATAACAAATCTCGCAATAAAAAGGTGCAACATAGTGACTATCATCTCACTACGCCTCTAT
1,1,0,ATACACAAAAAGACAGGAAAGTATTTACTGGGTTAAAAATAATCATCCCGCTTTTCATCACAAAAAGCGTAGATAATCCTTCCTTTCCCCGGCACGTGGCGTTATCGTGAGATGGTTTTTGGAACAAAGCTCAAAAAAAAAAGTTTCAACATACTGTCTAAGCCTACTGCGGTTTTAAAT
8,2,6,ATACACAAAAAGACAGGAAAGTATTTACTGGGTTAAAAATAATCATCCCGCTTTTCATCACAAAAAGCGTAGATAATCCTTCCTTTCCCCGGCACGTGGCGTTATCGTGAGATGGTTTTTGGAACAAAGCTCAAAAAAAAAAGTTTCAACATACTGTCTACAAGATATCGGGAGATCAAT
12,2,10,ATACACAAAAAGACAGGAAAGTATTTACTGGGTTAAAAATAATCATCCCGCTTTTCATCACAAAAAGCGTAGATAATCCTTCCTTTCCCCGGCACGTGGCGTTATCGTGAGATGGTTTTTGGAACAAAGCTCAAAAAAAAAAGTTTCAACATACTGTCTAGACAGGTCCGCTCGCGGTTG
7,3,4,ATACACAAAAAGACAGGAAAGTATTTACTGGGTTAAAAATAATCATCCCGCTTTTCATCACAAAAAGCGTAGATAATCCTTCCTTTCCCCGGCACGTGGCGTTATCGTGAGATGGTTTTTGGAACAAAGCTCAAAAAAAAAAGTTTCAACATACTGTCTAGTTACTTGAGTAACCGGACT
9,8,1,ATACACAAAAAGACAGGAACGGATTGACTGGGTTGACTATAATCATCCTGCTTTTCATCATAAAACCCGCAGATAATCCTTCCTGTCCCCGGCAGCTGATGTTATGGGCAGATGGTTTTTGCGACAAATCTCACAGCAAAAAGTTTCGACATACGGACTAGAGCCTATATCTGTTATGTA
2,2,0,ATACACAAAAAGACAGGAACGGATTGACTGGGTTGACTATAATCATCCTGCTTTTCATCATAAAACCCGCAGATAATCCTTCCTGTCCCCGGCAGCTGGTGTTATGGGCAGATAGTTTTTGCGACAAATCTCACAGCAAAAAGTTTCGACATACGGACTATTACCTTTGAGCGCCCATAA
10,9,1,ATACACAAAAAGACAGGAACGGATTGACTGGGTTGACTATAATCATCCTGCTTTTCATCATAAAACCCGCAGATAATCCTTCCTGTCCCCGGCAGCTGGTGTTATGGGCAGATGGTTTTTGCGACAAATCTCACAGCAAAAAGTTTCGACATACGGACTAACGCCTAAAGGATAGTGGTG
8,6,2,ATACACAAAAAGACAGGAACGGATTGACTGGGTTGACTATAATCATCCTGCTTTTCATCATAAAACCCGCAGATAATCCTTCCTGTCCCCGGCAGCTGGTGTTATGGGCAGATGGTTTTTGCGACAAATCTCACAGCAAAAAGTTTCGACATACGGACTAGCAGGGACCCGCGCGTAAGG
8,6,2,ATACACAAAAAGACAGGAACGTAGTTACTAGCTCAAATATAATGATGCTGCTTTCCGTCACAAAAACCGCAGATAATCCTTCCTTCCCCCGTCAGCCGGCGTTATGGTCAGATGGTTTGTGCTACAAATCTCACAAGAAATCGATTCAACTTTCTGACTTAATCGGATGCTTTAGCCAAG
13,6,7,ATACACAAAAAGACAGGAACGTAGTTACTAGCTCAAATATAATGATGCTGCTTTCCGTCACAAAAACCGCAGATAATCCTTCCTTCCCCCGTCAGCCGGCGTTATGGTCAGATGGTTTGTGCTACAAATCTCACAAGAAATCGATTCAACTTTCTGACTTACCTCCCTATCATTACTGAT
3,1,2,ATACACAAAAAGACAGGAACGTAGTTACTAGCTCAAATATAATGATGCTGCTTTCCGTCACAAAAACCGCAGATAATCCTTCCTTCCCCCGTCAGCCGGCGTTATGGTCAGATGGTTTGTGCTACAAATCTCACAAGAAATCGATTCAACTTTCTGACTTAGCTGATCGACATTTCGGCC
4,1,3,ATACACAAAAAGACAGGAACGTAGTTACTAGCTCAAATATAATGATGCTGCTTTCCGTCACAAAAACCGCAGATAATCCTTCCTTCCCCCGTCAGCCGGCGTTATGGTCAGATGGTTTGTGCTACAAATCTCACAAGAAATCGATTCAACTTTCTGACTTATCGCAAGCGCATAGCCCCC
13,4,9,ATACACAAAAAGACAGGAACGTAGTTACTAGCTCAAATATAATGATGCTGCTTTCCGTCACAAAAACCGCAGATAATCCTTCCTTCCCCCGTCAGCCGGCGTTATGGTCAGATGGTTTGTGCTACAAATCTCACAAGAAATCGATTCAACTTTCTGACTTCATTGTCCTGAGTACCCCCT
22,7,15,ATACACAAAAAGACAGGAACGTAGTTACTAGCTCAAATATAATGATGCTGCTTTCCGTCACAAAAACCGCAGATAATCCTTCCTTCCCCCGTCAGCCGGCGTTATGGTCAGATGGTTTGTGCTACAAATCTCACAAGAAATCGATTCAACTTTCTGACTTTGGATCGCAGTTTAACCTTT
14,8,6,ATACACAAAAAGACAGGAACGTAGTTACTAGCTCAAATATAATGATGCTGCTTTCCGTCACAAAAACCGCAGATAATCCTTCCTTCCCCCGTCAGCCGGCGTTATGGTCAGATGGTTTGTGCTACAAATCTCACAAGAAATCGATTCAACTTTCTGACTTTTCGACTCACGGTGCCACCG
3,1,2,ATACACAAAAAGACAGGAACGTATGTCGTGGGTTTAATATAATCGTTCTGCTTTTGCTCACAAAAATCGCAGACAATGCTACTTTTCCCCGGCAGCTGGCGTTATGGTCAGATGCTTTTTGCAACAAGTCCCACAATCAATAGTTTCAACATACTGACTAAGGATTGCGCTGCCCTTCAG
4,4,0,ATACACAAAAAGACAGGAACGTATGTCGTGGGTTTAATATAATCGTTCTGCTTTTGCTCACAAAAATCGCAGACAATGCTACTTTTCCCCGGCAGCTGGCGTTATGGTCAGATGCTTTTTGCAACAAGTCCCACAATCAATAGTTTCAACATACTGACTACTTCACTTCATAATGCAGGA
12,7,5,ATACACAAAAAGACAGGAACGTATGTCGTGGGTTTAATATAATCGTTCTGCTTTTGCTCACAAAAATCGCAGACAATGCTACTTTTCCCCGGCAGCTGGCGTTATGGTCAGATGCTTTTTGCAACAAGTCCCACAATCAATAGTTTCAACATACTGACTAGGAATCTGCCTGAGTGCGAT
26,14,12,ATACACAAAAAGACAGGAACGTATGTCGTGGGTTTAATATAATCGTTCTGCTTTTGCTCACAAAAATCGCAGACAATGCTACTTTTCCCCGGCAGCTGGCGTTATGGTCAGATGCTTTTTGCAACAAGTCCCACAATCAATAGTTTCAACATACTGACTAGTAATCCAAAAGATCGAGTG
18,14,4,ATACACAAAAAGACAGGAACGTATGTCGTGGGTTTAATATAATCGTTCTGCTTTTGCTCACAAAAATCGCAGACAATGCTACTTTTCCCCGGCAGCTGGCGTTATGGTCAGATGCTTTTTGCAACAAGTCCCACAATCAATAGTTTCAACATACTGACTATAGTTAAACGTTGGGCGTTC
1,0,1,ATACACAAAAAGACAGGAACGTATGTCGTGGGTTTAATATAATCGTTCTGCTTTTGCTCACAAAAATCGCAGACAATGCTACTTTTCCCCGGCAGCTGGCGTTATGGTCAGATGCTTTTTGCAACAAGTCCCACAATCAATAGTTTCAACATACTGACTATTCCTTGCAATTTCTGCGAC
3,3,0,ATACACAAAAAGACAGGAACGTATGTCGTGGGTTTAATATAATCGTTCTGCTTTTGTTCACAAAAATCGCAGACAATGCTACTTTTCCCCGGCAGCTGGCGTTATGGTCAGATGCTTTTTGCAACAAGTCCCACAATCAATAGTTTCAACATACTGACTAGCTCCTCATGGATTCCTTTC
11,11,0,ATACACAAAAAGACAGGATCGTATTTACTGGGTTAAATATAATCATCCTGCTGTTCAGCACAAAAACTCCAGATAATCCTTCCTTTCCCCGGCAGCTGGCGTTAAGGTCAGATGCTTTTTGCGACAAATCTCACAATAAAAAGTTTCAACATACTGACTAGAAAGAACGTTTTGTGTGAG
5,5,0,ATACACAAAAAGACAGGCACGTATTTACTGGGTTAAATATAATCATCCTGCTTTTCATCACAATAACCGCAGATAATGCTTCCTTTCCCCGGAAGCTGGCGTTATGGGCAGACGCTTTTTCCAATTAACCTCACAATAAAGAGTTTAAACAGACTGACTACTGCCGCAGCGCAATAATTA
6,6,0,ATACACAAAAAGACAGGCACGTATTTACTGGGTTAAATATAATCATCCTGCTTTTCATCACAATAACCGCAGATAATGCTTCCTTTCCCCGGAAGCTGGCGTTATGGGCAGACGCTTTTTCCAATTAACCTCACAATAAATGGTTTCAACCTACTGACTAAATGTCTGTGTTGAGTGAAG
3,3,0,ATACACAAAAAGACAGGCACGTATTTACTGGGTTAAATATAATCATCCTGCTTTTCATCACAATAACCGCAGATAATGCTTCCTTTCCCCGGAAGCTGGCGTTATGGGCAGACGCTTTTTCCAATTAACCTCACAATAAATGGTTTCAACCTACTGACTAGAGAAACCCGAGTTCCATTG
2,2,0,ATACACAAAAAGACAGGCACGTATTTACTGGGTTAAATATAATCATCCTGCTTTTCATCACAATAACCGCAGATAATGCTTCCTTTCCCCGGAAGCTGGCGTTATGGGCAGACGCTTTTTCCAATTAACCTCACAATAAATGGTTTCAACCTACTGACTAGCATGGTCAGTGAGCTCAAT
5,5,0,ATACACAAAAAGACAGGCACGTATTTACTGGGTTAAATATAATCATCCTGCTTTTCATCACAATAACCGCAGATAATGCTTCCTTTCCCCGGAAGCTGGCGTTATGGGCAGACGCTTTTTCCAATTAACCTCACAATAAATGGTTTCAACCTACTGACTAGCGCATTACTTTCGTTCATG
3,3,0,ATACACAAAAAGACAGGCACGTATTTACTGGGTTAAATATAATCATCCTGCTTTTCATCACAATAACCGCAGATAATGCTTCCTTTCCCCGGAAGCTGGCGTTATGGGCAGACGCTTTTTCCAATTAACCTCACAATAAATGGTTTCAACCTACTGACTATGCATCCAGAGTCCCACCGA
5,5,0,ATACACAAAAAGACAGGCACGTATTTACTGGGTTAAATATAATCATCCTGCTTTTCATCACAATAACCGCAGATAATGCTTCCTTTCCCCGGAAGCTGGCGTTATGGGCAGACGCTTTTTCCAATTAACCTCACAATAAATGGTTTCAACCTACTGACTATTTGCGATTACCGTTACATA
9,9,0,ATACACAAAAAGACAGGTTCCTATTTGCTGGGTTAAACATACTCATCCTGCTTTTCATCATCAAAACCGTAGCTAATCCTTCCTTTCCCCGGCAGCTGGCGTTTTGGACAGATGGTTTTTGCAAAAAATCCTTCAATAAATAACTTCAACATTCTGACAACATTCAGGTTTAAGGGCAAT
1,1,0,ATACACAAAAAGACAGGTTCCTATTTGCTGGGTTAAACATACTCATCCTGCTTTTCATCATCAAAACCGTAGCTAATCCTTCCTTTCCCCGGCAGCTGGCGTTTTGGACAGATGGTTTTTGCAAAAAATCCTTCAATAAATAACTTCAACATTCTGACAACGGACTACAGTTGTCTCTGG
5,5,0,ATACACAAAAAGACAGGTTCCTATTTGCTGGGTTAAACATACTCATCCTGCTTTTCATCATCAAAACCGTAGCTAATCCTTCCTTTCCCCGGCAGCTGGCGTTTTGGACAGATGGTTTTTGCAAAAAATCCTTCAATAAATAACTTCAACATTCTGACAATCCGACCTACAAAGACATTA
2,2,0,ATACACAAAAAGACAGGTTCCTATTTGCTGGGTTAAACATACTCATCCTGCTTTTCATCATCAAAACCGTAGCTAATCCTTCCTTTCCCCGGCAGCTGGCGTTTTGGACAGATGGTTTTTGCAAAAAATCCTTCAATAAATAACTTCAACATTCTGACAATGAAGTAAATATAGTCGGGC
1,1,0,ATACACAAAAAGACAGGTTCCTATTTGCTGGGTTAAACATACTCATCCTGCTTTTCATCATCAAAACCGTAGCTAATCCTTCCTTTCCCCGGCAGCTGGCGTTTTGGACAGATGGTTTTTGCAAAAAATCCTTCAATAAATAACTTCAACATTCTGACAATTATATCCTCATCGACTAAG
9,8,1,ATACACAAAAAGACAGGTTCCTATTTGCTGGGTTAAACATACTCATCCTGCTTTTCATCATCAAAACCGTAGCTAATCCTTCCTTTCCCCGGCAGCTGGCGTTTTGGACAGATGGTTTTTGCAAAAAATCCTTCAATAAATAACTTCAACATTCTGACAATTCATATATATGCCGTGCAC
13,6,7,ATACACAAAAAGACTGGAACGTATTTACTGGGTGAAATATAATCATCCTGCGTTTCATCATAATAACCGCAGATAATCCTTCCTTTCGCCGCCAGCTAGCGTTCTGGTCAGAAGGTTCTTGCAACAAACCTCACAATAAAAAGTTTCAACATGCTGACTAAACCGCCGTTTTTTCAGCAA
5,5,0,ATACACAAAAAGACTGGAACGTATTTACTGGGTGAAATATAATCATCCTGCGTTTCATCATAATAACCGCAGATAATCCTTCCTTTCGCCGCCAGCTAGCGTTCTGGTCAGAAGGTTCTTGCAACAAACCTCACAATAAAAAGTTTCAACATGCTGACTAACCTTCGATCGACTGAACCA
13,8,5,ATACACAAAAAGACTGGAACGTATTTACTGGGTGAAATATAATCATCCTGCGTTTCATCATAATAACCGCAGATAATCCTTCCTTTCGCCGCCAGCTAGCGTTCTGGTCAGAAGGTTCTTGCAACAAACCTCACAATAAAAAGTTTCAACATGCTGACTACCATCCAAGACTTGCATGTT
2,2,0,ATACACAAAAAGACTGGAACGTATTTACTGGGTGAAATATAATCATCCTGCGTTTCATCATAATAACCGCAGATAATCCTTCCTTTCGCCGCCAGCTAGCGTTCTGGTCAGAAGGTTCTTGCAACAAACCTCACAATAAAAAGTTTCAACATGCTGACTAGATCTTATGCTGGGTTTTGT
9,9,0,ATACACAAAAAGACTGGAACGTATTTACTGGGTGAAATATAATCATCCTGCGTTTCATCATAATAACCGCAGATAATCCTTCCTTTCGCCGCCAGCTAGCGTTCTGGTCAGAAGGTTCTTGCAACAAACCTCACAATAAAAAGTTTCAACATGCTGACTAGGTCCTGCTTCAGTAACCTG
9,8,1,ATACACAAAAAGACTGGAACGTATTTACTGGGTGAAATATAATCATCCTGCGTTTCATCATAATAACCGCAGATAATCCTTCCTTTCGCCGCCAGCTAGCGTTCTGGTCAGAAGGTTCTTGCAACAAACCTCACAATAAAAAGTTTCAACATGCTGACTAGTCCGGCGCCAATTAACTAA
1,1,0,ATACACAAAAAGACTGGAACGTATTTACTGGGTGAAATATAATCATCCTGCGTTTCATCATAATAACCGCAGATAATCCTTCCTTTCGCCGCCAGCTAGCGTTCTGGTCAGAAGGTTCTTGCAACAAACCTCACAATAAAAAGTTTCAACATGCTGACTATAATCGATACGTCAGCATGC
1,1,0,ATACACAAAAAGACTGGAACGTATTTACTGGGTGAAATATAATCATCCTGCGTTTCATCATAATAACCGCAGATAATCCTTCCTTTCGCCGCCAGCTAGCGTTCTGGTCAGAAGGTTCTTGCAACAAACCTCACAATAAAAAGTTTCAACATGCTGACTATACACTTTGAGAAATCATAT
8,3,5,ATACACAAAAAGACTGGAACGTATTTACTGGGTGAAATATAATCATCCTGCGTTTCATCATAATAACCGCAGATAATCCTTCCTTTCGCCGCCAGCTAGCGTTCTGGTCAGAAGGTTCTTGCAACAAACCTCACAATAAAAAGTTTCAACATGCTGACTATCGGTAAGTCTTCTTCATGT
2,2,0,ATACACAAAAAGAGAGGAACGTATTTACTCGGGTAAATATGGTCATCCTGCTGTTCTTCCCAAAAACCGCAGATAATCCTTCCTTCGCCGGCCGCTGGTGTTATGGGTCAGATGGTTTTTGCAACAAATCTCACTATAATAAGTTTCAGCATACCGACTAAGGCGCATGCGGTTCAAGTG
4,1,3,ATACACAAAAAGAGAGGAACGTATTTACTCGGGTAAATATGGTCATCCTGCTGTTCTTCCCAAAAACCGCAGATAATCCTTCCTTTCGCCGACCGCTGGTGTTATGGTCAGATGGTTTTTGCAACAAATCTCACTATAATAAGTTTCAGCATACCGACTAAGGGGTGTGTTTAATATCAA
2,2,0,ATACACAAAAAGAGAGGAACGTATTTACTCGGGTAAATATGGTCATCCTGCTGTTCTTCCCAAAAACCGCAGATAATCCTTCCTTTCGCCGGCCGCTGGTGTTATGGTCAGATGGTTTTTGCAACAAATCTCACTATAATAAGTTTCAGCATACCCACTACAGGCTTTTCTCCATCCATC
2,2,0,ATACACAAAAAGAGAGGAACGTATTTACTCGGGTAAATATGGTCATCCTGCTGTTCTTCCCAAAAACCGCAGATAATCCTTCCTTTCGCCGGCCGCTGGTGTTATGGTCAGATGGTTTTTGCAACAAATCTCACTATAATAAGTTTCAGCATACCGACTAATCAATGACGCAACCTGGCC
7,1,6,ATACACAAAAAGAGAGGAACGTATTTACTCGGGTAAATATGGTCATCCTGCTGTTCTTCCCAAAAACCGCAGATAATCCTTCCTTTCGCCGGCCGCTGGTGTTATGGTCAGATGGTTTTTGCAACAAATCTCACTATAATAAGTTTCAGCATACCGACTACATCGGTCATTTCGGTATCG
16,2,14,ATACACAAAAAGAGAGGAACGTATTTACTCGGGTAAATATGGTCATCCTGCTGTTCTTCCCAAAAACCGCAGATAATCCTTCCTTTCGCCGGCCGCTGGTGTTATGGTCAGATGGTTTTTGCAACAAATCTCACTATAATAAGTTTCAGCATACCGACTACTTCTTAGTCAAATCGAAAA
9,2,7,ATACACAAAAAGAGAGGAACGTATTTACTCGGGTAAATATGGTCATCCTGCTGTTCTTCCCAAAAACCGCAGATAATCCTTCCTTTCGCCGGCCGCTGGTGTTATGGTCAGATGGTTTTTGCAACAAATCTCACTATAATAAGTTTCAGCATACCGACTAGATTCAACCTTTGCTATCAC
39,11,28,ATACACAAAAAGAGAGGAACGTATTTACTCGGGTAAATATGGTCATCCTGCTGTTCTTCCCAAAAACCGCAGATAATCCTTCCTTTCGCCGGCCGCTGGTGTTATGGTCAGATGGTTTTTGCAACAAATCTCACTATAATAAGTTTCAGCATACCGACTAGGGCACTTAGCTCTTTGAGG
14,1,13,ATACACAAAAAGAGAGGAACGTATTTACTCGGGTAAATATGGTCATCCTGCTGTTCTTCCCAAAAACCGCAGATAATCCTTCCTTTCGCCGGCCGCTGGTGTTATGGTCAGATGGTTTTTGCAACAAATCTCACTATAATAAGTTTCAGCATACCGACTATCTGGTACACTTTGAACAAA
5,0,5,ATACACAAAAAGAGAGGAACGTATTTACTCGGGTAAATATGGTCATCCTGCTGTTCTTCCCAAAAACCGCAGATAATCCTTCCTTTCGCCGGCCGCTGGTGTTATGGTCAGATGGTTTTTGCAACAAATCTCACTATAATAAGTTTCAGCATACCGACTATGTTAGACGGAGTCACTCTA
6,1,5,ATACACAAAAAGAGAGGAACGTATTTACTCGGGTAAATATGGTCATCCTGCTGTTCTTCCCAAAAACCGCAGATAATCCTTCCTTTCGCCGGCCGCTGGTGTTATGGTCAGATGGTTTTTGCAACAAATCTCACTATAATAAGTTTCAGCATACCGACTATTATGACTTCCTACCGAATT
4,2,2,ATACACAAAAAGTCAGGAACGTGTTTACTGGCTTAAATATAATCATCCTTCCTTTCATCACAAATAACGAAGATACTCCTTCCTTTCCCCGGCTGCTGGCGTTATGGTCAGATGGTTTATGCAACATATCTGACAATTCAAAGTTTCAACACATTAACTAATTATAGCAGCGGCCGTGCC
11,5,6,ATACACAAAAAGTCAGGAACGTGTTTACTGGCTTAAATATAATCATCCTTCCTTTCATCACAAATAACGAAGATACTCCTTCCTTTCCCCGGCTGCTGGCGTTATGGTCAGATGGTTTATGCAACATATCTGACAATTCAAAGTTTCAACACATTAACTACGAATAGATCGCAAATCGGT
9,5,4,ATACACAAAAAGTCAGGAACGTGTTTACTGGCTTAAATATAATCATCCTTCCTTTCATCACAAATAACGAAGATACTCCTTCCTTTCCCCGGCTGCTGGCGTTATGGTCAGATGGTTTATGCAACATATCTGACAATTCAAAGTTTCAACACATTAACTACTTTAGAGTGGAGGCACCTC
5,5,0,ATACACAAAAAGTCAGGAACGTGTTTACTGGCTTAAATATAATCATCCTTCCTTTCATCACAAATAACGAAGATACTCCTTCCTTTCCCCGGCTGCTGGCGTTATGGTCAGATGGTTTATGCAACATATCTGACAATTCAAAGTTTCAACACATTAACTATCCGTAAAGCTAGCAACCTG
1,1,0,ATACACAAAAATACAGGAACGTATTTATTTGAATAATTATAACCATCCGGATTTGCATATCAAAAACCGCAGACAATGCTTCCTTTCGCCGGTAGCTAGCGTTATGGTCAGATGGTTTTTGCAACAAATAACACAATAAAAAGTTTTAACATACTGACTAGTTACGAGTTGAAAACCGCC
4,3,1,ATACACAAAAATACAGGAACGTATTTATTTGGATAATTATAACCATCCGGATTTGCATATCAAAAACCGCAGACAATGCTTCCTTTCGCCGGTAGCTAGCGTTATGGTCAGATGGTTTTTGCAACAAATAACACAATAAAAAGTTTTAACATACTGACTAGACACGGCTAGCGGTAAAAG
24,0,24,ATACACAAAACGACAGGAACGTATTTACTGTGTTAAATATAATCATCCTGCTTTGCGTCACAACGCCCGAAGATAATCCTTCCATTCCCCGACAGATGGGGTTATTGTCTAACGGTTTTTGCAACAAAACTCACAATAAAAAGTTTCACCATACTGACTACTGAGTAAGACGATACTTCT
16,0,16,ATACACAAAACGACAGGAACGTATTTACTGTGTTAAATATAATCATCCTGCTTTGCGTCACAACGCCCGAAGATAATCCTTCCATTCCCCGACAGGTGGGGTTATTGTCTAACGGTTTTTGCAACAAAACTCACAATAAAAAGTTTCACCATACTGACTAAGGTTGAAACTTTGTAATCA
8,2,6,ATACACAAAACGACAGGAACGTATTTACTGTGTTAAATATAATCATCCTGCTTTGCGTCACAACGCCCGAAGATAATCCTTCCATTCCCCGACAGGTGGGGTTATTGTCTAACGGTTTTTGCAACAAAACTCACAATAAAAAGTTTCACCATACTGACTAGGGTTTCGGCACCATAGGAT
1,1,0,ATACACAAAACGACAGGAACGTATTTACTGTGTTAAATATAATCATCCTGCTTTGCGTCACAACGCCCGAAGATAATCCTTCCATTCCCCGACAGGTGTGGTTATTGTCTAACGGTTTTTGCAACAAAACTCACAATAAAAAGTTTCACCATACTGACTATTTAATCGTACTTCTCTGGT
18,6,12,ATACACAAAGAGACCGGAACGTATTTACTGTGTTAGATATAATCATCCTGCTTTTCATCACTAAAACCGCATATAATCCTTCCTTTCCTAGGCGGCTGGCGTTATGGTACGATGATTTTTGCAACAATTCTCACACTAAAAAGTTTCCACATACTGACTAAATGAAATCGCATAGTATGA
2,0,2,ATACACAAAGAGACCGGAACGTATTTACTGTGTTAGATATAATCATCCTGCTTTTCATCACTAAAACCGCATATAATCCTTCCTTTCCTAGGCGGCTGGCGTTATGGTACGATGATTTTTGCAACAATTCTCACACTAAAAAGTTTCCACATACTGACTACCCTCACGTAGGTTGGTCAG
12,5,7,ATACACAAAGAGACCGGAACGTATTTACTGTGTTAGATATAATCATCCTGCTTTTCATCACTAAAACCGCATATAATCCTTCCTTTCCTAGGCGGCTGGCGTTATGGTACGATGATTTTTGCAACAATTCTCACACTAAAAAGTTTCCACATACTGACTAGAAGGTTCTCTCAGGACAAG
7,3,4,ATACACAAAGAGACCGGAACGTATTTACTGTGTTAGATATAATCATCCTGCTTTTCATCACTAAAACCGCATATAATCCTTCCTTTCCTAGGCGGCTGGCGTTATGGTACGATGATTTTTGCAACAATTCTCACACTAAAAAGTTTCCACATACTGACTAGCTCCGTACTTTTCTAAGAG
2,2,0,ATACACAAAGAGACCGGAACGTATTTACTGTGTTAGATATAATCATCCTGCTTTTCATCACTAAAACCGCATATAATCCTTCCTTTCCTAGGCGGCTGGCGTTATGGTACGATGATTTTTGCAACAATTCTCACACTAAAAAGTTTCCACATACTGACTAGTCTCACCCCATTAAGGGTT
6,2,4,ATACACAAAGAGACCGGAACGTATTTACTGTGTTAGATATAATCATCCTGCTTTTCATCACTAAAACCGCATATAATCCTTCCTTTCCTAGGCGGCTGGCGTTATGGTACGATGATTTTTGCAACAATTCTCACACTAAAAAGTTTCCACATACTGACTAGTGTCCTTTCGATCTGCAGG
17,10,7,ATACACAAAGAGACCGGAACGTATTTACTGTGTTAGATATAATCATCCTGCTTTTCATCACTAAAACCGCATATAATCCTTCCTTTCCTAGGCGGCTGGCGTTATGGTACGATGATTTTTGCAACAATTCTCACACTAAAAAGTTTCCACATACTGACTAGTTGTAATGGTACTCGCAAT
8,2,6,ATACACAAAGAGACCGGAACGTATTTACTGTGTTAGATATAATCATCCTGCTTTTCATCACTAAAACCGCATATAATCCTTCCTTTCCTAGGCGGCTGGCGTTATGGTACGATGATTTTTGCAACAATTCTCACACTAAAAAGTTTCCACATACTGACTATACGAATTGTGGACGCTGGG
16,5,11,ATACACAAAGAGACCGGAACGTATTTACTGTGTTAGATATAATCATCCTGCTTTTCATCACTAAAACCGCATATAATCCTTCCTTTCCTAGGCGGCTGGCGTTATGGTACGATGATTTTTGCAACAATTCTCACACTAAAAAGTTTCCACATACTGACTATATTGGCAATATACATATAC
6,1,5,ATACACAAAGAGACCGGAACGTATTTACTGTGTTAGATATAATCATCCTGCTTTTCATCACTAAAACCGCATATAATCCTTCCTTTCCTAGGCGGCTGGCGTTATGGTACGATGATTTTTGCAACAATTCTCACACTAAAAAGTTTCCACATACTGACTATGACATCATCTAGCACCGAG
24,9,15,ATACACAAATAGACAGGAACGTATTAACAGGGTTAATTAAAATCATCCGGCTCTACATCACAAAAAACGGAGATAATCCTCCCTTTCCACGGCAGCTGGCGTTATTGTGAGATGGTTTTTGAAACAAATCTCAAAATAAAAAGTTTTAACATACTGACTAGGTCCCTTCCACAGGGGTTC
31,13,18,ATACACAAATAGACAGGAACGTATTAACAGGGTTAATTAAAATCATCCGGCTCTACATCACAAAAAACGGAGATAATCCTCCCTTTCCACGGCAGCTGGCGTTATTGTGAGATGGTTTTTGAAACAAATCTCAAAATAAAAAGTTTTAACATACTGACTAGTGTGTGCAACGTAGGGCAA
1,1,0,ATACACAAATCGACAGGAACGTACTTACTGGGTTAAATATAATCGTCCTGCTATTCATCACAAAGACCCCAGCTAATCCTTCCTTTCCCCGGCAGCTGGCGTTATGGTCCGATGGTTTTTGGAACAAATCTGAAAATAAAAAGTTTCAACATACTGACTAATGGGTTCTAGATGGGAAGA
2,2,0,ATACACAAATCGACAGGAACGTACTTACTGGGTTAAATATAATCGTCCTGCTATTCATCACAAAGACCCCAGCTAATCCTTCCTTTCCCCGGCAGCTGGCGTTATGGTCCGATGGTTTTTGGAACAAATCTGAAAATAAAAAGTTTCAACATACTGACTACGCGGAATTCGCTAGCTCGG
5,5,0,ATACACATAAAGACAGGAAAGTATTTTCTGGCTTACCTATATTCATCCTGCTTTTCATCAAAAAATACGTAGAGAATCCTTCATTTCCCCGACAGCTGGCGTTATGGTCAGATGGTTTTTGCAACAAATCTCACAATAAAAAGTTTCAGCATACTGACTAGCATATTACCTAAACACGCC
8,4,4,ATACACGAAAAGACAGGAACGTATTTACTTGGTTAAATCTAATCAACCTGCTTTTCTTCACAAAAACCGGAGATAATCCCGCCTCTCCACGCGAGCTGGCGTTATGGTCTGATGCTTTTTACAATAAATCTCACAACAAGGGGTTGCGACGTACCGACTAGATACTGAGATAACCGTTAA
18,5,13,ATACACGAAAAGACAGGAACGTATTTACTTGGTTAAATCTAATCAACCTGCTTTTCTTCACAAAAACCGGAGATAATCCCGCCTCTCCACGCGAGCTGGCGTTATGGTCTGATGCTTTTTACAATAAATCTCACAACAAGGGGTTGCGACGTACCGACTATCACTAAGAGGACATTGCAA
9,3,6,ATACACGAAAAGACAGGAACGTATTTACTTGGTTAAATCTAATCAACCTGCTTTTCTTCACAAAAACCGGAGATAATCCCGCCTCTCCACGCGAGCTGGCGTTATGGTCTGATGCTTTTTACAATAAATCTCACAACAAGGGGTTGCGACGTACCGACTATCGCAGCACTCCCTGAGTAT
6,6,0,ATACACGAAAAGACAGGAACGTATTTACTTGGTTAAATCTAATCAACCTGCTTTTCTTCACAAAAACCGGAGATAATCCCGCCTCTCCACGCGAGCTGGCGTTATGGTCTGATGCTTTTTACAATAAATCTCACAACAAGGGGTTGCGACGTACCGACTATTCTAGGACTTAAACCTCGA
6,4,2,ATACACGCAAAGACAGTAACGTATTTACTCGGTTGAATATAATCATCTTGCTTTTCATCACAATAACCTCAGATAATCCTTCCTTTCCCCGGCAACTGGCGTAGTGGTCATAAGGTTTTTGCAACAAATCTCAGAATGAAAAGTTACACCATACTGACAAAAACGTTCATTTAGATATTA
7,2,5,ATACACGCAAAGACAGTAACGTATTTACTCGGTTGAATATAATCATCTTGCTTTTCATCACAATAACCTCAGATAATCCTTCCTTTCCCCGGCAACTGGCGTAGTGGTCATAAGGTTTTTGCAACAAATCTCAGAATGAAAAGTTACACCATACTGACAAAAGTCATCGCAATGAGGGAC
5,5,0,ATACACGCAAAGACAGTAACGTATTTACTCGGTTGAATATAATCATCTTGCTTTTCATCACAATAACCTCAGATAATCCTTCCTTTCCCCGGCAACTGGCGTAGTGGTCATAAGGTTTTTGCAACAAATCTCAGAATGAAAAGTTACACCATACTGACAAAATTCAGCATATTCTACGAG
5,3,2,ATACACGCAAAGACAGTAACGTATTTACTCGGTTGAATATAATCATCTTGCTTTTCATCACAATAACCTCAGATAATCCTTCCTTTCCCCGGCAACTGGCGTAGTGGTCATAAGGTTTTTGCAACAAATCTCAGAATGAAAAGTTACACCATACTGACAAAGACACACACGTATGATAAA
12,4,8,ATACACGCAAAGACAGTAACGTATTTACTCGGTTGAATATAATCATCTTGCTTTTCATCACAATAACCTCAGATAATCCTTCCTTTCCCCGGCAACTGGCGTAGTGGTCATAAGGTTTTTGCAACAAATCTCAGAATGAAAAGTTACACCATACTGACAAAGACTAGACGAGCAGATGGT
6,6,0,ATACACGCAAAGACAGTAACGTATTTACTCGGTTGAATATAATCATCTTGCTTTTCATCACAATAACCTCAGATAATCCTTCCTTTCCCCGGCAACTGGCGTAGTGGTCATAAGGTTTTTGCAACAAATCTCAGAATGAAAAGTTACACCATACTGACAACACATCATGAATTACTTGAT
25,6,19,ATACACGCAAAGACAGTAACGTATTTACTCGGTTGAATATAATCATCTTGCTTTTCATCACAATAACCTCAGATAATCCTTCCTTTCCCCGGCAACTGGCGTAGTGGTCATAAGGTTTTTGCAACAAATCTCAGAATGAAAAGTTACACCATACTGACAACGTCTGCACATGAGTAACCT
5,4,1,ATACACGCAAAGACAGTAACGTATTTACTCGGTTGAATATAATCATCTTGCTTTTCATCACAATAACCTCAGATAATCCTTCCTTTCCCCGGCAACTGGCGTAGTGGTCATAAGGTTTTTGCAACAAATCTCAGAATGAAAAGTTACACCATACTGACAACGTTCTAGCCTCGCTCAGTG
10,3,7,ATACACGCAAAGACAGTAACGTATTTACTCGGTTGAATATAATCATCTTGCTTTTCATCACAATAACCTCAGATAATCCTTCCTTTCCCCGGCAACTGGCGTAGTGGTCATAAGGTTTTTGCAACAAATCTCAGAATGAAAAGTTACACCATACTGACAACTACTCCGTCAATTTGTTGG
8,8,0,ATACACGCAAAGACAGTAACGTATTTACTCGGTTGAATATAATCATCTTGCTTTTCATCACAATAACCTCAGATAATCCTTCCTTTCCCCGGCAACTGGCGTAGTGGTCATAAGGTTTTTGCAACAAATCTCAGAATGAAAAGTTACACCATACTGACAATAAGAAGGCATCCGCATGCA
17,2,15,ATACACGCAAAGACAGTAACGTATTTACTCGGTTGAATATAATCATCTTGCTTTTCATCACAATAACCTCAGATAATCCTTCCTTTCCCCGGCAACTGGCGTAGTGGTCATAAGGTTTTTGCAACAAATCTCAGAATGAAAAGTTACACCATACTGACAATGTTTCGGTCGATCGTGGTT
1,1,0,ATACACGCAAAGACAGTAACGTATTTACTCGGTTGAATATAATCATCTTGCTTTTCATCACAATAACCTCAGATAATCCTTCCTTTCCCCGGCAACTGGCGTAGTGGTCATAAGGTTTTTGCAACAAATCTCAGAATGAAAAGTTACACCATACTGACAATTTGATCCAGAGTCATCATT
2,2,0,ATACACTAAAAGACAGGAACGTAATGACTGGGTGAAATATAATCATCCTGCTTTTCATCACAATAACAGCAGATAATCCTTCCTTTCCCCGGCAGCTGGCGTTATGGTCAGATGGTTTTTGTAACAAATCTCACTATAAAAAGTTTCATCAAACTGACCACGGCGACATACCGACACATA
14,9,5,ATACACTAAAAGACAGGAACGTAATGACTGGGTGAAATATAATCATCCTGCTTTTCATCACAATAACAGCAGATAATCCTTCCTTTCCCCGGCAGCTGGCGTTATGGTCAGATGGTTTTTGTAACAAATCTCACTATAAAAAGTTTCATCAAACTGACCACTATTACGGCCGTCAGGCCC
8,5,3,ATACACTAAAAGACAGGAACGTAATGACTGGGTGAAATATAATCATCCTGCTTTTCATCACAATAACAGCAGATAATCCTTCCTTTCCCCGGCAGCTGGCGTTATGGTCAGATGGTTTTTGTAACAAATCTCACTATAAAAAGTTTCATCAAACTGACCAGGCGCGCTCGATCATTGGGA
22,7,15,ATACACTAAAAGACAGGAACGTAATGACTGGGTGAAATATAATCATCCTGCTTTTCATCACAATAACAGCAGATAATCCTTCCTTTCCCCGGCAGCTGGCGTTATGGTCAGATGGTTTTTGTAACAAATCTCACTATAAAAAGTTTCATCAAACTGACCATACTTACATACGATTCGTGA
6,2,4,ATACACTAAAAGACAGGAACGTAATGACTGGGTGAAATATAATCATCCTGCTTTTCATCACAATAACAGCAGATAATCCTTCCTTTCCCCGGCAGCTGGCGTTATGGTCAGATGGTTTTTGTAACAAATCTCACTATAAAAAGTTTCATCAAACTGACCATAGTTGGGTGCGAGCAGACC
13,3,10,ATACACTAAAAGACAGGAACGTAATGACTGGGTTAAATATAATCATCCTGCTTTTCATCACAATAACAGCAGATAATCCTTCCTTTCCCCGGCAGCTGGCGTTATGGTCAGATGGTTTTTGTAACAAATCTCACTATAAAAAGTTTCATCAAACTGACCACCCGTACCAGTTTAGAGGAG
2,2,0,ATACACTAAAAGATATGAACGTATTGACTGGGTTAAATCAGATCATCCTGCTGTTCATCACAACAATCGCAGATAATCCTTACTTTCCCCGGAAGTTATCGTTATCGTCAGATCATTTTTGCAACAAATCTCACAATAAAAAGTTTCAACATACTGACAAACTCCCTGGTGTAGTCCGAC
2,2,0,ATACACTAAAAGATATGAACGTATTGACTGGGTTAAATCAGATCATCCTGCTGTTCATCACAACAATCGCAGATAATCCTTACTTTCCCCGGAAGTTATCGTTATCGTCAGATCATTTTTGCAACAAATCTCACAATAAAAAGTTTCAACATACTGACAAGCGATAGTGAGGCTCGGAGG
13,7,6,ATACACTAAAAGATATGAACGTATTGACTGGGTTAAATCAGATCATCCTGCTGTTCATCACAACAATCGCAGATAATCCTTACTTTCCCCGGAAGTTATCGTTATCGTCAGATCATTTTTGCAACAAATCTCACAATAAAAAGTTTCAACATACTGACAAGGGATTTGTGCTTGTGACTT
6,4,2,ATACAGAAAAAAACAGGAACCTATTTACCGCGTTAATTATAATCATCCTTCTTTTCATCACTAAAAGCGCAGATAATCCTTCACTTCCCCGGCAGCGGGCGTGATCGTCTGATGGTTATTGCAGCAATTCTCACAATAAAAAATTTCAAAATACTGACTATAACGCCAGGTGGGGGTTTA
3,3,0,ATACAGAAAAAAACAGGAACCTATTTACCGCGTTAATTATAATCATCCTTCTTTTCATCACTAAAAGCGCAGATAATCCTTCGCTTCCCCGGCAGCGGGCGTGATCGTCTGATGGTTATTACAGCAATTCTCACAATAAAAAATTTCAAAATACTGACTAACATTTACACTTCCCAATAT
1,1,0,ATACAGAAAAAAACAGGAACCTATTTACCGCGTTAATTATAATCATCCTTCTTTTCATCACTAAAAGCGCAGATAATCCTTCGCTTCCCCGGCAGCGGGCGTGATCGTCTGATGGTTATTGCAGCAATTCTCACAATAAAAAATTTCAAAATACTGACTAACTTGAAAGCGATTCCCGCC
2,2,0,ATACAGAAAAAAACAGGAACCTATTTACCGCGTTAATTATAATCATCCTTCTTTTCATCACTAAAAGCGCAGATAATCCTTCGCTTCCCCGGCAGCGGGCGTGATCGTCTGATGGTTATTGCAGCAATTCTCACAATAAAAAATTTCAAAATACTGACTAACTTTTTCCCTGCCGCTGTG
2,1,1,ATACAGAAAAAAACAGGAACCTATTTACCGCGTTAATTATAATCATCCTTCTTTTCATCACTAAAAGCGCAGATAATCCTTCGCTTCCCCGGCAGCGGGCGTGATCGTCTGATGGTTATTGCAGCAATTCTCACAATAAAAAATTTCAAAATACTGACTATCCCAGGTGCTTTGCTTACA
5,5,0,ATACAGAAAAAAACAGGAACCTATTTACCGCGTTAATTATAATCATCCTTCTTTTCATCACTAAAAGCGCAGATAATCCTTCGCTTCCCCGGCAGCGGGCGTGATCGTCTGATGGTTATTGCAGCAATTCTCACAATAAAAAATTTCAAAATACTGACTATTCTCAAATTTCTTTGGTTG
11,0,11,ATACAGAAAAACACAGGAACGTATGTACTGGGTTAAGTAAAATCATCCTGCTTTTCTTCACGAAAATCGCAGATAATCCTTCCTTTCCCCCGCAGCTGGCGTTATTGTCAGATGGTTTTTGCAACAAATCTCACAATAAAAAGTTTCAACATACTGTCTAAAACTCTAGCTAGACATAGT
55,10,45,ATACAGAAAAACACAGGAACGTATGTACTGGGTTAAGTAAAATCATCCTGCTTTTCTTCACGAAAATCGCAGATAATCCTTCCTTTCCCCCGCAGCTGGCGTTATTGTCAGATGGTTTTTGCAACAAATCTCACAATAAAAAGTTTCAACATACTGTCTAACGGATGGCTGACTGGTCTA
4,1,3,ATACAGAAAAACACAGGAACGTATGTACTGGGTTAAGTAAAATCATCCTGCTTTTCTTCACGAAAATCGCAGATAATCCTTCCTTTCCCCCGCAGCTGGCGTTATTGTCAGATGGTTTTTGCAACAAATCTCACAATAAAAAGTTTCAACATACTGTCTAGCCAGGCGTTGTACGCGAAT
9,3,6,ATACAGAAAAACACAGGAACGTATGTACTGGGTTAAGTAAAATCATCCTGCTTTTCTTCACGAAAATCGCAGATAATCCTTCCTTTCCCCCGCAGCTGGCGTTATTGTCAGATGGTTTTTGCAACAAATCTCACAATAAAAAGTTTCAACATACTGTCTATCCATCTTATTGGAAAGGCG
13,3,10,ATACAGAAAAACACAGGAACGTATGTACTGGGTTAAGTAAAATCATCCTGCTTTTCTTCACGAAAATCGCAGATAATCCTTCCTTTCCCCCGCAGCTGGCGTTATTGTCAGATGGTTTTTGCAACAAATCTCACAATAAAAAGTTTCAACATACTGTCTATTTTGGTGGCGTCAATTTCA
86,8,78,ATACAGAAAAAGACAGAGACGTATTTACTGGGTCAAATATAATCATCCTGCCTTTCATCACAAAAACCGCAGATAATCCTTCCATTCCCCGGCAACTGGCGTTATGGTCAGATGGTTTTTGCAGCAAAACTCACAATAAAAAGTTTCAACATACTGCCTAGTATATCATTGGTTTACGTG
1,1,0,ATACAGAAAAAGACAGAGACGTATTTACTGGGTCAAATATAATCATCCTGCCTTTCATCACAAAAACCGCAGATAATCCTTCCATTCCCCGGCAGCTGGCGTTATGGTCAGATGGTTTTTGCAGCAAAACTCACAATAAAAAGTTTCAACATACTGCCTAATGTCCAAGGTCTCTACAAT
12,5,7,ATACAGAAAAAGACAGAGACGTATTTACTGGGTCAAATATAATCATCCTGCCTTTCATCACAAAAACCGCAGATAATCCTTCCATTCCCCGGCAGCTGGCGTTATGGTCAGATGGTTTTTGCAGCAAAACTCACAATAAAAAGTTTCAACATACTGCCTACCGGCTCCAGCGAAATAGAT
13,2,11,ATACAGAAAAAGACAGAGACGTATTTACTGGGTCAAATATAATCATCCTGCCTTTCATCACAAAAACCGCAGATAATCCTTCCATTCCCCGGCAGCTGGCGTTATGGTCAGATGGTTTTTGCAGCAAAACTCACAATAAAAAGTTTCAACATACTGCCTATCTGTTCCAGTTCTATAGTG
1,1,0,ATACAGAAAAAGACAGGAACAAATCTACTGGGTGAAATATAATCACCCGGCTTTTCATCACAAAAACCGCAGATAATCCTTCCTATCCAGGTCAGCTGGCTTAATCGTCAGTTGGTTTTTGCAACAAATCTCACAATAAAACGTTTCAACATACTGACTAGATAATCACCGGCACTCACG
2,2,0,ATACAGAAAAAGACAGGAACAAATCTACTGGGTGAAATATAATCACCCGGCTTTTCATCACAAAAACCGCAGATAATCCTTCCTATCCAGGTCAGCTGGCTTAATCGTCAGTTGGTTTTTGCAACAAATCTCACAATAAAACGTTTCAACATACTGACTAGATCAGATCATCTATTTCCT
2,2,0,ATACAGAAAAAGACAGGAACAAATCTACTGGGTGAAATATAATCACCCGGCTTTTCATCACAAAAACCGCAGATAATCCTTCCTATCCAGGTCAGCTGGCTTAATCGTCAGTTGGTTTTTGCAACAAATCTCACAATAAAACGTTTCAACATACTGACTATGAGCTCACAGACGCGTCAA
7,1,6,ATACAGAAAAAGACAGGAACGTATGCACTGGGTTAAATATAATAATCCTGCTTATCATCACAAAATCCGCAGCTAATCCTTCCTTACCCCGGCAGGTGTCGTTATGTTCAGATGGTTTTTCCAACAAAAATCAGAATAAAAAGTGTCAACCTGGTGACTATGAATAGTATTCACTTTCTC
6,6,0,ATACAGAAAAAGACAGGAACGTATTTACTGGCTTAGATTTAATCATCCTGCTTTTCATCTCAAAAACCGCAGAGAATCCTTCCTTTCCGCGGCAGCTGGCGTTATGGTCAGATGGTTTCTACAACAAATCTCACAATAAAAAGTTTCAACATACTGACTACATGATTGATATGCGATCTC
5,4,1,ATACAGAAAAAGACAGGAACGTATTTACTGGCTTAGATTTAATCATCCTGCTTTTCATCTCAAAAACCGCAGAGAATCCTTCCTTTCCGCGGCAGCTGGCGTTATGGTCAGATGGTTTCTACAACAAATCTCACAATAAAAAGTTTCAACATACTGACTAGATCCTGCGGAAAATGGACG
11,7,4,ATACAGAAAAAGACAGGAACGTATTTACTGGCTTAGATTTAATCATCCTGCTTTTCATCTCAAAAACCGCAGAGAATCCTTCCTTTCCGCGGCAGCTGGCGTTATGGTCAGATGGTTTCTACAACAAATCTCACAATAAAAAGTTTCAACATACTGACTAGATCGACAAGACGTGACGCT
1,1,0,ATACAGAAAAAGACAGGAACGTATTTACTGGCTTAGATTTAATCATCCTGCTTTTCATCTCAAAAACCGCAGAGAATCCTTCCTTTCCGCGGCAGCTGGCGTTATGGTCAGATGGTTTCTACAACAAATCTCACAATAAAAAGTTTCAACATACTGACTAGGTGATATGTAATACAAGTA
10,4,6,ATACAGAAAAAGACAGGAACGTATTTACTGGGTTAAATAGCATCATCCTGCTTTTCATCACAAAAACCGCAGATAATCCTTCCTTTCCCCGGCAGCTGGCGTTATGGTCCGATGATTTTTGGAACAAAATCTCGAAACAAAAGTTTCAACATACTGACTAAGCATTTCAATTCGCTGAGT
9,2,7,ATACAGAAAAAGACAGGAACGTATTTACTGGGTTAAATAGCATCATCCTGCTTTTCATCACAAAAACCGCAGATAATCCTTCCTTTCCCCGGCAGCTGGCGTTATGGTCCGATGATTTTTGGAACAAATCTCGAAACAAAAGGTTTCAACATACTGACTAAAGACTACTAGTTTTCCCAT
4,3,1,ATACAGAAAAAGACAGGAACGTATTTACTGGGTTAAATAGCATCATCCTGCTTTTCATCACAAAAACCGCAGATAATCCTTCCTTTCCCCGGCAGCTGGCGTTATGGTCCGATGATTTTTGGAACAAATCTCGAAACAAAAGGTTTCAACATACTGACTAAATAGTATTATCTCATAACC
9,1,8,ATACAGAAAAAGACAGGAACGTATTTACTGGGTTAAATAGCATCATCCTGCTTTTCATCACAAAAACCGCAGATAATCCTTCCTTTCCCCGGCAGCTGGCGTTATGGTCCGATGATTTTTGGAACAAATCTCGAAACAAAAGGTTTCAACATACTGACTAGGTTTACACATCTGAACTCT
11,5,6,ATACAGAAAAAGACAGGAACGTATTTACTGGGTTAAATAGCATCATCCTGCTTTTCATCACAAAAACCGCAGATAATCCTTCCTTTCCCCGGCAGCTGGCGTTATGGTCCGATGATTTTTGGAACAAATCTCGAAACAAAAGGTTTCAACATACTGACTAGTACACGTCGCTCGACTTAG
3,0,3,ATACAGAAAAAGACAGGAACGTATTTACTGGGTTAAATAGCATCATCCTGCTTTTCATCACAAAAACCGCAGATAATCCTTCCTTTCCCCGGCAGCTGGCGTTATGGTCCGATGATTTTTGGAACAAATCTCGAAACAAAAGGTTTCAACATACTGACTATATCGTTACGTGGTATTTCT
7,3,4,ATACAGAAAAAGACAGGAACGTATTTACTGGGTTAAATAGCATCATCCTGCTTTTCATCACAAAAACCGCAGATAATCCTTCCTTTCCCCGGCAGCTGGCGTTATGGTCCGATGATTTTTGGAACAAATCTCGAAACAAAAGGTTTCAACATACTGACTATGGGTCCTAACAGAGCTCAG
14,3,11,ATACAGAAAAAGACAGGAACGTATTTACTGGGTTAAATAGCATCATCCTGCTTTTCATCACAAAAACCGCAGATAATCCTTCCTTTCCCCGGCAGCTGGCGTTATGGTCCGATGATTTTTGGAACAAATCTCGAAACAAAAGGTTTCAACATACTGACTATTTTCCAGCCTGCCAAAACA
1,1,0,ATACAGAAAAAGACAGGAACGTATTTAGTGAGTTAAATATAATCATCCTGCTTCTCATCACAAGAACCGCAGATAATCCTCCCTTTACCCGGCAGCTGGCGTTATGGTTAGATGGTTTTTGCAACAAATCTCACAATAAAAAGTTTCAACATATGGATTCAGGAATCTCTTTTGACCCTA
1,1,0,ATACAGAAAAAGACAGGAACGTATTTTCTTGGTTAAATATAATTATCCTGCTTTTCATCACAAAAACCGCAGATAATCCTTCCATTCCCCGGCAGCTGGCGTAATGGTCAGATGGTTTGTCCACCAAATCTCACGATAAAAAATTTCAACATACTGACTACGTGTAATCACCCTTTCAAA
2,2,0,ATACAGAAAAAGACAGGAACGTATTTTCTTGGTTAAATATAATTATCCTGCTTTTCATTACAAAAACCGCAGATAATCCTTCCATTCCCCGGCAGCTGGCGTAATGGTCAGATGGTTTGTCCACCAAATCTCACGATAAAAAATTTCAACATACTGACTAATCTGCTAACGTATGAGACA
15,13,2,ATACAGAAAAAGACAGGAACGTTTTAACTGGATTAAATATAATGATTCTGCTTTTCATGACACAAAACGTAGATAATACTTCCTATCCCCGGCAGCTGGCGTTACGGACAGTCGGTTGTTGCAACATATTTCACAATGAAAAGTTTGAACCTACTGACTAAATCAACCCCCTCCTTCGGG
8,7,1,ATACAGAAAAAGACAGGAACGTTTTAACTGGGTTAAATATAATGATTCTGCTTTTCATGACACAAAACGTAGATAATACTTCCTATCCCCGGCAGCTGACGTTACGGACAGTCGGTTGTTGCAACATATTTCACAATGAAAAGTTTGAACCTACTGACTATCTATGGCACTTCAAGAGGG
4,4,0,ATACAGAAAAAGACAGGAACGTTTTAACTGGGTTAAATATAATGATTCTGCTTTTCATGACACAAAACGTAGATAATACTTCCTATCCCCGGCAGCTGGCGTTACGGACAGTCGGTTGTTGCAACATATTTCACAATGAAAAGTTTGAACCTACTGACTATTGTACGGGCAGGTAACTTG
13,2,11,ATACAGAAAAAGACAGGAAGGTATTTAGTGTGTTAAATATAATCATCCTGCTTGTCATCACAAAAACCGCAGATAATCCTTCCTTTCCCCGGCACCTGGCGTTATGGTCACATGGTTTTTGCAACAAATCTCACCAAAACAAGTTTTAATATTCGGACTAGTCGAGGTGTATAGTAACTG
15,1,14,ATACAGAAAAAGACAGGAAGGTATTTAGTGTGTTAAATATAATCATCCTGCTTGTCATCACAAAAACCGCAGATAATCCTTCCTTTCCCCGGCACCTGGCGTTATGGTCACATGGTTTTTGCAACAAATCTCACCAAAACAAGTTTTAATATTCGGACTATCCGGGGCCGGCCAGAGCAT
7,7,0,ATACAGAAAAAGACAGGACCGTATATGTTGGATTAAATATAATCATTCTGCCTCTCATAACAAATACCGCAGATAATCCTTCCTTTCCCCGGCAGGTGGCGTGATGGTTAGATGGTTTTAGCAACAAATCTCAAAATAAACAGTCTCAACATACTGACTACCTACCTCACGAGAACGTTG
12,12,0,ATACAGAAAAAGACAGGACCGTATATGTTGGATTAAATATAATCATTCTGCCTCTCATAACAAATACCGCAGATAATCCTTCCTTTCCCCGGCAGGTGGCGTGATGGTTAGATGGTTTTAGCAACAAATCTCAAAATAAACAGTCTCAACATACTGACTATGGTACTTGTGGATTTGTCT
7,1,6,ATACAGAAAAAGACAGGACGGCAGTTACTTTCTTGACTATAAACATCCTGCTTTTCATCACAAAACCCACATATAATCCTTCTTTTACCCGGCAGCAGGCGTTATTGTCTGTTGGTTTTTGCAACAATTCTTACAATTAAAAGTTTCAAGATACTGACTACACCGCTCTAATAGACGCGT
2,2,0,ATACAGAAAAAGACAGGATCAACTTTACTGGGTGAAAAATAGTCAACCTGCTTTTCATCAAAAAAAGCGCAGACAATCCGTACTTTACCCGGCAGCTGGGGTTATGGTCAGATGTTTTCTACAACAAATCTCGCACTAGAAAGTTTCAAGATACTGTCAAGGACGCACCTTACCATCCTT
3,3,0,ATACAGAAAAAGACAGGCACGTATTTTCTGGCTTAAATATAATCTTCCTGCTTTTCACCACAAAAAACGCAGATAATCATGCCGTTCCCCGGCCGAGGGCGTTATGGTCAGATGGTTTTTGCAACAAATCTCACAATAAAAAGTTTCAACATACTGACTAAGGGAAAGTTTTACTACCTG
6,3,3,ATACAGAAAAAGACAGGCACGTATTTTCTGGCTTAAATATAATCTTCCTGCTTTTCACCACAAAAAACGCAGATAATCATGCCGTTCCCCGGCCGAGGGCGTTATGGTCAGATGGTTTTTGCAACAAATCTCACAATAAAAAGTTTCAACATACTGACTATAAGACTGCAAGTAAATGAT
92,2,90,ATACAGAAAAAGACCGGAAGGTAGTTACTTGGGTAAATATAATCTTCCTGCTTTTCATCACAAAAACCGCAGATAATCCTTCCTTGACCCGGGAGGTGGCATTATAGTCAAATGGTTTTTGCAACAAAGCACACAATAACAGGTTTCAACATACTGACTAAAGTAAGGTGTTTTTATAAG
102,6,96,ATACAGAAAAAGACCGGAAGGTAGTTACTTGGGTAAATATAATCTTCCTGCTTTTCATCACAAAAACCGCAGATAATCCTTCCTTGACCCGGGAGGTGGCATTATAGTCAAATGGTTTTTGCAACAAAGCACACAATAACAGGTTTCAACATACTGACTAGCACCGAGGTTTGGAAGACG
27,1,26,ATACAGAAAAAGACCGGAAGGTAGTTACTTGGGTAAATATAATCTTCCTGCTTTTCATCACAAAAACCGCAGATAATCCTTCCTTGACCCGGGAGGTGGCATTATAGTCAAATGGTTTTTGCAACAAAGCACACAATAACAGGTTTCAACATACTGACTATCGGCAGAGGCACCTCACCT
69,8,61,ATACAGAAAAAGACCGGAAGGTAGTTACTTGGGTAAATATAATCTTCCTGCTTTTCATCACAAAAACCGCAGATAATCCTTCCTTGACCCGGGAGGTGGCATTATAGTCAAATGGTTTTTGCAACAAAGCACACAATAACAGGTTTCAACATACTGACTATTTACCCGACAGGCCCACGA
2,2,0,ATACAGAAAAAGATAGGAACGTATTTGCCGGGGTAGATATAATCATCCTGCTTTTCATAACAAAAACCGCAGATAATCGTCACTGTCCCCGGAAACTGGCGTTATGGTCGGATGGTCTTTGCAACAAGTCTCACAATAAAATGTTTCAACATCCAGACCGGTATTTCGCGGGGTTCCCCG
1,1,0,ATACAGAAAAAGATAGGAACGTATTTGCCGGGGTAGATATAATCATCCTGCTTTTCATAACAAAAACCGCAGATAATCGTCACTGTCCCCGGAAACTGGCGTTATGGTCGGATGGTCTTTGCAACAAGTCTCACAATAAAATGTTTCAACATCCAGACCGTTGAATCTAACTTTGACGGA
21,1,20,ATACAGAAAGATACAGGAAAGTATTTACTGGGTAACTTACAATCTTCCTGCTTGTCATCACAAAAACCGCAGATAGTCCTTCCTTTCCCCGTCAGCTCACGTTATTGTCAAATGGTTTTTGCAACAAATCTCACGATAAAAAGTTTCACCATACTGACTAATGGGCCAGCAATAAGTGCT
126,2,124,ATACAGAAAGATACAGGAAAGTATTTACTGGGTAACTTACAATCTTCCTGCTTGTCATCACAAAAACCGCAGATAGTCCTTCCTTTCCCCGTCAGCTCACGTTATTGTCAAATGGTTTTTGCAACAAATCTCACGATAAAAAGTTTCACCATACTGACTAGAACCTGGTAGCCGGATCGT
29,1,28,ATACAGAAAGATACAGGAAAGTATTTACTGGGTAACTTACAATCTTCCTGCTTGTCATCACAAAAACCGCAGATAGTCCTTCCTTTCCCCGTCAGCTCACGTTATTGTCAAATGGTTTTTGCAACAAATCTCACGATAAAAAGTTTCACCATACTGACTAGCATGCTAAGTTTGTATCAG
8,3,5,ATACAGAAAGATACAGGAAAGTATTTACTGGGTAACTTACAATCTTCCTGCTTGTCATCACAAAAACCGCAGATAGTCCTTCCTTTCCCCGTCAGCTCACGTTATTGTCAAATGGTTTTTGCAACAAATCTCACGATAAAAAGTTTCACCATACTGACTATTTGATTTTGTATAAATGAC
5,5,0,ATACAGAACAAGAGCGTAACGTATTCACCGGGTTAAATATAATCATCCAGCTTTTCATCACAAAAACCGCAGATAATCCTTCCTTTCCCCGGCAGCTGGCGTAATGGTCAGATGGTGTTTGCAACAAATCTCACAATAAAATGTTTCAACATACTGACTACGCATATCATCCGTTGATCC
2,2,0,ATACAGAACAAGAGCGTAACGTATTCACCGGGTTAAATATAATCATCCAGCTTTTCATCACAAAAACCGCAGATAATCCTTCCTTTCCCCGGCAGCTGGCGTAATGGTCAGATGGTGTTTGCAACAAATCTCACAATAAAATGTTTCAACATACTGACTAGCGTTATCTTCTAAACTACC
4,4,0,ATACAGAACAAGAGCGTAACGTATTCACCGGGTTAAATATAATCATCCAGCTTTTCATCACAAAAACCGCAGATAATCCTTCCTTTCCCCGGCAGCTGGCGTAATGGTCAGATGGTGTTTGCAACAAATCTCACAATAAAATGTTTCAACATACTGACTATGTGCCCCTTACAGCGTTTC
23,3,20,ATACAGAAGAAGACAGGAACGTATTTAATGGGTTAAATATATTTACCCTGCTTTTCATCACAAAAACCGGAGATATTCCTTCCTTTCCCCGGCAGCTGGCGTTATTGTCAGATGGTTTTTGCAACAAATCTCACAATAAAAAGATTCAACATACTGACTTGTCATACAAAGCGCCAACGG
3,1,2,ATACAGAAGAAGACAGGAACGTATTTAATGGGTTAAATATATTTACCCTGCTTTTCATCACAAAAACCGGAGATATTCCTTCCTTTCCCCGGCAGCTGGCGTTATTGTCAGATGGTTTTTGCAACAAATCTCACAATAAAAAGATTCAACATACTGACTTGTTTACTTTTTGTTAGCGTC
1,1,0,ATACAGAAGAAGACAGGAACGTATTTAATGGGTTAAATATATTTACCCTGCTTTTCATCACAAAAACCGGAGATATTCCTTCCTTTCCCCGGCAGCTGGCGTTATTGTCAGATGGTTTTTGCAACAAATCTCACAATAAAAAGATTCAACATACTGACTTTTACGAGTCTATATCCGAAG
1,1,0,ATACAGAAGAATGCAGGATTATATATACTGGGTTAAATATAATCATCCTGCTTTTCATCACAAACACCCCAGATAATGCTTCTTTTCCCCGCCGGCTTGCGTTACGGTCCTATGGTATTTGCAACAATTCTCAAAATAAAAAGTTTCAATATACTGACTACGGGTGTTTCCAGGGGTCGA
6,3,3,ATACAGAAGAATGCAGGATTATATATACTGGGTTAAATATAATCATCCTGCTTTTCATCACAAACACCCCAGATAATGCTTCTTTTCCCCGCTGGCTTGCGTTACGGTCCTATGGTATTTGCAACAATTCTCAAAATAAAAAGTTTCAATATACTGACTACTGGGATGAGACCACATCCG
3,3,0,ATACAGACAAAGACAGGAACGTATTTAGGGGGTTAAATAAAATGATCCGGCTATTCATCACCAAAACCGCAGATTATCTTTCCTTTCGCCGGCACCTGGCGTAGTGGTCAGATAGTCTTTGCAACAAATCTCACAATAAAAAGCTTCAACATACTGACTACATGTGAGGCGGCACAGCTT
7,6,1,ATACAGACAAAGACAGGAACGTATTTAGGGGGTTAAATAAAATGATCCGGCTATTCATCACCAAAACCGCAGATTATCTTTCCTTTCGCCGGCACCTGGCGTAGTGGTCAGATAGTCTTTGCAACAAATCTCACAATAAAAAGCTTCAACATACTGACTACCATAGGATCGGCATGTAAT
4,4,0,ATACAGACAAAGACAGGAACGTATTTAGGGGGTTAAATAAAATGATCCGGCTATTCATCACCAAAACCGCAGATTATCTTTCCTTTCGCCGGCACCTGGCGTAGTGGTCAGATAGTCTTTGCAACAAATCTCACAATAAAAAGCTTCAACATACTGACTAGACATCGGAACCGCAGATCG
4,4,0,ATACAGACAAAGACAGGAACGTATTTAGGGGGTTAAATAAAATGATCCGGCTATTCATCACCAAAACCGCAGATTATCTTTCCTTTCGCCGGCACCTGGCGTAGTGGTCAGATAGTCTTTGCAACAAATCTCACAATAAAAAGCTTCAACATACTGACTAGCTAGGTCCAAGGACCCTCA
2,2,0,ATACAGACAAAGACAGGAACGTATTTAGGGGGTTAAATAAAATGATCCGGCTATTCATCACCAAAACCGCAGATTATCTTTCCTTTCGCCGGCACCTGGCGTAGTGGTCAGATAGTCTTTGCAACAAATCTCACAATAAAAAGCTTCAACATACTGACTATATTAGCGCGTTAGCTGCCG
5,5,0,ATACAGACAAAGACCGGAACGTATTTACTGGGTTAAATAGAATCATCCTGCTTTTCATCAAAAAGACCGCAGATAATCCGTCCTCTCCCCTGCTGCTGGCGTTAAGGTCAGATGGTTTTTGTAACAACTCTCCCACTAGAAAGTGCCTACATACTGACTACGTTTATAACTAAGCTATTG
2,2,0,ATACAGACAAAGACCGGAACGTATTTACTGGGTTAAATAGAATCATCCTGCTTTTCATCAAAAAGACCGCAGATAATCCGTCCTCTCCCCTGCTGCTGGCGTTAAGGTCAGATGGTTTTTGTAACAACTCTCCCACTAGAAAGTGCCTACATACTGACTATTATTGCTATTAGTCGAGTA
4,3,1,ATACAGAGAAAGACAGGAACGTATTTATTGTGTTAAATATAATCGTCCTGCTATGCATCACAAAATCCGCAGATAATCCTTCCTTACCCCGGCAGCTGGCGTTATGGTCAGACGGTTTGTGCAACAAATCTCACAAGAAGAAGTAGCAACATACTGACTACGAGTTTTAGGGTCCTAATG
5,2,3,ATACAGAGAAAGACAGGAACGTATTTATTGTGTTAAATATAATCGTCCTGCTATGCATCACAAAATCCGCAGATAATCCTTCCTTACCCCGGCAGCTGGCGTTATGGTCAGACGGTTTGTGCAACAAATCTCACAAGAAGAAGTAGCAACATACTGACTAGTTTATGAATGTCGTTGCTG
1,1,0,ATACAGAGAAAGACAGGAACGTATTTATTGTGTTAAATATAATCGTCCTGCTATGCATCACAAAATCCGCAGATAATCCTTCCTTACCCCGGCAGCTGGCGTTATGGTCAGACGGTTTGTGCAACAAATCTCACAAGAAGAAGTAGCAACATACTGACTATCTTTTTTGGCTCTTTGGGG
12,12,0,ATACAGATAAAGACAGCAACGGATTTACTGGGTTAAATATAAGCATCCTGCTTTTCATCACAAAAACCGCAGATAATCCTTCCTTTCCACGGCAGCTGGCGTAATGGTCAGATGGTTTTTTCCACAAATCTCAAAATAAAAAGTTTCAACATACTGACCAAGTAATCGGCTTATGTACCC
4,4,0,ATACAGATAAAGACAGCAACGGATTTACTGGGTTAAATATAAGCATCCTGCTTTTCATCACAAAAACCGCAGATAATCCTTCCTTTCCACGGCAGCTGGCGTAATGGTCAGATGGTTTTTTCCACAAATCTCAAAATAAAAAGTTTCAACATACTGACCAATATGGTTACGTCTTGGTAT
2,2,0,ATACAGATAAAGACAGCAACGGATTTACTGGGTTAAATATAAGCATCCTGCTTTTCATCACAAAAACCGCAGATAATCCTTCCTTTCCACGGCAGCTGGCGTAATGGTCAGATGGTTTTTTCCACAAATCTCAAAATAAAAAGTTTCAACATACTGACCACATACCGAACCATCGTGACA
2,2,0,ATACAGATAAAGACAGCAACGGATTTACTGGGTTAAATATAAGCATCCTGCTTTTCATCACAAAAACCGCAGATAATCCTTCCTTTCCACGGCAGCTGGCGTAATGGTCAGATGGTTTTTTCCACAAATCTCAAAATAAAAAGTTTCAACATACTGACCACTTCATGAGGCGCGCGCGGT
7,7,0,ATACAGATAAAGACAGCAACGGATTTACTGGGTTAAATATAAGCATCCTGCTTTTCATCACAAAAACCGCAGATAATCCTTCCTTTCCACGGCAGCTGGCGTAATGGTCAGATGGTTTTTTCCACAAATCTCAAAATAAAAAGTTTCAACATACTGACCAGGACGAGATAGGAGCTCGAG
11,11,0,ATACAGATAAAGACAGCAACGGATTTACTGGGTTAAATATAAGCATCCTGCTTTTCATCACAAAAACCGCAGATAATCCTTCCTTTCCACGGCAGCTGGCGTAATGGTCAGATGGTTTTTTCCACAAATCTCAAAATAAAAAGTTTCAACATACTGACCATGAGTAAGCAAGCTTGTGGC
1,1,0,ATACAGATAAAGACAGCAACGGATTTACTGGGTTAAATATAAGCATCCTGCTTTTCATCACAAAAACCGCAGATAATCCTTCCTTTCCACGGCAGCTGGCGTAATGGTCAGATGGTTTTTTCCACAAATCTCAAAATAAAAAGTTTCAACATACTGACCATTCAACAGGTAGTCACACAT
1,1,0,ATACAGATAAAGACAGCAACGGATTTACTGGGTTAAATATAAGCATCCTGCTTTTCATCACAAAAACCGCAGATAATCCTTCCTTTCCACGGCAGCTGGCGTAATGGTCAGATGGTTTTTTCCACAAATCTCAAAATAAAAAGTTTCAACATACTGACCATTCTTTACTATGGGTGCTCG
1,1,0,ATACAGATAAAGACAGGAACGTTTTTACTGGGTTAAATATAATCATCCTGCTTTTCATCACATAAACCCCTGATAATTCTTCGTTTCCCGGGCAGCTGGCGTTATGGTCCGATGGGTTTTGCAGCAACTCTCACAATTAAAGGTTCCAACATACTGACTACTCTCAGGCTTATCCATTCA
12,12,0,ATACAGATAAAGACAGGAACGTTTTTACTGGGTTAAATATAATCATCCTGCTTTTCATCACATAAACCCCTGATAATTCTTCGTTTCCCGGGCAGCTGGCGTTATGGTCCGATGGGTTTTGCAGCAACTCTCACAATTAAAGGTTCCAACATACTGACTAGCATTCCCATATCCTTGATA
4,4,0,ATACAGATAAAGACAGGAACGTTTTTACTGGGTTAAATATAATCATCCTGCTTTTCATCACATAAACCCCTGATAATTCTTCGTTTCCCGGGCAGCTGGCGTTATGGTCCGATGGGTTTTGCAGCAACTCTCACAATTAAAGGTTCCAACATACTGACTAGTATGGTTGCCACGTGCATT
5,4,1,ATACAGCAAACGACAGGTACGTGTTCACTGGCTTAAATATAGTCATCCTGCTTTTCATCACAGAAACCGCCGATTATCGTTCCTGTCCCCGGCAGCTGGTGTTATGGTCGGATGGTTTTTTCAACAAATCTCACGGCAAGAAGGTTCAACATACTAACCAACACAGTCCCCTGCAGACTA
4,4,0,ATACAGCAAACGACAGGTACGTGTTCACTGGCTTAAATATAGTCATCCTGCTTTTCATCACAGAAACCGCCGATTATCGTTCCTGTCCCCGGCAGCTGGTGTTATGGTCGGATGGTTTTTTCAACAAATCTCACGGCAAGAAGGTTCAACATACTAACCAGAGAAGGGCACCGGCGCTTA
4,2,2,ATACAGCAAACGACAGGTACGTGTTCACTGGCTTAAATATAGTCATCCTGCTTTTCATCACAGAAACCGCCGATTATCGTTCCTGTCCCCGGCAGCTGGTGTTATGGTCGGATGGTTTTTTCAACAAATCTCACGGCAAGAAGGTTCAACATACTAACCAGCCTATCCGAACGGGATTCT
4,1,3,ATACAGCAAACGACAGGTACGTGTTCACTGGCTTAAATATAGTCATCCTGCTTTTCATCACAGAAACCGCCGATTATCGTTCCTGTCCCCGGCAGCTGGTGTTATGGTCGGATGGTTTTTTCAACAAATCTCACGGCAAGAAGGTTCAACATACTAACCAGCTGTGGTGGATGAAACGAG
21,7,14,ATACAGGAAAAGACACGTACGTATTCACTGGGTTAAATATAACCATCCTGCTTCTTCTCACAAAAACCGCAGGTAATGCTTCCTTTCCACGGCAGCTGGCGTTATGGTCAGATGGTTTATGAAACGAAGCTCACAATAAAAAGTTTCAACATACTGGCTAAACACGCGCCCTGCAATTCG
1,1,0,ATACAGGAAAAGACACGTACGTATTCACTGGGTTAAATATAACCATCCTGCTTCTTCTCACAAAAACCGCAGGTAATGCTTCCTTTCCACGGCAGCTGGCGTTATGGTCAGATGGTTTATGAAACGAAGCTCACAATAAAAAGTTTCAACATACTGGCTAATGTTTGCTTGTCCGACGCT
3,0,3,ATACAGGAAAAGACACGTACGTATTCACTGGGTTAAATATAACCATCCTGCTTCTTCTCACAAAAACCGCAGGTAATGCTTCCTTTCCACGGCAGCTGGCGTTATGGTCAGATGGTTTATGAAACGAAGCTCACAATAAAAAGTTTCAACATACTGGCTAGGAGTGCTACTTGCCTGCTG
41,7,34,ATACAGGAAAAGACACGTACGTATTCACTGGGTTAAATATAACCATCCTGCTTCTTCTCACAAAAACCGCAGGTAATGCTTCCTTTCCACGGCAGCTGGCGTTATGGTCAGATGGTTTATGAAACGAAGCTCACAATAAAAAGTTTCAACATACTGGCTAGTGAACCATGGAAGGGCTGC
2,2,0,ATACAGGAACAGACAGGGACGTATTAACTTGGTTAAATATAGTCATCCTGCTTTTCATCACAAAAACCGCAGATAGACCTTCCTTTCCCCGGCAACTGGCGTTATGGTCAGATGGTTTTTGAAACATATCACACAATAAAAGGTTTCAACATACTGACTCTCTATTACTATTGTCTACTC
43,7,36,ATACAGGAACAGACAGGGACGTATTAACTTGGTTAAATATAGTCATCCTGCTTTTCATCACAAAAACCGCAGATAGACCTTCCTTTCCCCGGCAACTGGCGTTATGGTCATATGGTTTTTGAAACATATCACACAATAAAAGGTTTCAACATACTGACTCACGAGAACGTTTTCTGACTT
2,2,0,ATACAGTAAACGACACGAACGTGTTTACTGGGTGAAATATAATGATCCTGCCCTTCATCACAAAAACCGCAGAAAATCGCACCTTTCCCCGGGAGCTGGGGTTATGGTTAGATGGTTTTTGCAACCAATCTAACCATATAAAGTTTCAACATACTGACTTACTTCGCTTTGCAGGGTTCG
1,1,0,ATACAGTAAACGACACGAACGTGTTTACTGGGTGAAATATAATGATCCTGCCCTTCATCACAAAAACCGCAGAAAATCGCACCTTTCCCCGGGAGCTGGGGTTATGGTTAGATGGTTTTTGCAACCAATCTAACCATATAAAGTTTCAACATACTGACTTCTGCTATACAGAGGCCACAC
7,4,3,ATACAGTAAACGACACGAACGTGTTTACTGGGTGAAATATAATGATCCTGCCCTTCATCACAAAAACCGCAGAAAATCGCACCTTTCCCCGGGAGCTGGGGTTATGGTTAGATGGTTTTTGCAACCAATCTAACCATATAAAGTTTCAACATACTGACTTGATTGCGTCAAAGTCCTCCT
20,9,11,ATACAGTAAACGACACGAACGTGTTTACTGGGTGAAATATAATGATCCTGCCCTTCATCACAAAAACCGCAGAAAATCGCACCTTTCCCCGGGAGCTGGGGTTATGGTTAGATGGTTTTTGCAACCAATCTAACCATATAAAGTTTCAACATACTGACTTGGCTGATGGCATTAAGCAAG
4,2,2,ATACAGTAAACGACACGAACGTGTTTACTGGGTGAAATATAATGATCCTGCCCTTCATCACAAAAACCGCAGAAAATCGCACCTTTCCCCGGGAGCTGGGGTTATGGTTAGATGGTTTTTGCAACCAATCTAACCATATAAAGTTTCAACATACTGACTTTGTGAGCGGCCTAATATGAG
7,7,0,ATACAGTAAACGACACGAACGTGTTTACTGGTTGAAATATAATGATCCTGCCCTTCATCACAAAAACCGCAGAAAATCGCACCTTTCCCCGGGAGCTGGGGTTATGGTTAGATGGTTTTTGCAACCAATCTAACCATATAAAGTTTCAACATACTGACTTAAGATTTTCTTTGATACTAA
41,9,32,ATACATAAAAAAACAGGAACGTATTTACTGGGTTAAATATAATCCTCCTGCTTTTCATCACAAAAACCGCAGATAATCCTTTCGTTCCCCGGCAGATGGCGTTATGGTCAGATGGTTTTTAAAACACATCTCAGAATAAAAAGTTTCAACATACTGACTAAGTCGTCTTCATTTGCGAGT
17,8,9,ATACATAAAAAAACAGGAACGTATTTACTGGGTTAAATATAATCCTCCTGCTTTTCATCACAAAAACCGCAGATAATCCTTTCGTTCCCCGGCAGATGGCGTTATGGTCAGATGGTTTTTAAAACACATCTCAGAATAAAAAGTTTCAACATACTGACTAGCTGTTACGCATCTTGACAT
2,2,0,ATACATAAAAAGACACGAACGTATTTACTTGGTTAAATATAATCATCCTGCCTTTCATCATACCACCCGCAGATAGTCCGTCCTTTCCCCGGCACCTGGCGTTATGGTCAGATGGATTTTGCAACAAAACTCACAATAAAAAGTTTCAACATAATGACCAAGAGACTCGGACAACCGGGC
3,3,0,ATACATAAAAAGACACGAACGTATTTACTTGGTTAAATATAATCATCCTGCCTTTCATCATACCACCCGCAGATAGTCCGTCCTTTCCCCGGCACCTGGCGTTATGGTCAGATGGATTTTGCAACAAAACTCACAATAAAAAGTTTCAACATAATGACCAGAAACCCGCTGCCTCATATA
2,2,0,ATACATAAAAAGACACGAACGTATTTACTTGGTTAAATATAATCATCCTGCCTTTCATCATACCACCCGCAGATAGTCCGTCCTTTCCCCGGCACCTGGCGTTATGGTCAGATGGATTTTGCAACAAAACTCACAATAAAAAGTTTCAACATAATGACCAGAACCCGGAGGTAATTAAAA
1,1,0,ATACATAAAAAGACACGAACGTATTTACTTGGTTAAATATAATCATCCTGCCTTTCATCATACCACCCGCAGATAGTCCGTCCTTTCCCCGGCACCTGGCGTTATGGTCAGATGGATTTTGCAACAAAACTCACAATAAAAAGTTTCAACATAATGACCAGTAGCGATCTGTCCCCTCCA
12,11,1,ATACATAAAAAGACACGAACGTATTTACTTGGTTAAATATAATCATCCTGCCTTTCATCATACCACCCGCAGATAGTCCGTCCTTTCCCCGGCACCTGGCGTTATGGTCAGATGGATTTTGCAACAAAACTCACAATAAAAAGTTTCAACATAATGACCATGGGAACCCTACGGTAACTT
2,2,0,ATACATAAAAAGACAGGAAAGTATCTACTGGTTTAAATATAATCATGCTGCTTTTCAGCACAGAAACCGCAAATAATCCTTACCATCGACGGCAGCTGCCGTTATGGCCAGATGGTTTTTGCACTAAATATCACAATAAAGAGTTTCAACATACTGAGTAAAATATCATTTTAAAACGTT
5,5,0,ATACATAAAAAGACAGGAAAGTATCTACTGGTTTAAATATAATCATGCTGCTTTTCAGCACAGAAACCGCAAATAATCCTTACCATCGACGGCAGCTGCCGTTATGGCCAGATGGTTTTTGCACTAAATATCACAATAAAGAGTTTCAACATACTGAGTAATACTAACTGCATGTATCGA
6,5,1,ATACATAAAAAGACAGGAAAGTATCTACTGGTTTAAATATAATCATGCTGCTTTTCAGCACAGAAACCGCAAATAATCCTTACCATCGACGGCAGCTGCCGTTATGGCCAGATGGTTTTTGCACTAAATATCACAATAAAGAGTTTCAACATACTGAGTACTGGTTTGCTAGGTTCACCA
4,1,3,ATACATAAAAAGACAGGAAAGTATCTACTGGTTTAAATATAATCATGCTGCTTTTCAGCACAGAAACCGCAAATAATCCTTACCATCGACGGCAGCTGCCGTTATGGCCAGATGGTTTTTGCACTAAATATCACAATAAAGAGTTTCAACATACTGAGTAGGCCGTCTTAAGGTCTTTTA
4,1,3,ATACATAAAAAGACAGGAACGGATCTAACGGGTTAAATATAATAATCCTGGTTTTCAGCACGTAAACCACAGATAATCCTTCCCTCCCCCGGCTGCTGGCGTTTCGGTCAGATAGTTTTTGCAACAAATCTCCCAGTAAAAAGTTCCAGCATATTGACTACGGAGTCTAGACTCCTAATT
18,11,7,ATACATAAAAAGACAGGAACGGATCTAACGGGTTAAATATAATAATCCTGGTTTTCAGCACGTAAACCGCAGATAATCCTTCCCTCCCCCGGCTGCTGGCGTTTCGGTCAGATAGTTTTTGCAACAAATCTCCCAGTAAAAAGTTCCAGCATATTGACTAAAGACTTGTCTAAATATAGT
1,1,0,ATACATAAAAAGACAGGAACGGATCTAACGGGTTAAATATAATAATCCTGGTTTTCAGCACGTAAACCGCAGATAATCCTTCCCTCCCCCGGCTGCTGGCGTTTCGGTCAGATAGTTTTTGCAACAAATCTCCCAGTAAAAAGTTCCAGCATATTGACTAAGAATGTGACTAACAAAGCT
7,3,4,ATACATAAAAAGACAGGAACGGATCTAACGGGTTAAATATAATAATCCTGGTTTTCAGCACGTAAACCGCAGATAATCCTTCCCTCCCCCGGCTGCTGGCGTTTCGGTCAGATAGTTTTTGCAACAAATCTCCCAGTAAAAAGTTCCAGCATATTGACTAGATCGGGCGAAAGCTTTACG
7,5,2,ATACATAAAAAGACAGGAACGGATCTAACGGGTTAAATATAATAATCCTGGTTTTCAGCACGTAAACCGCAGATAATCCTTCCCTCCCCCGGCTGCTGGCGTTTCGGTCAGATAGTTTTTGCAACAAATCTCCCAGTAAAAAGTTCCAGCATATTGACTATGCACGTCAGTTCACAACTT
145,6,139,ATACATAAAAAGACAGGAACGTAGTTACTGGGTTAAATCTAGTCATCCTGCTTTTCTTCACAAAAACCGCAGATAAGCCTTCCATTCCCCGGCAGCGGGCGTTATGCTCAGATGGTTTTCACAACAAATCTCACAATAAAAACTTTCAACATACTGACTGCATAATGAATCGTGTTACAG
49,2,47,ATACATAAAAAGACAGGAACGTAGTTACTGGGTTAAATCTAGTCATCCTGCTTTTCTTCACAAAAACCGCAGATAAGCCTTCCATTCCCCGGCAGCGGGCGTTATGCTCAGATGGTTTTCGCAACAAATCTCACAATAAAAACTTTCAACATACTGACTGAAAGCTAAGAGGGCCAAAGG
8,1,7,ATACATAAAAAGACAGGAACGTAGTTACTGGGTTAAATCTAGTCATCCTGCTTTTCTTCACAAAAACCGCAGATAAGCCTTCCATTCCCCGGCAGCGGGCGTTATGCTCAGATGGTTTTCGCAACAAATCTCACAATAAAAACTTTCAACATACTGACTGACCCGTCTGAACCCGCGAAG
12,1,11,ATACATAAAAAGACAGGAACGTAGTTACTGGGTTAAATCTAGTCATCCTGCTTTTCTTCACAAAAACCGCAGATAAGCCTTCCATTCCCCGGCAGCGGGCGTTATGCTCAGATGGTTTTCGCAACAAATCTCACAATAAAAACTTTCAACATACTGACTGACCTCTAGTATAGGTACTAT
30,5,25,ATACATAAAAAGACAGGAACGTAGTTACTGGGTTAAATCTAGTCATCCTGCTTTTCTTCACAAAAACCGCAGATAAGCCTTCCATTCCCCGGCAGCGGGCGTTATGCTCAGATGGTTTTCGCAACAAATCTCACAATAAAAACTTTCAACATACTGACTGATAGGCCCGTAATGCACCAG
6,1,5,ATACATAAAAAGACAGGAACGTAGTTACTGGGTTAAATCTAGTCATCCTGCTTTTCTTCACAAAAACCGCAGATAAGCCTTCCATTCCCCGGCAGCGGGCGTTATGCTCAGATGGTTTTCGCAACAAATCTCACAATAAAAACTTTCAACATACTGACTGATGTACGGCACGGCTTGATA
8,3,5,ATACATAAAAAGACAGGAACGTAGTTACTGGGTTAAATCTAGTCATCCTGCTTTTCTTCACAAAAACCGCAGATAAGCCTTCCATTCCCCGGCAGCGGGCGTTATGCTCAGATGGTTTTCGCAACAAATCTCACAATAAAAACTTTCAACATACTGACTGCCTAGCTGTGCAAAGGGTGA
33,1,32,ATACATAAAAAGACAGGAACGTAGTTACTGGGTTAAATCTAGTCATCCTGCTTTTCTTCACAAAAACCGCAGATAAGCCTTCCATTCCCCGGCAGCGGGCGTTATGCTCAGATGGTTTTCGCAACAAATCTCACAATAAAAACTTTCAACATACTGACTGGCGATACATGCGCCATATGC
58,7,51,ATACATAAAAAGACAGGAACGTAGTTACTGGGTTAAATCTAGTCATCCTGCTTTTCTTCACAAAAACCGCAGATAAGCCTTCCATTCCCCGGCAGCGGGCGTTATGCTCAGATGGTTTTCGCAACAAATCTCACAATAAAAACTTTCAACATACTGACTGGCGCTAACCCTTCATTGAAG
112,9,103,ATACATAAAAAGACAGGAACGTAGTTACTGGGTTAAATCTAGTCATCCTGCTTTTCTTCACAAAAACCGCAGATAAGCCTTCCATTCCCCGGCAGCGGGCGTTATGCTCAGATGGTTTTCGCAACAAATCTCACAATAAAAACTTTCAACATACTGACTGGGATCGGTGCATAAGGGACG
4,1,3,ATACATAAAAAGACAGGAACGTAGTTACTGGGTTAAATCTAGTCATCCTGCTTTTCTTCACAAAAACCGCAGATAAGCCTTCCATTCCCCGGCAGCGGGCGTTATGCTCAGATGGTTTTCGCAACAAATCTCACAATAAAAACTTTCAACATACTGACTGGGGTAGTCGGTACTGCCGTT
244,10,234,ATACATAAAAAGACAGGAACGTAGTTACTGGGTTAAATCTAGTCATCCTGCTTTTCTTCACAAAAACCGCAGATAAGCCTTCCATTCCCCGGCAGCGGGCGTTATGCTCAGATGGTTTTCGCAACAAATCTCACAATAAAAACTTTCAACATACTGACTGGTGCCTATTGGCTAGGTCTT
28,5,23,ATACATAAAAAGACAGGAACGTAGTTACTGGGTTAAATCTAGTCATCCTGCTTTTCTTCACAAAAACCGCAGATAAGCCTTCCATTCCCCGGCAGCGGGCGTTATGCTCAGATGGTTTTCGCAACAAATCTCACAATAAAAACTTTCAACATACTGACTGTCCTTCGTGCCTTATTCCTG
7,1,6,ATACATAAAAAGACAGGAACGTATTTACGGGGTTAAATATGATTATCCTGCTTATCATCCCAAAACCCGCTGATAATCCTTGCTTTCCCCGGAAGCTGACGTTATGGTCAGATGGTTTTTGCAACAAATCTCACAATAAAAAGTTTCACCTTACTGACTAAGGAATGTCTAATCGGCGCT
27,5,22,ATACATAAAAAGACAGGAACGTATTTACGGGGTTAAATATGATTATCCTGCTTATCATCCCAAAACCCGCTGATAATCCTTGCTTTCCCCGGAAGCTGACGTTATGGTCAGATGGTTTTTGCAACAAATCTCACAATAAAAAGTTTCACCTTACTGACTAAGTGTCACTTTGGTCCCCCC
2,1,1,ATACATAAAAAGACAGGAACGTATTTACGGGGTTAAATATGATTATCCTGCTTATCATCCCAAAACCCGCTGATAATCCTTGCTTTCCCCGGAAGCTGACGTTATGGTCAGATGGTTTTTGCAACAAATCTCACAATAAAAAGTTTCACCTTACTGACTACAAGCCGCGAGAGCACTAAG
12,7,5,ATACATAAAAAGACAGGAACGTATTTACGGGGTTAAATATGATTATCCTGCTTATCATCCCAAAACCCGCTGATAATCCTTGCTTTCCCCGGAAGCTGACGTTATGGTCAGATGGTTTTTGCAACAAATCTCACAATAAAAAGTTTCACCTTACTGACTACTTGTAAAAGGCTTGACTAG
2,1,1,ATACATAAAAAGACAGGAACGTATTTACGGGGTTAAATATGATTATCCTGCTTATCATCCCAAAACCCGCTGATAATCCTTGCTTTCCCCGGAAGCTGACGTTATGGTCAGATGGTTTTTGCAACAAATCTCACAATAAAAAGTTTCACCTTACTGACTAGTTGATTTTCGTTTCTTATG
6,2,4,ATACATAAAAAGACAGGAACGTATTTACGGGGTTAAATATGATTATCCTGCTTATCATCCCAAAACCCGCTGATAATCCTTGCTTTCCCCGGAAGCTGACGTTATGGTCAGATGGTTTTTGCAACAAATCTCACAATAAAAAGTTTCACCTTACTGACTATGCCTCGTGTTATAGGCGTT
19,2,17,ATACATAAAAAGACAGGAACGTATTTACTGGGTTAAATATAATCAGTATGCTTTACATCACGAAAACCGCAGAGAAGCCTTCCTTTCACCGGCACCTGGCGTTTTGACCAGATGGTATTGGGAAAAAATCTGACAATTATAAGTTTCAACATACTGACTAGCCCTCTTCGGTAGGCACAA
4,2,2,ATACATAAAAAGACAGGAACGTATTTACTGGGTTAAATATAATCAGTATGCTTTACATCACGAAAACCGCAGAGAAGCCTTCCTTTCACCGGCACCTGGCGTTTTGGCCAGATGGTATTGGGAAAAAATCTGACAATTATAAGTTTCAACATACTGACTAAACTATTAGATGTTACAGTC
3,1,2,ATACATAAAAAGACAGGAACGTATTTACTGGGTTAAATATAATCAGTATGCTTTACATCACGAAAACCGCAGAGAAGCCTTCCTTTCACCGGCACCTGGCGTTTTGGCCAGATGGTATTGGGAAAAAATCTGACAATTATAAGTTTCAACATACTGACTAAATTGATGTTTGTAGTCCCG
11,2,9,ATACATAAAAAGACAGGAACGTATTTACTGGGTTAAATATAATCAGTATGCTTTACATCACGAAAACCGCAGAGAAGCCTTCCTTTCACCGGCACCTGGCGTTTTGGCCAGATGGTATTGGGAAAAAATCTGACAATTATAAGTTTCAACATACTGACTAACCTACGCTTCTGCTGACTA
1,1,0,ATACATAAAAAGACAGGAACGTATTTACTGGGTTAAATATAATCAGTATGCTTTACATCACGAAAACCGCAGAGAAGCCTTCCTTTCACCGGCACCTGGCGTTTTGGCCAGATGGTATTGGGAAAAAATCTGACAATTATAAGTTTCAACATACTGACTAGCGTCTTTGTGTTTTGATCT
14,5,9,ATACATAAAAAGACAGGAACGTATTTACTGGGTTAAATATAATCAGTATGCTTTACATCACGAAAACCGCAGAGAAGCCTTCCTTTCACCGGCACCTGGCGTTTTGGCCAGATGGTATTGGGAAAAAATCTGACAATTATAAGTTTCAACATACTGACTAGGGCTCACACCCGGCCCAGC
18,6,12,ATACATAAAAAGACAGGAACGTATTTACTGGGTTAAATATAATCAGTATGCTTTACATCACGAAAACCGCAGAGAAGCCTTCCTTTCACCGGCACCTGGCGTTTTGGCCAGATGGTATTGGGAAAAAATCTGACAATTATAAGTTTCAACATACTGACTAGTTCTCTAAGTCCTCAACAC
7,1,6,ATACATAAAAAGACAGGAACGTATTTACTGGGTTAAATATAATCAGTATGCTTTACATCACGAAAACCGCAGAGAAGCCTTCCTTTCACCGGCACCTGGCGTTTTGGCCAGATGGTATTGGGAAAAAATCTGACAATTATAAGTTTCAACATACTGACTATAGGTAATTATGCAGACAGT
1,1,0,ATACATAAAAAGACAGGAACGTATTTACTGGGTTAAATATAATCAGTATGCTTTACATCACGAAAACCGCAGAGAAGCCTTCCTTTCACCGGCACCTGGCGTTTTGGCCAGATGGTATTGGGAAAAAATCTGACAATTATAAGTTTCAACATACTGACTATATAGGGATCCGACTTGACA
12,6,6,ATACATAAAAAGACAGGAACGTATTTACTGGGTTAAATATAATCAGTATGCTTTACATCACGAAAACCGCAGAGAAGCCTTCCTTTCACCGGCACCTGGCGTTTTGGCCAGATGGTATTGGGAAAAAATCTGACAATTATAAGTTTCAACATACTGACTATCTACAACACGTCGGGGTTG
7,7,0,ATACATAAAAAGACAGGAACGTATTTACTGGGTTAAATATAATCATCATGCCTTTCATCACCAAAACCGCAGATAATCCTACCTGTTCCCGACCGATGGCGTTATGGTCCAAGGGTTTTTGCAACAAATCTCACAATAAAAAGTCCCAACATACTGACTTCGTCTGAGCTATATTGTACC
1,1,0,ATACATAAAAAGACAGGAACGTATTTACTGGGTTAAATATATTGATCCTTCTTTTCATCACAAAAACCGCAGATACTCCTTCCTTTCCCCGGCGGCTGTCGTTATGGTGAGATGGCTTCGTCAACAAAACTCACAATAAAAAGTTTTAACATACTAACTACATTGAATCATAAGATGTCT
1,0,1,ATACATAAAAAGACAGGAACGTATTTACTGGGTTAAATATATTGATCCTTCTTTTCATCACAAAAACCGCAGATACTCCTTCCTTTCCCCGGCGGCTGTCGTTATGGTGAGATGGCTTCGTCAACAAAACTCACAATAAAAAGTTTTAACATACTAACTAGCAAGATTAGATTGATTAAT
17,8,9,ATACATAAAAAGACAGGAACGTATTTACTGGGTTAAATATATTGATCCTTCTTTTCATCACAAAAACCGCAGATACTCCTTCCTTTCCCCGGCGGCTGTCGTTATGGTGAGATGGCTTCGTCAACAAAACTCACAATAAAAAGTTTTAACATACTAACTAGTTTGGGCATCCGAAAGACG
21,11,10,ATACATAAAAAGACAGGAACGTATTTACTGGGTTAAATATATTGATCCTTCTTTTCATCACAAAAACCGCAGATACTCCTTCCTTTCCCCGGCGGCTGTCGTTATGGTGAGATGGCTTCGTCAACAAAACTCACAATAAAAAGTTTTAACATACTAACTATAAAAGAGCAACCCGACGTG
19,14,5,ATACATAAAAAGACAGGAACGTATTTACTGGGTTAAATATATTGATCCTTCTTTTCATCACAAAAACCGCAGATACTCCTTCCTTTCCCCGGCGGCTGTCGTTATGGTGAGATGGCTTCGTCAACAAAACTCACAATAAAAAGTTTTAACATACTAACTATATGGCTATTATCACGCGCC
7,2,5,ATACATAAAAAGACAGGAACGTATTTACTGGGTTAAATATATTGATCCTTCTTTTCATCACAAAAACCGCAGATACTCCTTCCTTTCCCCGGCGGCTGTCGTTATGGTGAGATGGCTTCGTCAACAAAACTCACAATAAAAAGTTTTAACATACTGACTATGTGCTCAGATGGGAGCGAA
1,0,1,ATACATAAAAAGACAGGAACGTATTTACTGGGTTAATTATAATCAGTATGCTTTACATCACGAAAACCGCAGAGAAGCCTTCCTTTCACCGGCACCTGGCGTTTTGGCCAGATGGTATTGGGAAAAAATCTGACAATTATAAGTTTCAACATACTGACTAGTTGGAGGAGCGCTGTTAAA
4,4,0,ATACATAAAAAGACAGGAACGTATTTACTGGTTTAAATATAAACAACCTGCTTTTCATCCCAAAAACCGCAGATAATCCTTCCTTTCCCCGGTAGCTGGCGTTATGGCCAGCTGGTTTTTGCAAGAAAGCTCACAATAGAATGTTTCAGCATACTGGCTACGCGGCAGCACCCTAATGAC
2,2,0,ATACATAAAAAGACAGGAACGTATTTACTGGTTTAAATATAAACAACCTGCTTTTCATCCCAAAAACCGCAGATAATCCTTCCTTTCCCCGGTAGCTGGCGTTATGGCCAGCTGGTTTTTGCAAGAAAGCTCACAATAGAATGTTTCAGCATACTGGCTATATATGGAACTTGTTTTTAC
4,4,0,ATACATAAAAAGACAGGAACGTATTTACTGGTTTAAATATAAACAACCTGCTTTTCATCCCAAAAACCGCAGATAATCCTTCCTTTCCCCGGTAGCTGGCGTTATGGCCAGCTGGTTTTTGCAAGAAAGCTCACAATAGAATGTTTCAGCATACTGGCTATCACATTATTGTCAAAGAGG
1,1,0,ATACATAAAAAGACAGGAACGTATTTACTGGTTTAAATATAAACAACCTGCTTTTCATCCCAAAAACCGCAGATAATCCTTCCTTTCCCCGGTAGCTGGCGTTATGGCCAGCTGGTTTTTGCAAGAAAGCTCACAATAGAATGTTTCAGCATACTGGCTATTGGATAAACGTACGGGTCA
5,5,0,ATACATAAAAAGACAGGAACGTATTTCCAGGGTGAAATATAATAATCCTGCTTTTCATAACAAAAACCGCAGATAATCCTACCCTTCCCCGGCAGCTGGCGTTGTGGTTAGATGGTTTTTGCATGAATTCTCACAATATTAAGTTTCAACATACTGAGCAAGCAGCTATCATCTACGGGT
4,4,0,ATACATAAAAAGACAGGAACGTATTTCCAGGGTGAAATATAATAATCCTGCTTTTCATAACAAAAACCGCAGATAATCCTACCCTTCCCCGGCAGCTGGCGTTGTGGTTAGATGGTTTTTGCATGAATTCTCACAATATTAAGTTTCAACATACTGAGCACTTATACCTGCATACGTCTT
2,2,0,ATACATAAAAAGACAGGAACGTATTTCCAGGGTGAAATATAATAATCCTGCTTTTCATAACAAAAACCGCAGATAATCCTACCCTTCCCCGGCAGCTGGCGTTGTGGTTAGATGGTTTTTGCATGAATTCTCACAATATTAAGTTTCAACATACTGAGCATACATAATAGCTGCACCGGG
4,1,3,ATACATAAAAAGACAGGAACGTATTTCCAGGGTGAAATATAATAATCCTGCTTTTCATAACAAAAACCGCAGATAATCCTACCCTTCCCCGGCAGCTGGCGTTGTGGTTAGATGGTTTTTGCATGAATTCTCACAATATTAAGTTTCAACATACTGAGCATCTTTGATGTTAAAACATTT
27,3,24,ATACATAAAAAGACAGGAACGTATTTGCGGGGTCAAATATAAACATCCTGCTTTTCCTCACAAAAACCGCAGATAATCCTTTCTTTCCCCGGCAGCTGGCGTTATGCTCAGATGGTTTTTGCAACAATTCTCACAATAATAAGTTTCAACATACTGACTAAGCCTTCCTTTCTAAAGTCT
16,5,11,ATACATAAAAAGACAGGAACGTATTTGCGGGGTCAAATATAAACATCCTGCTTTTCCTCACAAAAACCGCAGATAATCCTTTCTTTCCCCGGCAGCTGGCGTTATGCTCAGATGGTTTTTGCAACAATTCTCACAATAATAAGTTTCAACATACTGACTATCGAGTACCTAACTCCTGGC
37,2,35,ATACATAAAAAGACAGGAACGTATTTGCGGGGTCAAATATAAACATCCTGCTTTTCCTCACAAAAACCGCAGATAATCCTTTCTTTCCCCGGCAGCTGGCGTTATGCTCAGATGGTTTTTGCAACAATTCTCACAATAATAAGTTTCAACATACTGACTATGTGGTATACATGACTTTAA
5,5,0,ATACATAAAAAGACAGGAACGTTTTTACCGGACTAAATATAATCATCCGGCTTTTCATCACAAAAACCGCAAATATTCCATCCTTTCCCCGGCAGCTGGCGTTATGGTCAGATGGTTTCTGCAACAAATCTCCCTATAACAAGTTTCAACATACTGAGTAATCAGCGACTATTTCTTAGG
5,5,0,ATACATAAAAAGACAGGAACGTTTTTACCGGGCTAAATATAATCATCCGGCTTTTCATCACAAAAACCGCAAATATTCCATCCTTTCCCCGGCAGCTGGCGTTATGGTCAGATGGTTTCTGCAACAAATCTCCCCATAACAAGTTTCAACATACTGAGTATTCAAGATTGATAAGTTCCA
4,4,0,ATACATAAAAAGACAGGAACGTTTTTACCGGGCTAAATATAATCATCCGGCTTTTCATCACAAAAACCGCAAATATTCCATCCTTTCCCCGGCAGCTGGCGTTATGGTCAGATGGTTTCTGCAACAAATCTCCCTATAACAAGTTTCAACATACTGAGTAACGACTTGCGATCGCTGCGT
2,2,0,ATACATAAAAAGACAGGAACGTTTTTACCGGGCTAAATATAATCATCCGGCTTTTCATCACAAAAACCGCAAATATTCCATCCTTTCCCCGGCAGCTGGCGTTATGGTCAGATGGTTTCTGCAACAAATCTCCCTATAACAAGTTTCAACATACTGAGTAATCGTGGATTACCGCGGGTG
5,5,0,ATACATAAAAAGACAGGAACGTTTTTACCGGGCTAAATATAATCATCCGGCTTTTCATCACAAAAACCGCAAATATTCCATCCTTTCCCCGGCAGCTGGCGTTATGGTCAGATGGTTTCTGCAACAAATCTCCCTATAACAAGTTTCAACATACTGAGTACAGAATTTGACGTTTTCGTC
2,2,0,ATACATAAAAAGACAGGAACGTTTTTACCGGGCTAAATATAATCATCCGGCTTTTCATCACAAAAACCGCAAATATTCCATCCTTTCCCCGGCAGCTGGCGTTATGGTCAGATGGTTTCTGCAACAAATCTCCCTATAACAAGTTTCAACATACTGAGTACTGGACAGTATTCGGTTCCA
3,3,0,ATACATAAAAAGACAGGAACGTTTTTACCGGGCTAAATATAATCATCCGGCTTTTCATCACAAAAACCGCAAATATTCCATCCTTTCCCCGGCAGCTGGCGTTATGGTCAGATGGTTTCTGCAACAAATCTCCCTATAACAAGTTTCAACATACTGAGTAGCGGATATCGGTTCACCAGA
1,1,0,ATACATAAAAAGACAGGAACGTTTTTACCGGGCTAAATATAATCATCCGGCTTTTCATCACAAAAACCGCAAATATTCCATCCTTTCCCCGGCAGCTGGCGTTATGGTCAGATGGTTTCTGCAACAAATCTCCCTATAACAAGTTTCAACATACTGAGTATTACGGAGGCGCTTAGGTAC
2,2,0,ATACATAAAAAGACAGGAACGTTTTTACCGGGCTAAATATAATCATCCGGCTTTTCATCACAAAAACCGCAAATATTCCATCCTTTCCCCGGCAGCTGGCGTTATGGTCAGATGGTTTCTGCAACAAATCTCCCTATAACAAGTTTCAACATACTGAGTATTGGGTCTCCATTATAGTCT
24,10,14,ATACATAAAAAGACAGGAACTTATGTACTGGGTTAAACATAATCCTCTTTCTTTTCATCACAAATATCGCAGATAATCCTTCATTTCACCGGAAGGTGGCGTTATAGTCAGATTGTTTTTGCAACAAATCTCACAATAAATAGTTTCAACATACTGACTTCCCCGGGACACACATTGGTT
3,3,0,ATACATAAAAAGACAGGAACTTATGTACTGGGTTAAACATAATCCTCTTTCTTTTCATCACAAATATCGCAGATAATCCTTCATTTCACCGGAAGGTGGCGTTATGGTCAGATTGTTTTTGCAACAAATCTCACAATAAATAGTTTCAACATACTGACTTAATAGGTTTCGAAACTAAGA
1,1,0,ATACATAAAAAGACAGGAACTTATGTACTGGGTTAAACATAATCCTCTTTCTTTTCATCACAAATATCGCAGATAATCCTTCATTTCACCGGAAGGTGGCGTTATGGTCAGATTGTTTTTGCAACAAATCTCACAATAAATAGTTTCAACATACTGACTTACAGTGCGTACGAAATTCCT
3,3,0,ATACATAAAAAGACAGGAACTTATGTACTGGGTTAAACATAATCCTCTTTCTTTTCATCACAAATATCGCAGATAATCCTTCATTTCACCGGAAGGTGGCGTTATGGTCAGATTGTTTTTGCAACAAATCTCACAATAAATAGTTTCAACATACTGACTTTTCTATGTGACGGCGTGACA
8,4,4,ATACATAAAAAGACAGGAACTTATGTACTGGGTTAAACATAATCCTCTTTCTTTTCATCACAAATATCGCAGATAATCCTTCATTTCACCGGAAGGTGGCGTTATGGTCAGATTGTTTTTGCAACAAATCTCACAATAAATAGTTTCCACATACTGACTTAAGAGCAGTGGGCTTGACGA
4,4,0,ATACATAAAAAGACAGGAATGGATTAACTGCGTTAAATATAATCATGATGCTTTTCATCACAACAACCGCAGCTAACCCTTCCTTTCCCCGGCAGCTGGTGTTACGGTCAGATGGTTTTAGTAAAAAATCTCACAATAAAAAGTTTCAACATACTGACGAAACGATGTTAGTGGGGTAAA
12,8,4,ATACATAAAAAGACAGGAATGGATTAACTGCGTTAAATATAATCATGATGCTTTTCATCACAACAACCGCAGCTAACCCTTCCTTTCCCCGGCAGCTGGTGTTACGGTCAGATGGTTTTAGTAAAAAATCTCACAATAAAAAGTTTCAACATACTGACGACCCCGGGGCTTTCTAAGGGC
4,1,3,ATACATAAAAAGACAGGAATGGATTAACTGCGTTAAATATAATCATGATGCTTTTCATCACAACAACCGCAGCTAACCCTTCCTTTCCCCGGCAGCTGGTGTTACGGTCAGATGGTTTTAGTAAAAAATCTCACAATAAAAAGTTTCAACATACTGACGAGAAGCTACATCGATTACAAA
22,11,11,ATACATAAAAAGACAGGAATGGATTAACTGCGTTAAATATAATCATGATGCTTTTCATCACAACAACCGCAGCTAACCCTTCCTTTCCCCGGCAGCTGGTGTTACGGTCAGATGGTTTTAGTAAAAAATCTCACAATAAAAAGTTTCAACATACTGACGATATTGAGTGTTTACGCACTA
6,3,3,ATACATAAAAAGACAGGAATGGATTAACTGCGTTAAATATAATCATGATGCTTTTCATCACAACAACCGCAGCTAACCCTTCCTTTCCCCGGCAGCTGGTGTTACGGTCAGATGGTTTTAGTAAAAAATCTCACAATAAAAAGTTTCAACATACTGACGATCTCCGTACCTCTAAGGTGA
9,4,5,ATACATAAAAAGACAGGAATGTATTTACTGGGTTAAAGATAATCGTCCTGCTTTTCATCACAAAACCCGTAGATAAACCTTCCTTTCCCAGTCAGCTGTCGTTATGGTCAGATGGTTTTTGCAGCCAATCTCACAATAAAAAGTCTCAACATACTGACTGAGTGTCAGGGACATTCCTCA
17,8,9,ATACATAAAAAGACAGGAATGTATTTACTGGGTTAAAGATAATCGTCCTGCTTTTCATCACAAAACCCGTAGATAAACCTTCCTTTCCCAGTCAGCTGTCGTTATGGTCAGATGGTTTTTGCAGCCAATCTCACAATAAAAAGTCTCAACATACTGACTGCCCCCTACGTCGTCTACGTG
5,5,0,ATACATAAAAAGACAGGAATGTATTTACTGGGTTAAAGATAATCGTCCTGCTTTTCATCACAAAACCCGTAGATAAACCTTCCTTTCCCAGTCAGCTGTCGTTATGGTCAGATGGTTTTTGCAGCCAATCTCACAATAAAAAGTCTCAACATACTGACTGCGAAATGTAACTAGATAACG
3,3,0,ATACATAAAAAGACAGGAATGTATTTACTGGGTTAAAGATAATCGTCCTGCTTTTCATCACAAAACCCGTAGATAAACCTTCCTTTCCCAGTCAGCTGTCGTTATGGTCAGATGGTTTTTGCAGCCAATCTCACAATAAAAAGTCTCAACATACTGACTGCTGGAAGCGACATGTGAGTC
15,10,5,ATACATAAAAAGACAGGAATGTATTTACTGGGTTAAAGATAATCGTCCTGCTTTTCATCACAAAACCCGTAGATAAACCTTCCTTTCCCAGTCAGCTGTCGTTATGGTCAGATGGTTTTTGCAGCCAATCTCACAATAAAAAGTCTCAACATACTGACTGGTGAGGTATGAGGGGATTGT
11,9,2,ATACATAAAAAGACAGGAATGTATTTACTGGGTTAAAGATAATCGTCCTGCTTTTCATCACAAAACCCGTAGATAAACCTTCCTTTCCCAGTCAGCTGTCGTTATGGTCAGATGGTTTTTGCAGCCAATCTCACAATAAAAAGTCTCAACATACTGACTGGTTACTCCTCACATTATACG
9,6,3,ATACATAAAAAGACTAGAACGTACTTACTGGGTTAACTATAATCAGACTGCTCTTCCTAATAAGAACCGCAGATATTGGTTCTTTTTCCCGGCATCTGGCGTTATGGTCAGATGGTTTTTGCAACAAATCACACAATAAAAAGTTTCAAAATACTGTGTACTCCCTGTAGCTTAGGACAC
2,2,0,ATACATAAAAAGACTGGAACGTACTTACTGGGTTAACTATAATCAGACTGCTCTTCCTAATAAGAACCGCAGATATTGGTTCTTTTTCCCGGCATCTGGCGTTATGGTCAGATGGTTTTTGCAACAAATCACACAATAAAAAGTTTCAAAATACTGTGTAATCGTTTCGACATAGGGTTG
1,1,0,ATACATAAAAAGACTGGAACGTACTTACTGGGTTAACTATAATCAGACTGCTCTTCCTAATAAGAACCGCAGATATTGGTTCTTTTTCCCGGCATCTGGCGTTATGGTCAGATGGTTTTTGCAACAAATCACACAATAAAAAGTTTCAAAATACTGTGTACCACTTAGCGGTGCCTAGCC
8,5,3,ATACATAAAAAGACTGGAACGTACTTACTGGGTTAACTATAATCAGACTGCTCTTCCTAATAAGAACCGCAGATATTGGTTCTTTTTCCCGGCATCTGGCGTTATGGTCAGATGGTTTTTGCAACAAATCACACAATAAAAAGTTTCAAAATACTGTGTAGACATGGGGAGTCAGCTAGA
13,9,4,ATACATAAAAAGACTGGAACGTACTTACTGGGTTAACTATAATCAGACTGCTCTTCCTAATAAGAACCGCAGATATTGGTTCTTTTTCCCGGCATCTGGCGTTATGGTCAGATGGTTTTTGCAACAAATCACACAATAAAAAGTTTCAAAATACTGTGTATCTAAATATACGGTGGTCCA
1,1,0,ATACATAAAAAGCCAGGAACGTATTTACTGGGTTAGATATTATCATCCTGCTTTTCATCACAAAAACCGACGATAATCTTTCCTTTCCCCGACAGCTGGCGTTATTGTCAGATGGTTTTTGCCACAAATCTCTCGATGAAAAGTTTCAACATACTGACTAAACTGAACCCGCGTCACTTT
4,2,2,ATACATAAAAAGCCAGGAACGTATTTACTGGGTTAGATATTATCATCCTGCTTTTCATCACAAAAACCGACGATAATCTTTCCTTTCCCCGACAGCTGGCGTTATTGTCAGATGGTTTTTGCCACAAATCTCTCGATGAAAAGTTTCAACATACTGACTACAACTGCGGAATTTGGCCCC
3,2,1,ATACATAAAAAGCCAGGAACGTATTTACTGGGTTAGATATTATCATCCTGCTTTTCATCACAAAAACCGACGATAATCTTTCCTTTCCCCGACAGCTGGCGTTATTGTCAGATGGTTTTTGCCACAAATCTCTCGATGAAAAGTTTCAACATACTGACTAGCGCTTACCCAGTTCCCGGG
2,1,1,ATACATAAAAAGCCAGGAACGTATTTACTGGGTTAGATATTATCATCCTGCTTTTCATCACAAAAACCGACGATAATCTTTCCTTTCCCCGACAGCTGGCGTTATTGTCAGATGGTTTTTGCCACAAATCTCTCGATGAAAAGTTTCAACATACTGACTAGTAACTCCGGGATACAACTG
15,13,2,ATACATAAAAAGCCAGGAACGTATTTACTGGGTTAGATATTATCATCCTGCTTTTCATCACAAAAACCGACGATAATCTTTCCTTTCCCCGACAGCTGGCGTTATTGTCAGATGGTTTTTGCCACAAATCTCTCGATGAAAAGTTTCAACATACTGACTATTCCGTTTAGTGCGAACCGA
12,7,5,ATACATAAAAAGCCAGGAACGTATTTACTGGGTTAGATATTATCATCCTGCTTTTCATCACAAAAACCGACGATAATCTTTCCTTTCCCCGACAGCTGGCGTTATTGTCAGATGGTTTTTGCCACAAATCTCTCGATGAAAAGTTTCAACATACTGACTATTGGTCAGGGATAACCTGCT
2,2,0,ATACATAAAAAGCCCGGAACGTATTTACTAGGTTAAATATAATCAGCCTGCTATTCATCACAAAAATCGCAAACAATCCTTTCTTTCCCCGGCAGCCGGCGTTATGGTCAGATGGTTTTTGCAACAAATCTCCCCATAACAAGTTTCAACATATTGCCTAAAACGCATTCGGTAAGAACA
3,2,1,ATACATAAAAAGCCCGGAACGTATTTACTAGGTTAAATATAATCAGCCTGCTATTCATCACAAAAATCGCAAACAATCCTTTCTTTCCCCGGCAGCCGGCGTTATGGTCAGATGGTTTTTGCAACAAATCTCCCCATAACAAGTTTCAACATATTGCCTAGATACGGGAATTTCGTAGCG
7,6,1,ATACATAAAAAGTCAGGAACGTATTTACTGGGTTAGATATTATCATCCTGCTTTTCATCACAAAAACCGACGATAATCTTTCCTTTCCCCGACAGCTGGCGTTATTGTCAGATGGTTTTTGCCACAAATCTCTCGATGAAAAGTTTCAACATACTGACTAATCCCGTGAACTAGACACGG
12,7,5,ATACATAAAACGACAAGAACGGATTTACTGGGTTAGATATAATCTTCCTGCTTTTCATCTCACAAACCGCAAATAATTCTTCCTTTCCCCGGCAGCTGGCGTTATGGTCAGATGGTTTTCGCAACATATCTCACAATAAAAGGTTTCAACATACGGACTCGGAATTTTCGTCAGTGGGCT
13,8,5,ATACATAAAACGACAAGAACGGATTTACTGGGTTAGATATAATCTTCCTGCTTTTCATCTCACAAACCGCAAATAATTCTTCCTTTCCCCGGCAGCTGGCGTTATGGTCAGATGGTTTTCGCAACATATCTCACAATAAAAGGTTTCAACATACGGACTCTGTTATACTAATTCCCTCAC
9,6,3,ATACATAAAACGACAAGAACGGATTTACTGGGTTAGATATAATCTTCCTGCTTTTCATCTCACAAACCGCAAATAATTCTTCCTTTCCCCGGCAGCTGGCGTTATGGTCAGATGGTTTTCGCAACATATCTCACAATAAAAGGTTTCAACATACGGACTCTTGAGTATTTTCAGAAAGCG
1,1,0,ATACATAAAACGACAAGAACGGATTTACTGGGTTAGATATAATCTTCCTGCTTTTCATCTCACAAACCGCAAATAATTCTTCCTTTCCCCGGCAGCTGGCGTTATGGTCAGATGGTTTTCGCAACATATCTCACAATAAAAGGTTTCAACATACGGACTCTTGCACTCGATTACTCAGTT
1,1,0,ATACATAAAACGACAGGAACGTGTTTACTGGGTTAAATATAAGCATCCAGCTTTTCATCACAAAAACCGCAGATTATCTTTCCTTTCCCCGGCAGCTCGCGTTACGGTCAGATGTTTTTTGCACCAAGTCCGACAATACAAACTTACGACATATAGACTAACCTCAAGTTAAGTTACCAT
12,12,0,ATACATAAAACGACAGGAACGTGTTTACTGGGTTAAATATAAGCATCCAGCTTTTCATCACAAAAACCGCAGATTATCTTTCCTTTCCCCGGCAGCTCGCGTTACGGTCAGATGTTTTTTGCACCAAGTCCGACAATACAAACTTACGACATATAGACTAGCAATTAAACTGTGAATGTG
7,7,0,ATACATAAAACGACAGGAACGTGTTTACTGGGTTAAATATAAGCATCCAGCTTTTCATCACAAAAACCGCAGATTATCTTTCCTTTCCCCGGCAGCTCGCGTTACGGTCAGATGTTTTTTGCACCAAGTCCGACAATACAAACTTACGACATATAGACTATGTGGTACTCCCCGCTCAGG
1,1,0,ATACATAAAACGACAGGGACGTATCTACTGGGTAAAATATAATCATCCTGCTTTTCATCACTAAAACCGCAGATAATCCTTCCTTTCTCCGACAGCTGGCGTTATGGTCAGATTGTTTTTGCAATAAATCTCACAATAAAAAGTTTCAACACACTGACTAAAGTTAGAGATTTGTGGTGG
9,6,3,ATACATAAAACGACAGGGACGTATCTACTGGGTAAAATATAATCATCCTGCTTTTCATCACTAAAACCGCAGATAATCCTTCCTTTCTCCGACAGCTGGCGTTATGGTCAGATTGTTTTTGCAATAAATCTCACAATAAAAAGTTTCAACACACTGACTAACAATTCGAAGGAACTGGTA
3,3,0,ATACATAAAACGACAGGGACGTATCTACTGGGTAAAATATAATCATCCTGCTTTTCATCACTAAAACCGCAGATAATCCTTCCTTTCTCCGACAGCTGGCGTTATGGTCAGATTGTTTTTGCAATAAATCTCACAATAAAAAGTTTCAACACACTGACTACCAAAATCGACCCTCCGATC
3,3,0,ATACATAAAACGACAGGGACGTATCTACTGGGTAAAATATAATCATCCTGCTTTTCATCACTAAAACCGCAGATAATCCTTCCTTTCTCCGACAGCTGGCGTTATGGTCAGATTGTTTTTGCAATAAATCTCACAATAAAAAGTTTCAACACACTGACTAGAACAGGACTTAAACTTGGA
13,5,8,ATACATAAAACGACAGGGACGTATCTACTGGGTAAAATATAATCATCCTGCTTTTCATCACTAAAACCGCAGATAATCCTTCCTTTCTCCGACAGCTGGCGTTATGGTCAGATTGTTTTTGCAATAAATCTCACAATAAAAAGTTTCAACACACTGACTATTCCCGGGCATTAACGTAGT
11,0,11,ATACATAAATAGACAGGAACGTAGTTGCTGGGTTAAATATAATCATCCAGCATTTCATCACAAAAACCGCAGATAATCCTTCCATTCCGCGGCAGCTGGCGTTAAGGTCAGATGGTTTGTGCAACAAATCTGACAATTAAAAATTTCAACTTACTGGCTAAAAAACCGAAAGAAGCGGCA
40,4,36,ATACATAAATAGACAGGAACGTAGTTGCTGGGTTAAATATAATCATCCAGCATTTCATCACAAAAACCGCAGATAATCCTTCCATTCCGCGGCAGCTGGCGTTAAGGTCAGATGGTTTGTGCAACAAATCTGACAATTAAAAATTTCAACTTACTGGCTAGAGTTCAGTAAACAGCGGCG
5,3,2,ATACATAAATAGACAGGAACGTAGTTGCTGGGTTAAATATAATCATCCAGCATTTCATCACAAAAACCGCAGATAATCCTTCCATTCCGCGGCAGCTGGCGTTAAGGTCAGATGGTTTGTGCAACAAATCTGACAATTAAAAATTTCAACTTACTGGCTAGTCGCCTGTGCATCTGTCGC
30,11,19,ATACATAAATAGACAGGAACGTAGTTGCTGGGTTAAATATAATCATCCAGCATTTCATCACAAAAACCGCAGATAATCCTTCCATTCCGCGGCAGCTGGCGTTAAGGTCAGATGGTTTGTGCAACAAATCTGACAATTAAAAATTTCAACTTACTGGCTATAAGTCCCATTGCTTATCTA
27,3,24,ATACATAAATAGACAGGAACGTAGTTGCTGGGTTAAATATAATCATCCAGCATTTCATCACAAAAACCGCAGATAATCCTTCCATTCCGCGGCAGCTGGCGTTAAGGTCAGATGGTTTGTGCAACAAATCTGACAATTAAAAATTTCAACTTACTGGCTATGGTTATTAGTCTGATTTCG
15,15,0,ATACATAACAAGACAGGAACGTACTTAGTGGGTTAAATATAATCGTCCTCACCGTCATAACAAAAAGAGCAGATAATCATTCGTTTCCCCGTCGGCTGGCGTTGTGGTCAGATGGTTTTTGCATCAAATCTCACAATAAAAAGTTTCCACGTACTGACTAACTACCTCGACATGCAAGTG
1,1,0,ATACATAACAAGACAGGAACGTACTTAGTGGGTTAAATATAATCGTCCTCACCGTCATAACAAAAAGAGCAGATAATCATTCGTTTCCCCGTCGGCTGGCGTTGTGGTCAGATGGTTTTTGCATCAAATCTCACAATAAAAAGTTTCCACGTACTGACTAATGTGATGGCGTGTCTGAGT
21,21,0,ATACATAACAAGACAGGAACGTACTTAGTGGGTTAAATATAATCGTCCTCACCGTCATAACAAAAAGAGCAGATAATCATTCGTTTCCCCGTCGGCTGGCGTTGTGGTCAGATGGTTTTTGCATCAAATCTCACAATAAAAAGTTTCCACGTACTGACTAGGCCGGCATTAGTTCTTTCG
3,3,0,ATACATAACAAGACAGGAACGTACTTAGTGGGTTAAATATAATCGTCCTCACCGTCATAACAAAAAGAGCAGATAATCATTCGTTTCCCCGTCGGCTGGCGTTGTGGTCAGATGGTTTTTGCATCAAATCTCACAATAAAAAGTTTCCACGTACTGACTATCCGAAGTTCTCTTCTATCT
1,1,0,ATACATAACAAGACAGGAACGTACTTAGTGGGTTAAATATAATCGTCCTCACCGTCATAACAAAAAGAGCAGATAATCATTCGTTTCCCCGTCGGCTGGCGTTGTGGTCAGATGGTTTTTGCATCAAATCTCACAATAAAAAGTTTCCACGTACTGACTATTCGCAGAGCCTGCACTCTT
1,1,0,ATACATAAGAAGACAGGCGTGTATTTACGGGGTCAAATATAATCATCCTGCTTTTCACCACAAAAACCGCAGATAATCCTTCATTTCCCCGGGAGATGGCGTTATGGTCAGTTGGTTTTTGCAACAAATCTCGCCATAGTAAGTTACAACATACTGACTAAAAACCCCTCCAGGCTTCAG
24,6,18,ATACATAAGAAGACAGGCGTGTATTTACGGGGTCAAATATAATCATCCTGCTTTTCACCACAAAAACCGCAGATAATCCTTCATTTCCCCGGGAGATGGCGTTATGGTCAGTTGGTTTTTGCAACAAATCTCGCCATAGTAAGTTACAACATACTGACTAAGCCTCCCGACGTTGCTGAC
2,2,0,ATACATAAGAAGACAGGCGTGTATTTACGGGGTCAAATATAATCATCCTGCTTTTCACCACAAAAACCGCAGATAATCCTTCATTTCCCCGGGAGATGGCGTTATGGTCAGTTGGTTTTTGCAACAAATCTCGCCATAGTAAGTTACAACATACTGACTAATCCCATACGATCTTGAAAA
10,8,2,ATACATAAGAAGACAGGCGTGTATTTACGGGGTCAAATATAATCATCCTGCTTTTCACCACAAAAACCGCAGATAATCCTTCATTTCCCCGGGAGATGGCGTTATGGTCAGTTGGTTTTTGCAACAAATCTCGCCATAGTAAGTTACAACATACTGACTAATTCACGCACCGGTCCATCC
8,6,2,ATACATAAGAAGACAGGCGTGTATTTACGGGGTCAAATATAATCATCCTGCTTTTCACCACAAAAACCGCAGATAATCCTTCATTTCCCCGGGAGATGGCGTTATGGTCAGTTGGTTTTTGCAACAAATCTCGCCATAGTAAGTTACAACATACTGACTACATAATATATTCTCCCTACA
2,2,0,ATACATAAGAAGACAGGCGTGTATTTACGGGGTCAAATATAATCATCCTGCTTTTCACCACAAAAACCGCAGATAATCCTTCATTTCCCCGGGAGATGGCGTTATGGTCAGTTGGTTTTTGCAACAAATCTCGCCATAGTAAGTTACAACATACTGACTACTACTAGCCGCCAGTCTGAG
16,13,3,ATACATAAGAAGACAGGCGTGTATTTACGGGGTCAAATATAATCATCCTGCTTTTCACCACAAAAACCGCAGATAATCCTTCATTTCCCCGGGAGATGGCGTTATGGTCAGTTGGTTTTTGCAACAAATCTCGCCATAGTAAGTTACAACATACTGACTAGATAAATATCCGATACTGGC
6,2,4,ATACATAAGAAGACAGGCGTGTATTTACGGGGTCAAATATAATCATCCTGCTTTTCACCACAAAAACCGCAGATAATCCTTCATTTCCCCGGGAGATGGCGTTATGGTCAGTTGGTTTTTGCAACAAATCTCGCCATAGTAAGTTACAACATACTGACTAGTCCATTCCGAACACTTCCT
10,3,7,ATACATAATAAGACAGGAACGTATTTACTGGGTGAAATATAATCATACTGCTTAGCATCACAAAAACCGCAAATAATCCTTCCTTATCCCGGAAGCTAACGTTATGGTCGCAGGGTTTTTGCCGCAAATCTCACAATAACAAGTTTCACCATAATGACTAGTGTTAACAGGTATGGTTAC
33,7,26,ATACATAATATGACAGGAACGTATTTACTGGGTTAAGTATAAGCTTCCTGCTTCTCTTCACAAAAGGCGCAGATAAGCCTTTCTTTCCCCGGCAGCTGGCGTTATGTTCAGATAGGTTTTGTCACAAATCTCACGATGAAAAGTTTAAACATACCGACTAGAAGACGCGTTGACTATCAT
1,1,0,ATACATAATATGACAGGAACGTATTTACTGGGTTAAGTATAAGCTTCCTGCTTCTCTTCACAAAAGGCGCAGATAAGCCTTTCTTTCCCCGGCAGCTGGCGTTATGTTCAGATAGGTTTTGTCACAAATCTCACGATGAAAAGTTTAAACATACCGACTATATTTTAATTCTCGGCGACT
37,3,34,ATACATACTAAGACAGGAACGTATTTACTGGGTTAAATATAATCGTTCTGCTTTTCATCACAAAAAACGCAGATTATGCTTCCTTTCCCCGGTAGCTAGCGTTATGGTCAGATGGTTTTTGCAACAAATCTCCCAATACAAAGTTTTAGCCTACTGAGTACTATTGTGACCTTGTGAGGA
2,0,2,ATACATACTAAGACAGGAACGTATTTACTGGGTTAAATATAATCGTTCTGCTTTTCATCACAAAAAACGCAGATTATGCTTCCTTTCCCCGGTAGCTGGCGTTATGGTCAGATGGTTTTTGCAACAAATCTCCCAATACAAAGTTTTAGCCTACTGAGTAAGTGGCCTAGACCTCGGCCG
8,3,5,ATACATACTAAGACAGGAACGTATTTACTGGGTTAAATATAATCGTTCTGCTTTTCATCACAAAAAACGCAGATTATGCTTCCTTTCCCCGGTAGCTGGCGTTATGGTCAGATGGTTTTTGCAACAAATCTCCCAATACAAAGTTTTAGCCTACTGAGTAATATCTTTACCTCCTTAATA
11,3,8,ATACATACTAAGACAGGAACGTATTTACTGGGTTAAATATAATCGTTCTGCTTTTCATCACAAAAAACGCAGATTATGCTTCCTTTCCCCGGTAGCTGGCGTTATGGTCAGATGGTTTTTGCAACAAATCTCCCAATACAAAGTTTTAGCCTACTGAGTAATTTTTATAGCGTATATCCA
7,0,7,ATACATACTAAGACAGGAACGTATTTACTGGGTTAAATATAATCGTTCTGCTTTTCATCACAAAAAACGCAGATTATGCTTCCTTTCCCCGGTAGCTGGCGTTATGGTCAGATGGTTTTTGCAACAAATCTCCCAATACAAAGTTTTAGCCTACTGAGTACAGACGAAGATAGCGTGTCT
39,5,34,ATACATACTAAGACAGGAACGTATTTACTGGGTTAAATATAATCGTTCTGCTTTTCATCACAAAAAACGCAGATTATGCTTCCTTTCCCCGGTAGCTGGCGTTATGGTCAGATGGTTTTTGCAACAAATCTCCCAATACAAAGTTTTAGCCTACTGAGTAGATGGACGTACCAATGGCTC
12,3,9,ATACATACTAAGACAGGAACGTATTTACTGGGTTAAATATAATCGTTCTGCTTTTCATCACAAAAAACGCAGATTATGCTTCCTTTCCCCGGTAGCTGGCGTTATGGTCAGATGGTTTTTGCAACAAATCTCCCAATACAAAGTTTTAGCCTACTGAGTAGCAGTTCTTCTCTACACCGC
1,1,0,ATACATACTAAGACAGGAACGTATTTACTGGGTTAAATATAATCGTTCTGCTTTTCATCACAAAAAACGCAGATTATGCTTCCTTTCCCCGGTAGCTGGCGTTATGGTCAGATGGTTTTTGCAACAAATCTCCCAATACAAAGTTTTAGCCTACTGAGTAGTAACTTCAGAGGTCACTAG
23,5,18,ATACATACTAAGACAGGAACGTATTTACTGGGTTAAATATAATCGTTCTGCTTTTCATCACAAAAAACGCAGATTATGCTTCCTTTCCCCGGTAGCTGGCGTTATGGTCAGATGGTTTTTGCAACAAATCTCCCAATACAAAGTTTTAGCCTACTGAGTAGTCCCGCTAGCCACTGCAAG
5,5,0,ATACATAGACAGACAGGAAAGTATTTACTGGGGTAAATATAATCATCCTACTTTTCATCACAAAACCCGCAGATAATCCTTCCTTTCGCCGGTAGCTGGCGTTATGGTCAGACGCTTTGTGCAACAAATCTCACACTAGAAAGTATCAACATACTGTCGAAGCACCAACTCTCCAACTTT
15,3,12,ATACATAGACAGACAGGAAAGTATTTACTGGGGTAAATATAATCATCCTGCTTTTCATCACAAAACCCGCAGATAATCCTTCCTTTCGCCGGTAGCTGGCGTTATGGTCAGACGCTTTGTGCAACAAATCTCACACTAGAAAGTATCAACATACTGTCGAACCTCTATAACGTCGCCAAG
11,0,11,ATACATAGACAGACAGGAAAGTATTTACTGGGGTAAATATAATCATCCTGCTTTTCATCACAAAACCCGCAGATAATCCTTCCTTTCGCCGGTAGCTGGCGTTATGGTCAGACGCTTTGTGCAACAAATCTCACACTAGAAAGTATCAACATACTGTCGAAGGACGTTGCATTTTCATAT
51,14,37,ATACATAGACAGACAGGAAAGTATTTACTGGGGTAAATATAATCATCCTGCTTTTCATCACAAAACCCGCAGATAATCCTTCCTTTCGCCGGTAGCTGGCGTTATGGTCAGACGCTTTGTGCAACAAATCTCACACTAGAAAGTATCAACATACTGTCGACTACCATGTAACACGCGATG
24,5,19,ATACATAGACAGACAGGAAAGTATTTACTGGGGTAAATATAATCATCCTGCTTTTCATCACAAAACCCGCAGATAATCCTTCCTTTCGCCGGTAGCTGGCGTTATGGTCAGACGCTTTGTGCAACAAATCTCACACTAGAAAGTATCAACATACTGTCGAGTGGTCCGTTTTGGCTAACA
14,3,11,ATACATAGACAGACAGGAAAGTATTTACTGGGGTAAATATAATCATCCTGCTTTTCATCACAAAACCCGCAGATAATCCTTCCTTTCGCCGGTAGCTGGCGTTATGGTCAGACGCTTTGTGCAACAAATCTCACACTAGAAAGTATCAACATACTGTCGAGTTGGTGAGCAACAGGTATA
1,1,0,ATACATAGACAGACAGGAAAGTATTTACTGGGGTAAATATAATCATCCTGCTTTTCATCACAAAACCCGCAGATAATCCTTCCTTTCGCCGGTAGCTGGCGTTATGGTCAGACGCTTTGTGCAACAAATCTCACACTAGAAAGTATCAACATACTGTCGATCACGGTAATAACCGGTCAG
4,4,0,ATACATAGGAAGACAGGGACGTATTCACTGGGTTAAAGATAATCATCCTACTTTTCATCACATAAACCACAGAAAAGCCTTCGTTTACCCGGTAGCTGGCAATGTGGTCCGATGGTTATAGCAACAAATCTTGCAATAAAAAGTATCAACAGACTGACTAACGACTACTGTGAGACCGCC
5,4,1,ATACATAGGAAGACAGGGACGTATTCACTGGGTTAAAGATAATCATCCTACTTTTCATCACATAAACCACAGAAAAGCCTTCGTTTACCCGGTAGCTGGCAATGTGGTCCGATGGTTATAGCAACAAATCTTGCAATAAAAAGTATCAACAGACTGACTAAGAATGTGACGGTATGTTGC
5,5,0,ATACATAGGAAGACAGGGACGTATTCACTGGGTTAAAGATAATCATCCTACTTTTCATCACATAAACCACAGAAAAGCCTTCGTTTACCCGGTAGCTGGCAATGTGGTCCGATGGTTATAGCAACAAATCTTGCAATAAAAAGTATCAACAGACTGACTAGACAAGGCCTACCGCCGTAC
7,7,0,ATACATAGGAAGACAGGGACGTATTCACTGGGTTAAAGATAATCATCCTACTTTTCATCACATAAACCACAGAAAAGCCTTCGTTTACCCGGTAGCTGGCAATGTGGTCCGATGGTTATAGCAACAAATCTTGCAATAAAAAGTATCAACAGACTGACTATCAAATTTCCAATGAATGCG
15,0,15,ATACATATATTGACAGGAACGTATTTCCTGGGTTAAATATAATACGCTGGCTTTTCAGAACCAAAACCGCAGATAATCCTTCCTTTCACCGGCTACTGGTCTTAAGGTCGGATGGTTTTTGCAACAAATATCACAATAAAAAGTTTCAACATACTGACTACCTGAGGGAAGTACCGGCCG
177,3,174,ATACATATATTGACAGGAACGTATTTCCTGGGTTAAATATAATACGCTGGCTTTTCAGAACCAAAACCGCAGATAATCCTTCCTTTCACCGGCTACTGGTCTTAAGGTCGGATGGTTTTTGCAACAAATATCACAATAAACAGTTTCAACATACTGACTACAGATGAGTAGAACCACGTG
9,0,9,ATACATATATTGACAGGAACGTATTTCCTGGGTTAAATATAATACGCTGGCTTTTCAGAACCAAAACCGCAGATAATCCTTCCTTTCACCGGCTACTGGTCTTAAGGTCGGATGGTTTTTGCAACAAATATCACAATAAACAGTTTCAACATACTGACTAGGCCCAGAAACAATGAGTCA
7,0,7,ATACATCAAAAGACAGGCACGTATTTTCTGGGTAAAATATCATGATCCTGCATGTCATCACAAAAACCGCGGTTAATCCTTCCTTTCCGCGGCAACTGGCGTTATGGTCAGATTGATTTTGCAACAAATCTCACTCTAAAAACTTTCAACATACTGAATACCAACCCTTCGGCTGTGGGC
14,6,8,ATACATCAAAAGACAGGCACGTATTTTCTGGGTAAAATATCATGATCCTGCATGTCATCACAAAAACCGCGGTTAATCCTTCCTTTCCGCGGCAGCTGGCGTTATGGTCAGATTGATTTTGCAACAAATCTCACTCTAAAAACTTTCAACATACTGAATAGATCCACTATGACGCTTCCG
11,2,9,ATACATCAAAAGACAGGCACGTATTTTCTGGGTAAAATATCATGATCCTGCATGTCATCACAAAAACCGCGGTTAATCCTTCCTTTCCGCGGCAGCTGGCGTTATGGTCAGATTGATTTTGCAACAAATCTCACTCTAAAAACTTTCAACATACTGAATAGCGCTGTAGGATATGCATTG
19,6,13,ATACATCAAAAGACAGGCACGTATTTTCTGGGTAAAATATCATGATCCTGCATGTCATCACAAAAACCGCGGTTAATCCTTCCTTTCCGCGGCAGCTGGCGTTATGGTCAGATTGATTTTGCAACAAATCTCACTCTAAAAACTTTCAACATACTGAATAGCTTTGATCGTAGTTGTTGG
26,12,14,ATACATCAAAAGACAGGCACGTATTTTCTGGGTAAAATATCATGATCCTGCATGTCATCACAAAAACCGCGGTTAATCCTTCCTTTCCGCGGCAGCTGGCGTTATGGTCAGATTGATTTTGCAACAAATCTCACTCTAAAAACTTTCAACATACTGAATATGCGACTCTAAAGCAGTATG
51,6,45,ATACATTAACAGACAGGAACACATTTACTGGGTTAAGTATAATCATCCTGCTTTTCATCACAAAAACCGCAGATAGTCCTACCTTGCCCCGTCAGCTAGCGTTATGATCAGGTCGTTTTTGCAATAAATCTCACAGAAAGGAGTTTGGACATACTGACTAAGTAGTCCCGTTTGGGTCCT
34,2,32,ATACATTAACAGACAGGAACACATTTACTGGGTTAAGTATAATCATCCTGCTTTTCATCACAAAAACCGCAGATAGTCCTACCTTGCCCCGTCAGCTAGCGTTATGATCAGGTCGTTTTTGCAATAAATCTCACAGAAAGGAGTTTGGACATACTGACTATATGGGGTCATGTACCGAAT
47,0,47,ATACATTAACAGACAGGAACACATTTACTGGGTTAAGTATAATCATCCTGCTTTTCATCACAAAAACCGCAGATAGTCCTACCTTGCCCCGTCAGCTAGCGTTATGATCAGGTCGTTTTTGCAATAAATCTCACAGAAAGGAGTTTGGACATACTGACTATCGGACGCGTTCGGTAAAGT
14,5,9,ATACATTAATAGACAGAAACGTATTTACTTGGTAAAATATAATCATCATGCCTTTCATCACTAAAACCGAAGATAATCCTCGCTTTCCCCTGCAGCTGGCGTTATTGTCAGATGGTTTTTACAACAAACCCCTCCATACAAGGTCGCAACATTCTGCCTAACCCTACCATCGTCACACCT
2,2,0,ATACATTAATAGACAGAAACGTATTTACTTGGTAAAATATAATCATCATGCCTTTCATCACTAAAACCGAAGATAATCCTCGCTTTCCCCTGCAGCTGGCGTTATTGTCAGATGGTTTTTACAACAAACCCCTCCATACAAGGTCGCAACATTCTGCCTAAGACTAAGCGTGACGATGAT
6,5,1,ATACATTAATAGACAGAAACGTATTTACTTGGTAAAATATAATCATCATGCCTTTCATCACTAAAACCGAAGATAATCCTCGCTTTCCCCTGCAGCTGGCGTTATTGTCAGATGGTTTTTACAACAAACCCCTCCATACAAGGTCGCAACATTCTGCCTACAAAATTGTGCGGTACTGCT
2,0,2,ATACATTAATAGACAGAAACGTATTTACTTGGTAAAATATAATCATCATGCCTTTCATCACTAAAACCGAAGATAATCCTCGCTTTCCCCTGCAGCTGGCGTTATTGTCAGATGGTTTTTACAACAAACCCCTCCATACAAGGTCGCAACATTCTGCCTATATAAGCGCTTCGAAACGAC
9,9,0,ATACCAAAAAAAAGAGGAACGTATTTACTGGGCTAACTATAATCATCCTGCTTCTCATGACCCAAACCGCAGATAAGCCTCCCTTTCCCCGGGAGCTGGCTTTGTCGTCAGCTGGTTTTTGCAACAATTCTCACAATAAAAAGTTTCAACATACTGACTAATGATAAGGCAGTTGTATAT
2,2,0,ATACCAAAAAAAAGAGGAACGTATTTACTGGGCTAACTATAATCATCCTGCTTCTCATGACCCAAACCGCAGATAAGCCTCCCTTTCCCCGGGAGCTGGCTTTGTCGTCAGCTGGTTTTTGCAACAATTCTCACAATAAAAAGTTTCAACATACTGACTACAGTCTACACCATGGGTCAA
7,7,0,ATACCAAAAAAAAGAGGAACGTATTTACTGGGCTAACTATAATCATCCTGCTTCTCATGACCCAAACCGCAGATAAGCCTCCCTTTCCCCGGGAGCTGGCTTTGTCGTCAGCTGGTTTTTGCAACAATTCTCACAATAAAAAGTTTCAACATACTGACTACGCGACGAACGGTCAAACCG
1,1,0,ATACCAAAAAAAAGAGGAACGTATTTACTGGGCTAACTATAATCATCCTGCTTCTCATGACCCAAACCGCAGATAAGCCTCCCTTTCCCCGGGAGCTGGCTTTGTCGTCAGCTGGTTTTTGCAACAATTCTCACAATAAAAAGTTTCAACATACTGACTACTTGAGTGTTATAGCAGACA
3,3,0,ATACCAAAAAAAAGAGGAACGTATTTACTGGGCTAACTATAATCATCCTGCTTCTCATGACCCAAACCGCAGATAAGCCTCCCTTTCCCCGGGAGCTGGCTTTGTCGTCAGCTGGTTTTTGCAACAATTCTCACAATAAAAAGTTTCAACATACTGACTAGGTGAGACGCCTCACAGTGA
1,1,0,ATACCAAAAAAAAGAGGAACGTATTTACTGGGCTAACTATAATCATCCTGCTTCTCATGACCCAAACCGCAGATAAGCCTCCCTTTCCCCGGGAGCTGGCTTTGTCGTCAGCTGGTTTTTGCAACAATTCTCACAATAAAAAGTTTCAACATACTGACTATCATCTGAATTCATCGGAAA
7,7,0,ATACCAAAAAAAAGAGGAACGTATTTACTGGGCTAACTATAATCATCCTGCTTCTCATGACCCAAACCGCAGATAAGCCTCCCTTTCCCCGGGAGCTGGCTTTGTCGTCAGCTGGTTTTTGCAACAATTCTCACAATAAAAAGTTTCAACATACTGACTATGTCTGTTTGGCTTTAATGA
10,10,0,ATACCAAAAAAACTAGAAACGTAGTTATTGGGTTAAGTATGGTCATCCTGCTTTTCATCACAAAAACCGCGGATAATCCTTCCGTTCTCCGGCAGCTGGATTCCTGATCATATGGTTTTTGCAACAAATCTCACAATAAAAAGTTTCCCCATAATGACTAGAAACAGCTGAGTATGGGAC
18,17,1,ATACCAAAAAAGACAGAAACGAATTTACTGGGTTAAATATAAGCATCCTGATTTTCATCACAAAAACCTTAGATAATCCGTCCTTTGCCCGGCAGCTGACGGTATGGTCAGATGGTTTTTGCGACAAATCTCAAAATAAATTGTCTCAACGTACTGATTATGTCTACCACCTTCTCATCC
2,2,0,ATACCAAAAAAGACAGAAACTTATTTAATGGGTTAAATATAATTATCCTGCGTTTCATCACAAACACCGCAGATAATCCTTCCTTTCCCTGGCAGGTGGCTTTATGGTTAGATGGTTTTTGCAACAAACCCCATATTAAAAAGTTTCATAATACCGACTACCTAACTAATAAGCTCTTCT
41,20,21,ATACCAAAAAAGACAGGAACATATTTAATGGGTTAAATATAATCATCCTGCTTTTCATCAGAAAAACCGCAGATAATCCTTCCTTTCCCCAGCAGCTCGCGTTATGGTCAGATGGTTTTTGCAAGCAATCATACAATAAAAAGTTTCAACATACTGACTACGAGCGAATCCCTAGCCAAG
3,3,0,ATACCAAAAAAGACAGGAACATATTTAATGGGTTAAATATAATCATCCTGCTTTTCATCAGAAAAACCGCAGATAATCCTTCCTTTCCCCGGCAGCTCGCGTTATGGTCAGATGGTTTTTGCAAGCAATCATACAATAAAAAGTTTCAACATACTGACTAGATTATGTGCGTCTTTGGAT
6,6,0,ATACCAAAAAAGACAGGAACCTACTTACTGGGTTAAATATAATCACCCTGCTCTTCATCACAGAAACCGCAGACAATCCAACTTTTCCCCGGGAGCTGGCGTTGTGGTCAGTTGGTTTTTGCAACAAGTCTCACAAGAAAATGTTTCAACATACTGCCTAAAAAAAGTGTTCGCATGAGG
3,3,0,ATACCAAAAAAGACAGGAACCTACTTACTGGGTTAAATATAATCACCCTGCTCTTCATCACAGAAACCGCAGACAATCCAACTTTTCCCCGGGAGCTGGCGTTGTGGTCAGTTGGTTTTTGCAACAAGTCTCACAAGAAAATGTTTCAACATACTGCCTAATCCGTCTCTACACGGCTCT
2,2,0,ATACCAAAAAAGACAGGAACCTACTTACTGGGTTAAATATAATCACCCTGCTCTTCATCACAGAAACCGCAGACAATCCAACTTTTCCCCGGGAGCTGGCGTTGTGGTCAGTTGGTTTTTGCAACAAGTCTCACAAGAAAATGTTTCAACATACTGCCTAATCTCGTTTGTGTGTCAAGT
2,2,0,ATACCAAAAAAGACAGGAACCTACTTACTGGGTTAAATATAATCACCCTGCTCTTCATCACAGAAACCGCAGACAATCCAACTTTTCCCCGGGAGCTGGCGTTGTGGTCAGTTGGTTTTTGCAACAAGTCTCACAAGAAAATGTTTCAACATACTGCCTACATTTCAGCTGAGACGCCAT
3,3,0,ATACCAAAAAAGACAGGAACCTACTTACTGGGTTAAATATAATCACCCTGCTCTTCATCACAGAAACCGCAGACAATCCAACTTTTCCCCGGGAGCTGGCGTTGTGGTCAGTTGGTTTTTGCAACAAGTCTCACAAGAAAATGTTTCAACATACTGCCTACGGGTCAGTTGACAACCCCT
2,2,0,ATACCAAAAAAGACAGGAACCTACTTACTGGGTTAAATATAATCACCCTGCTCTTCATCACAGAAACCGCAGACAATCCAACTTTTCCCCGGGAGCTGGCGTTGTGGTCAGTTGGTTTTTGCAACAAGTCTCACAAGAAAATGTTTCAACATACTGCCTACTGTGTTACTGCGCGTGCTG
8,7,1,ATACCAAAAAAGACAGGAACCTACTTACTGGGTTAAATATAATCACCCTGCTCTTCATCACAGAAACCGCAGACAATCCAACTTTTCCCCGGGAGCTGGCGTTGTGGTCAGTTGGTTTTTGCAACAAGTCTCACAAGAAAATGTTTCAACATACTGCCTAGGCCGGGCACCGAACAAATT
2,2,0,ATACCAAAAAAGACAGGAACCTACTTACTGGGTTAAATATAATCACCCTGCTCTTCATCACAGAAACCGCAGACAATCCAACTTTTCCCCGGGAGCTGGCGTTGTGGTCAGTTGGTTTTTGCAACAAGTCTCACAAGAAAATGTTTCAACATACTGCCTAGTATTTTTCCGAAACTCCAT
2,2,0,ATACCAAAAAAGACAGGAACCTACTTACTGGGTTAAATATAATCACCCTGCTCTTCATCACAGAAACCGCAGACAATCCAACTTTTCCCCGGGAGCTGGCGTTGTGGTCAGTTGGTTTTTGCAACAAGTCTCACAAGAAAATGTTTCAACATACTGCCTAGTCGTATCCTAACTCTCCAA
2,1,1,ATACCAAAAAAGACAGGAACCTACTTACTGGGTTAAATATAATCACCCTGCTCTTCATCACAGAAACCGCAGACAATCCAACTTTTCCCCGGGAGCTGGCGTTGTGGTCAGTTGGTTTTTGCAACAAGTCTCACAAGAAAATGTTTCAACATACTGCCTATACGTGGAGCCTAGGCCAGC
1,1,0,ATACCAAAAAAGACAGGAACCTACTTACTGGGTTAAATATAATCACCCTGCTCTTCATCACAGAAACCGCAGACAATCCAACTTTTCCCCGGGAGCTGGCGTTGTGGTCAGTTGGTTTTTGCAACAAGTCTCACAAGAAAATGTTTCAACATACTGCCTATCTTAATCACACTTTTTAGC
9,9,0,ATACCAAAAAAGACAGGAACCTACTTACTGGGTTAAATATAATCACCCTGCTCTTCATCACAGAAACCGCAGACAATCCAACTTTTCCCCGGGAGCTGGCGTTGTGGTCAGTTGGTTTTTGCAACAAGTCTCACAAGAAAATGTTTCAACATACTGCCTATCTTCAGAATAAATGAGTGA
8,8,0,ATACCAAAAAAGACAGGAACCTACTTACTGGGTTAAATATAATCACCCTGCTCTTCATCACAGAAACCGCAGACAATCCAACTTTTCCCCGGGAGCTGGCGTTGTGGTCAGTTGGTTTTTGCAACAAGTCTCACAAGAAAATGTTTCAACATACTGCCTATGTTCTTGTCTAGGCCAACA
10,10,0,ATACCAAAAAAGACAGGAACGAATTTACTGGGTAAAATATAATCATCCTGCTTTTGATCACAACACCCGAAGATAACCCTTCCTTTTCCCGGCAGCTGGCGTAACGGTCAGATAGTTGTTGGACCAAATCTCAAGATAAAAAGTTTCAACATACTGACTCACCGCCCACCATTGTAGGCA
1,0,1,ATACCAAAAAAGACAGGAACGAATTTACTGGGTAAAATATAATCATCCTGCTTTTGATCACAACACCCGAAGATAACCCTTCCTTTTCCCGGCAGCTGGCGTAACGGTCAGATGGTTGTTGGACCAAATCTCAAGATAAAAAGTTTCAACATACTGACTCAGCCTTGTTCTATAGCCATT
4,4,0,ATACCAAAAAAGACAGGAACGAATTTACTGGGTAAAATATAATCATCCTGCTTTTGATCACAACACCCGAAGATAACCCTTCCTTTTCCCGGCAGCTGGCGTAACGGTCAGATGGTTGTTGGACCAAATCTCAAGATAAAAAGTTTCAACATACTGACTCATTAGCGGCCCCAAGCACTT
5,5,0,ATACCAAAAAAGACAGGAACGAATTTACTGGGTAAAATATAATCATCCTGCTTTTGATCACAACACCCGAAGATAACCCTTCCTTTTCCCGGCAGCTGGCGTAACGGTCAGATGGTTGTTGGACCAAATCTCAAGATAAAAAGTTTCAACATACTGACTCCAGACTCCGTTGTACATATG
1,1,0,ATACCAAAAAAGACAGGAACGAATTTACTGGGTAAAATATAATCATCCTGCTTTTGATCACAACACCCGAAGATAACCCTTCCTTTTCCCGGCAGCTGGCGTAACGGTCAGATGGTTGTTGGACCAAATCTCAAGATAAAAAGTTTCAACATACTGACTCCCCCCATTACACGCGTGGGT
5,5,0,ATACCAAAAAAGACAGGAACGAATTTACTGGGTAAAATATAATCATCCTGCTTTTGATCACAACACCCGAAGATAACCCTTCCTTTTCCCGGCAGCTGGCGTAACGGTCAGATGGTTGTTGGACCAAATCTCAAGATAAAAAGTTTCAACATACTGACTCCGCTGGATTTCATCCCCGTT
2,2,0,ATACCAAAAAAGACAGGAACGAATTTACTGGGTAAAATATAATCATCCTGCTTTTGATCACAACACCCGAAGATAACCCTTCCTTTTCCCGGCAGCTGGCGTAACGGTCAGATGGTTGTTGGACCAAATCTCAAGATAAAAAGTTTCAACATACTGACTCCTAATTGCATGCACGCATAG
1,1,0,ATACCAAAAAAGACAGGAACGAATTTACTGGGTAAAATATAATCATCCTGCTTTTGATCACAACACCCGAAGATAACCCTTCCTTTTCCCGGCAGCTGGCGTAACGGTCAGATGGTTGTTGGACCAAATCTCAAGATAAAAAGTTTCAACATACTGACTCGAGTAGTGCTAACTCAGCTT
1,1,0,ATACCAAAAAAGACAGGAACGAATTTACTGGGTAAAATATAATCATCCTGCTTTTGATCACAACACCCGAAGATAACCCTTCCTTTTCCCGGCAGCTGGCGTAACGGTCAGATGGTTGTTGGACCAAATCTCAAGATAAAAAGTTTCAACATACTGACTCGAGTGACGCATCAGTTGATC
2,2,0,ATACCAAAAAAGACAGGAACGAATTTACTGGGTAAAATATAATCATCCTGCTTTTGATCACAACACCCGAAGATAACCCTTCCTTTTCCCGGCAGCTGGCGTAACGGTCAGATGGTTGTTGGACCAAATCTCAAGATAAAAAGTTTCAACATACTGACTCGTGAAATTTTGATAAGCTAC
13,13,0,ATACCAAAAAAGACAGGAACGAATTTACTGGGTAAAATATAATCATCCTGCTTTTGATCACAACACCCGAAGATAACCCTTCCTTTTCCCGGCAGCTGGCGTAACGGTCAGATGGTTGTTGGACCAAATCTCAAGATAAAAAGTTTCAACATACTGACTCTACCTCATATTGTTACGGTG
15,15,0,ATACCAAAAAAGACAGGAACGAATTTACTGGGTAAAATATAATCATCCTGCTTTTGATCACAACACCCGAAGATAACCCTTCCTTTTCCCGGCAGCTGGCGTAACGGTCAGATGGTTGTTGGACCAAATCTCAAGATAAAAAGTTTCAACATACTGACTCTTAATGACAGCATGAGTGCT
6,6,0,ATACCAAAAAAGACAGGAACGAATTTACTGGGTAAAATATAATCATCCTGCTTTTGATCACAACACCCGAAGATAACCCTTCCTTTTCCCGGCAGCTGGCGTAACGGTCAGATGGTTGTTGGACCAAATCTCAAGATAAAAAGTTTCAACATACTGACTCTTGCGACGCTCAGATTTTGT
3,3,0,ATACCAAAAAAGACAGGAACGAATTTACTGGGTAAAATATAATCATCCTGCTTTTTATCACAACACCCGAAGATAACCCTTCCTTTTCCCGGCAGCTGGCGTAACGGTCAGATGGTTGTTGGACCAAATCTCAAGATAAAAAGTTTCAACATACTGACTCGTTTATAAAGATTACGGCGT
6,6,0,ATACCAAAAAAGACAGGAACGTATTTACTGGGTTAAATATCATCATCCTGGTTTGCATCACAAGAACCGCAGATAAGCCTTCCTTTTCCCGGCAGCTGTCGTTATAGTCAGATTGTTTTTGCCACAATTTTCACATTGAAAAGTTCCAACATACTGACTAAAAGTGTCTAGTTCCAATCG
3,0,3,ATACCAAAAAAGACAGGAACGTATTTACTGGGTTAAATATCATCATCCTGGTTTGCATCACAAGAACCGCAGATAAGCCTTCCTTTTCCCGGCAGCTGTCGTTATAGTCAGATTGTTTTTGCCACAATTTTCACATTGAAAAGTTCCAACATACTGACTAAATAGGCAATGTGAACCCAG
17,10,7,ATACCAAAAAAGACAGGAACGTATTTACTGGGTTAAATATCATCATCCTGGTTTGCATCACAAGAACCGCAGATAAGCCTTCCTTTTCCCGGCAGCTGTCGTTATAGTCAGATTGTTTTTGCCACAATTTTCACATTGAAAAGTTCCAACATACTGACTAAGTAGCGAACGACGACAGAA
5,0,5,ATACCAAAAAAGACAGGAACGTATTTACTGGGTTAAATATCATCATCCTGGTTTGCATCACAAGAACCGCAGATAAGCCTTCCTTTTCCCGGCAGCTGTCGTTATAGTCAGATTGTTTTTGCCACAATTTTCACATTGAAAAGTTCCAACATACTGACTAATATGTGCCCAAAAGCACCA
9,1,8,ATACCAAAAAAGACAGGAACGTATTTACTGGGTTAAATATCATCATCCTGGTTTGCATCACAAGAACCGCAGATAAGCCTTCCTTTTCCCGGCAGCTGTCGTTATAGTCAGATTGTTTTTGCCACAATTTTCACATTGAAAAGTTCCAACATACTGACTATACATGAGAGACGTTAGTGG
4,1,3,ATACCAAAAAAGACAGGAACGTATTTACTGGGTTAAATATCATCATCCTGGTTTGCATCACAAGAACCGCAGATAAGCCTTCCTTTTCCCGGCAGCTGTCGTTATAGTCAGATTGTTTTTGCCACAATTTTCACATTGAAAAGTTCCAACATACTGACTATAGTTTATACGGATGTATCC
31,8,23,ATACCAAAAAAGACAGGAACGTATTTACTGGGTTAAATATCATCATCCTGGTTTGCATCACAAGAACCGCAGATAAGCCTTCCTTTTCCCGGCAGCTGTCGTTATAGTCAGATTGTTTTTGCCACAATTTTCACATTGAAAAGTTCCAACATACTGACTATCTTTCTCGGGCTATCCCGG
9,5,4,ATACCAAAAAAGACAGGAACGTATTTACTGGGTTAAATATCATCATCCTGGTTTGCATCACAAGAACCGCAGATAAGCCTTCCTTTTCCCGGCAGCTGTCGTTATAGTCAGATTGTTTTTGCCACAATTTTCACATTGAAAAGTTCCAACATACTGACTATTCTCCTCAAGTATGCACAC
5,2,3,ATACCAAAAAAGACAGGAACGTATTTACTGGGTTAAATATCATCATCCTGGTTTGCATCACAAGAACCGCAGATAAGCCTTCCTTTTCCCGGCAGCTGTCGTTATAGTCAGATTGTTTTTGCCACAATTTTCACATTGAAAAGTTCCAACATACTGACTATTGAGACGAAAATACTGAAG
9,3,6,ATACCAAAAAAGACAGGAACGTATTTACTGGGTTAAATATCATCATCCTGGTTTGCATCACAAGAACCGCAGATAAGCCTTCCTTTTCCCGGCAGCTGTCGTTATAGTCAGATTGTTTTTGCCACAATTTTCACATTGAAAAGTTCCAACATACTGACTATTGATGGATTAGTTACATTA
4,0,4,ATACCAAAAAAGACATGAACGTATTTACTGGGTTAAATATCATCATCCTGGTTTGCATCACAAGAACCGCAGATAAGCCTTCCTTTTCCCGGCAGCTGTCGTTATAGTCAGATTGTTTTTGCCACAATTTTCACATTGAAAAGTTCCAACATACTGACTATGGGGCTAAAGTTCGAGTCT
41,5,36,ATACCAAAAAAGATAAGACCGTATTTACTGGGTTAAATATCAAGATCCGGCTTTTCATCACAATATCCGGAGATAATCCTTCCTCTCCCCGGCAGCTGGTGCTAGAGTCGGATGGTTTTTGCAACAAATCTCATAATAAAACTTTACAACATGATGACTACTATTTGTTGGCATCTTCAC
32,3,29,ATACCAAAAAAGATAGGACCGTATTTACTGGGTTAAATATCAAGATCCGGCTTTTCATCACAATATCCGGAGATAATCCTTCCTCTCCCCGGCAGCTGGTGCTAGAGTCGGATGGTTTTTGCAACAAATCTCATAATAAAACTTTACAACATGATGACTACTTCTGTCCGAGCGAATGAT
6,1,5,ATACCAAAAAAGATAGGACCGTATTTACTGGGTTAAATATCAAGATCCGGCTTTTCATCACAATATCCGGAGATAATCCTTCCTCTCCCCGGCAGCTGGTGCTAGAGTCGGATGGTTTTTGCAACAAATCTCATAATAAAACTTTACAACATGATGACTATCGGAAAGGAAGTGACTCTC
3,3,0,ATACCAAAAAAGCTAGAAACGTAGTTATTGGGTTAAGTATGGTCATCCTGCTTTTCATCACAAAAACCGCGGATAATCCTTCCGTTCTCCGGCAGCTGGATTCCTGATCATATGGTTTTTGCAACAAATCTCACAATAAAAAGTTTCCCCATAATGACTATCAGGTCGTTGCCTCTCTTG
10,0,10,ATACCAAAAAAGGCAGGAACGTATTTACTAGGTTAAAGATAATCATCCTGCTTTTCATCACAAAAACCGCAGGTAAACCTTCCTCTCCCCGTCTGCTGGCGTTATGATCAGATGGTTTTTGCAGCAAATCTCACAATAAAAAGTTGCAACATACTGACAACAATCTGCATCGGGCTGATG
62,3,59,ATACCAAAAAAGGCAGGAACGTATTTACTAGGTTAAAGATAATCATCCTGCTTTTCATCACAAAAACCGCAGGTAAACCTTCCTCTCCCCGTCTGCTGGCGTTATGATCAGATGGTTTTTGCAGCAAATCTCACAATAAAAAGTTGCAACATACTGACAACCCACAAGTGCTACGGGCTA
28,0,28,ATACCAAAAAAGGCAGGAACGTATTTACTAGGTTAAAGATAATCATCCTGCTTTTCATCACAAAAACCGCAGGTAAACCTTCCTCTCCCCGTCTGCTGGCGTTATGATCAGATGGTTTTTGCAGCAAATCTCACAATAAAAAGTTGCAACATACTGACAAGACAGATTAGCCTGAACGGA
34,3,31,ATACCAAAAAAGGCAGGAACGTATTTACTAGGTTAAAGATAATCATCCTGCTTTTCATCACAAAAACCGCAGGTAAACCTTCCTCTCCCCGTCTGCTGGCGTTATGATCAGATGGTTTTTGCAGCAAATCTCACAATAAAAAGTTGCAACATACTGACAAGGTTAGTCAGCTATACCGAC
72,2,70,ATACCAAAAAAGGCAGGAACGTATTTACTAGGTTAAAGATAATCATCCTGCTTTTCATCACAAAAACCGCAGGTAAACCTTCCTCTCCCCGTCTGCTGGCGTTATGATCAGATGGTTTTTGCAGCAAATCTCACAATAAAAAGTTGCAACATACTGACAATGGCGCGTAACAGGGTTATG
2,0,2,ATACCAAAAAAGTCAGGGACGTATTTTCTGGGTGAAATATAATCATCATGCTCTTCATCTCAAAGACAGCAGATATTCCTTCCGTTCCCCAGCTTCTGGCGTTATGGTCAGATGGTTTTAGCAACAAATCTCACAATAAAAAGTTTCAACATACTGAGTAAATCCCTGTCATCCATAGCC
1,1,0,ATACCAAAAAAGTCAGGGACGTATTTTCTGGGTGAAATATAATCATCATGCTCTTCATCTCAAAGACAGCAGATATTCCTTCCGTTCCCCAGCTTCTGGCGTTATGGTCAGATGGTTTTAGCAACAAATCTCACAATAAAAAGTTTCAACATACTGAGTAGCTTGGTACGCAGAATCTGC
1,1,0,ATACCAAAAAAGTCAGGGACGTATTTTCTGGGTGAAATATAATCATCATGCTCTTCATCTCAAAGACAGCAGATATTCCTTCCGTTCCCCAGCTTCTGGCGTTATGGTCAGATGGTTTTAGCAACAAATCTCACAATAAAAAGTTTCAACATACTGAGTATCAGTTGGGCCTTGATCTAA
4,4,0,ATACCAAAACAGACAGGAACGTGTTTACCGGGTTAAATATATTCAGACTGCTTTTCAGAACAAAACCTGCAGATAATCCTTACTTTCCCCGGCAGCTGGCGTTATGGTCAGATGGTTTTTGCAACAAATAGCACAATAAATAGTTTACACATACTGACTACATAGCTTATTGCAGCATTG
6,4,2,ATACCAAAACAGACAGGAACGTGTTTACCGGGTTAAATATATTCAGACTGCTTTTCAGAACAAAACCTGCAGATAATCCTTACTTTCCCCGGCAGCTGGCGTTATGGTCAGATGGTTTTTGCAACAAATAGCACAATAAATAGTTTACACATACTGACTACTTTCCGGCAATACCTGCTG
5,5,0,ATACCAAAACAGACAGGAACGTGTTTACCGGGTTAAATATATTCAGACTGCTTTTCAGAACAAAACCTGCAGATAATCCTTACTTTCCCCGGCAGCTGGCGTTATGGTCAGATGGTTTTTGCAACAAATAGCACAATAAATAGTTTACACATACTGACTATCGTCGTCACGCGCCGAGAG
3,3,0,ATACCAAACAAGACAGGAACTTATTTACTGGGTTAAATGTAGTAATCCTACTTGTCATGACAAAAGCCGCAGATAATCCTTCCTTTCCCCGGCAGCTGGCGCTATGGTCAGATGTTTTTTGCAACAAAGCTCACAATATAAAATTTCAACATAATGGCTAAAAACCCCGCGCGAGCTTTT
5,5,0,ATACCAAACAAGACAGGAACTTATTTACTGGGTTAAATGTAGTAATCCTACTTGTCATGACAAAAGCCGCAGATAATCCTTCCTTTCCCCGGCAGCTGGCGCTATGGTCAGATGTTTTTTGCAACAAAGCTCACAATATAAAATTTCAACATAATGGCTAATAAGTTTCAGCGTAACTAA
24,24,0,ATACCAAACAAGACAGGAACTTATTTACTGGGTTAAATGTAGTAATCCTACTTGTCATGACAAAAGCCGCAGATAATCCTTCCTTTCCCCGGCAGCTGGCGCTATGGTCAGATGTTTTTTGCAACAAAGCTCACAATATAAAATTTCAACATAATGGCTAATCTTAACCTAGCCGTAAGT
1,1,0,ATACCAAACAAGACAGGAACTTATTTACTGGGTTAAATGTAGTAATCCTACTTGTCATGACAAAAGCCGCAGATAATCCTTCCTTTCCCCGGCAGCTGGCGCTATGGTCAGATGTTTTTTGCAACAAAGCTCACAATATAAAATTTCAACATAATGGCTACCTCCTGGAATGGGTTTAAA
1,1,0,ATACCAAACAAGACAGGAACTTATTTACTGGGTTAAATGTAGTAATCCTACTTGTCATGACAAAAGCCGCAGATAATCCTTCCTTTCCCCGGCAGCTGGCGCTATGGTCAGATGTTTTTTGCAACAAAGCTCACAATATAAAATTTCAACATAATGGCTACTTAACATCAATCCGCTATC
10,7,3,ATACCAAACAAGACAGGAACTTATTTACTGGGTTAAATGTAGTAATCCTACTTGTCATGACAAAAGCCGCAGATAATCCTTCCTTTCCCCGGCAGCTGGCGCTATGGTCAGATGTTTTTTGCAACAAAGCTCACAATATAAAATTTCAACATAATGGCTAGAAGGATCCGGTACGATCCA
3,3,0,ATACCAAACAAGACAGGAACTTATTTACTGGGTTAAATGTAGTAATCCTACTTGTCATGACAAAAGCCGCAGATAATCCTTCCTTTCCCCGGCAGCTGGCGCTATGGTCAGATGTTTTTTGCAACAAAGCTCACAATATAAAATTTCAACATAATGGCTAGCGGGCTCTCGAATGGCACC
2,2,0,ATACCAAACAAGACAGGAACTTATTTACTGGGTTAAATGTAGTAATCCTACTTGTCATGACAAAAGCCGCAGATAATCCTTCCTTTCCCCGGCAGCTGGCGCTATGGTCAGATGTTTTTTGCAACAAAGCTCACAATATAAAATTTCAACATAATGGCTAGTCGTAAGACTGGCTCTTGC
5,5,0,ATACCAAACAAGACAGGAACTTATTTACTGGGTTAAATGTAGTAATCCTACTTGTCATGACAAAAGCCGCAGATAATCCTTCCTTTCCCCGGCAGCTGGCGCTATGGTCAGATGTTTTTTGCAACAAATGTCACAATGAAAATTTTCAACATACTGACTAGCTATCCTTGTCTTCCCGAT
1,1,0,ATACCAAAGAGGACAGGAACGCATTTATTGGATTAAATATAATCATCCTGCTTTTGATCAGAAAAACCTCCGATAATCCGTCCTTTCCCCGACAGCTGGCGTTATGGTCAGATCGTTTTTGCAGCAAGTCTCACAATAAAAAGTTTCAACATACTGACTAGGTTAGGTTTAGCGAGTTAC
2,2,0,ATACCAAAGAGGACAGGAACGCATTTATTGGATTAAATATAATCATCCTGCTTTTGATCAGAAAAACCTCCGATAATCCGTCCTTTCCCCGGCAGCTGGCGTTATGGTCAGATCGTTTTTGCAGCAAGTCTCACAATAAAAAGTTTCAACATACTGACTAGTTGGCCTAAATTCTTTTCG
4,4,0,ATACCAAAGAGGACAGGAACGCATTTATTGGATTAAATATAATCATCCTGCTTTTGATCAGAAAAACCTCCGATAATCCGTCCTTTCCCCGGCAGCTGGCGTTATGGTCAGATCGTTTTTGCAGCAAGTCTCACAATAAAAAGTTTCAACATACTGACTATTAATCTGAACCTATAAACG
5,3,2,ATACCAAATAAGACAGAAACGTGTTTTCTGGTTTGAATATAATCATCCTGTCTTTCATCATAAAAATCGCAGATAATCCTTCCTTTCCGCGGCACCTGGCATTATGGTCAAATGGTTTTTGCAACCAATCTCACAATCAAAAGTTTCAAGATACTGACTAAAGGCCTGGGACTAATCACG
14,9,5,ATACCAAATAAGACAGAAACGTGTTTTCTGGTTTGAATATAATCATCCTGTCTTTCATCATAAAAATCGCAGATAATCCTTCCTTTCCGCGGCACCTGGCATTATGGTCAAATGGTTTTTGCAACCAATCTCACAATCAAAAGTTTCAAGATACTGACTAACTACAGAACCGCTCATCAA
20,15,5,ATACCAAATAAGACAGAAACGTGTTTTCTGGTTTGAATATAATCATCCTGTCTTTCATCATAAAAATCGCAGATAATCCTTCCTTTCCGCGGCACCTGGCATTATGGTCAAATGGTTTTTGCAACCAATCTCACAATCAAAAGTTTCAAGATACTGACTAAGTCTTGACCGCCGGTCTGC
5,5,0,ATACCAAATAAGACAGAAACGTGTTTTCTGGTTTGAATATAATCATCCTGTCTTTCATCATAAAAATCGCAGATAATCCTTCCTTTCCGCGGCACCTGGCATTATGGTCAAATGGTTTTTGCAACCAATCTCACAATCAAAAGTTTCAAGATACTGACTACTATTAACCATAGCACACGC
1,1,0,ATACCAAATAAGACAGAAACGTGTTTTCTGGTTTGAATATAATCATCCTGTCTTTCATCATAAAAATCGCAGATAATCCTTCCTTTCCGCGGCACCTGGCATTATGGTCAAATGGTTTTTGCAACCAATCTCACAATCAAAAGTTTCAAGATACTGACTATCCGCTCCGGTCCCTCGATC
2,2,0,ATACCAAATAAGACAGGAACGTATTTACAGGGTTAAACATAAGCATCCTGCTTTTAATCACAAAAACAGCTGATAATCCTTCTTTTCCCCGGCGGCTGGCGATAAGGTCAGATGGTGTTTGGAACAAATCTCGCAATAAAAAGTTTAAACATGCAGACTACCACTGCTGGAAGAGGTGTA
4,4,0,ATACCAAATAAGCCAGGAAGGTATTTTCTGGGTTAAATATAATCACCCTCATTTTCATCAAACAAACCGCAGATAATCCTTCCTTTCCCCGGCCGCTGGCATTATGGTCACATGGGAATTGCAACATATCTCACAATACAAAGTATCAACATACTGACTAATGTGCATTTGTTACTTGAA
2,2,0,ATACCAACTCAGACAGGAACGAAGTTACTGGGATAAATATCATCATCCTGCTTATCATCACAAAAACCGCACATAATCCTTCCGTTCCCCGGCAGTTAGCGTGATGATCAGATGGTTTTTGCAACAAATCTCACGCTAAAAAAATTCCACATACTGAATAACTGGGTTACCCGGCTACCC
2,2,0,ATACCAACTCAGACAGGAACGAAGTTACTGGGATAAATATCATCATCCTGCTTATCATCACAAAAACCGCACATAATCCTTCCGTTCCCCGGCAGTTAGCGTGATGGTCAGATGGTTTTTGCAACAAATCTCACGCTAAAAAAATTCCACATACTGAATACTCCTACACTCCCGGCGTGC
9,9,0,ATACCAACTCAGACAGGAACGAAGTTACTGGGATAAATATCATCATCCTGCTTATCATCACAAAAACCGCACATAATCCTTCCGTTCCCCGGCAGTTAGCGTGATGGTCAGATGGTTTTTGCAACAAATCTCACGCTAAAAAAATTCCACATACTGAATAGCCTATTTGTCGCTAGAAGG
2,2,0,ATACCAACTCAGACAGGAACGAAGTTACTGGGATAAATATCATCATCCTGCTTATCATCACAAAAACCGCACATAATCCTTCCGTTCCCCGGCAGTTAGCGTGATGGTCAGATGGTTTTTGCAACAAATCTCACGCTAAAAAAATTCCACATACTGAATATTTCCAGAGATGTATATCGT
3,1,2,ATACGAAAAAAGACAGGAACGAATTTACTGGGTTAAATATAATCTTCCTGTTTTTCATCACAAAACCCGCAGATAATCCTTCCTTTCCCCAGCAGCTGGAGTCAAGCTCAGCTAGTTTTTGCAACAATTCTCTCAATATAAAGTTTCAACATCCTGACTAAGTCTGTTTTATAGTGTTCT
7,7,0,ATACGAAAAAAGACAGGAACGAATTTACTGGGTTAAATATAATCTTCCTGTTTTTCATCACAAAACCCGCAGATAATCCTTCCTTTCCCCGGCAGCTGGAGTCAAGCTCAGCTAGTTTTTGCAACAATTCTCTCAATATAAAGTTTCAACATCCTGACTACGTTCCGTGCTTGAAGGAAC
55,11,44,ATACGAAAAAAGACAGGAACGTATTTACTGGGTTAAATATAATCATCCTGCGATTCATCTGAAAAACCGCAAATATGCCTTGCTTTCCCCTGCAGCTGGCGTTATGGTCAGGTGGTTTTTGAAACAAATCTCACAATAACTAGGTTCAACATACTGTCAAGGTAGGTTTTACTACACTTC
14,5,9,ATACGAAAAAAGACAGGAACGTATTTACTGGGTTAAATATAATCATCCTGCGATTCATCTGAAAAACCGCAAATATGCCTTGCTTTCCCCTGCAGCTGGCGTTATGGTCAGGTGGTTTTTGAAACAAATCTCACAATAACTAGGTTCAACATACTGTCAATCCAGCCAACCGCCTTACAG
9,1,8,ATACGAAAAAAGACAGGAACGTATTTACTGGGTTAAATATAATCATCCTGCGATTCATCTGAAAAACCGCAAATATGCCTTGCTTTCCCCTGCAGCTGGCGTTATGGTCAGGTGGTTTTTGAAACAAATCTCACAATAACTAGGTTCAACATACTGTCAATCGTTATTATTAGTACAGCA
7,7,0,ATACGAAAAAAGACAGGAACGTATTTTCTGCGTTAAATATTATCATCCTGCTTTTCATCCCAAAAACAGCGCATAATCCTTCATTTCCACGGTAGTCGGCGTTATGATCAGTCGGTTTTTACATCAAATCTCACAACCAAAAGTTTCAACATACTGACTAAACAGGACCCAGGGACAACC
1,1,0,ATACGAAAAAAGACAGGAACGTATTTTCTGCGTTAAATATTATCATCCTGCTTTTCATCCCAAAAACAGCGCATAATCCTTCATTTCCACGGTAGTCGGCGTTATGATCAGTCGGTTTTTGCATCAAATCTCACAACCAAAAGTTTCAACATACTGACTAGGGTGCATCGGGTGTCAGGG
4,3,1,ATACGAAAAAAGACAGGAACGTATTTTCTGCGTTAAATATTATCATCCTGCTTTTCATCCCAAAAACAGCGCATAATCCTTCATTTCCACGGTAGTCGGCGTTATGATCAGTCGGTTTTTGCATCAAATCTCACAACCAAAAGTTTCAACATACTGACTATTCGAACGGAGACCAAACCA
5,1,4,ATACGAAAAAAGACAGGGACGTATTAATTGGGTTAAATCGAATCATCCTGGTTTTCATCACAAAAAGCGCAGATAATCCTTCGTTTCCCCGGCAGATGGCGTTATCTTCGGATGGTTATTGCAACAAATCGCTCAATAAAAAGTTTCAACATACTGACTACAAAACCGCTCAACAGTGTC
8,2,6,ATACGAAAAAAGACAGGGACGTATTAATTGGGTTAAATCGAATCATCCTGGTTTTCATCACAAAAAGCGCAGATAATCCTTCGTTTCCCCGGCAGATGGCGTTATCTTCGGATGGTTATTGCAACAAATCGCTCAATAAAAAGTTTCAACATACTGACTACAACTACTAACCGTACAGCT
5,2,3,ATACGAAAAAAGACAGGGACGTATTAATTGGGTTAAATCGAATCATCCTGGTTTTCATCACAAAAAGCGCAGATAATCCTTCGTTTCCCCGGCAGATGGCGTTATCTTCGGATGGTTATTGCAACAAATCGCTCAATAAAAAGTTTCAACATACTGACTACCCCACGGCATTATAATCAT
6,2,4,ATACGAAAAAAGACAGGGACGTATTAATTGGGTTAAATCGAATCATCCTGGTTTTCATCACAAAAAGCGCAGATAATCCTTCGTTTCCCCGGCAGATGGCGTTATCTTCGGATGGTTATTGCAACAAATCGCTCAATAAAAAGTTTCAACATACTGACTACCCTCGTACCAAGAACAAGG
3,1,2,ATACGAAAAAAGACAGGGACGTATTAATTGGGTTAAATCGAATCATCCTGGTTTTCATCACAAAAAGCGCAGATAATCCTTCGTTTCCCCGGCAGATGGCGTTATCTTCGGATGGTTATTGCAACAAATCGCTCAATAAAAAGTTTCAACATACTGACTACTTGGGGCTCTTCGCGGTCC
4,1,3,ATACGAAAAAAGACAGGGACGTATTAATTGGGTTAAATCGAATCATCCTGGTTTTCATCACAAAAAGCGCAGATAATCCTTCGTTTCCCCGGCAGATGGCGTTATCTTCGGATGGTTATTGCAACAAATCGCTCAATAAAAAGTTTCAACATACTGACTAGCTGTACAAGTCCCGATCAT
8,1,7,ATACGAAAAAAGACAGGGACGTATTAATTGGGTTAAATCGAATCATCCTGGTTTTCATCACAAAAAGCGCAGATAATCCTTCGTTTCCCCGGCAGATGGCGTTATCTTCGGATGGTTATTGCAACAAATCGCTCAATAAAAAGTTTCAACATACTGACTATAAAGGTCGAACATAAACTG
6,5,1,ATACGAAAAAAGACAGGGACGTATTAATTGGGTTAAATCGAATCATCCTGGTTTTCATCACAAAAAGCGCAGATAATCCTTCGTTTCCCCGGCAGATGGCGTTATCTTCGGATGGTTATTGCAACAAATCGCTCAATAAAAAGTTTCAACATACTGACTATCACAACTCTTTCGGTGACG
6,0,6,ATACGAAAAAAGACAGGGACGTATTAATTGGGTTAAATCGAATCATCCTGGTTTTCATCACAAAAAGCGCAGATAATCCTTCGTTTCCCCGGCAGATGGCGTTATCTTCGGATGGTTATTGCAACAAATCGCTCAATAAAAAGTTTCAACATACTGACTATCGATTACGAGAGCGCGAGT
4,4,0,ATACGAAAAAAGACAGGTATGTATTTGCTGGGTTAAGTATAATCATCTTGCTTTTCCTCACAAAAACCGCACATAATCCTTCCTTTCCCCGGCAGCTGGCGTTATGGTCAGATGTTTTTTGCAAGAAATATCACAATAAAAAGTTTCAACATACTGACTCATTCCCGGTTCTCTCGTGGG
10,1,9,ATACGAAAAAAGACAGGTATGTATTTGCTGGGTTAAGTATAATCATCTTGCTTTTCCTCACAAAAACCGCACATAATCCTTCCTTTCCCCGGCAGCTGGCGTTATGGTCAGATGTTTTTTGCAAGAAATATCACAATAAAAAGTTTCAACATACTGACTCGGGGGTTCATTGTCAAATGC
20,3,17,ATACGAAAAAAGACAGGTATGTATTTGCTGGGTTAAGTATAATCATCTTGCTTTTCCTCACAAAAACCGCACATAATCCTTCCTTTCCCCGGCAGCTGGCGTTATGGTCAGATGTTTTTTGCAAGAAATATCACAATAAAAAGTTTCAACATACTGACTCTGAGAGTACAGGCCGCAACT
4,3,1,ATACGAAAAAAGACCGAAACCTATTTACTGGGTAAAATATAATCATCCTGCTTTTTATCAGAAATACCGCAAATATTCCTTCTTTTGCCCGGCAACTGGCGTTATGGTCAGATGGTTTTTGCAACAAATCTCACATTAAGAAGTTTCAACATACGAATTACGGTATCTATTCCTCAACCG
3,3,0,ATACGAAAAAAGACCGAAACCTATTTACTGGGTAAAATATAATCATCCTGCTTTTTATCAGAAATACCGCAGATATTCCTTCTTTTGCCCGGCAACTGGCGTTATGGTCAGATGGTTTTTGCAACAAATCTCACATTAAGAAGTTTCAACATACGAATTAACATAACAAGGCGGGGAGAG
5,2,3,ATACGAAAAAAGACCGAAACCTATTTACTGGGTAAAATATAATCATCCTGCTTTTTATCAGAAATACCGCAGATATTCCTTCTTTTGCCCGGCAACTGGCGTTATGGTCAGATGGTTTTTGCAACAAATCTCACATTAAGAAGTTTCAACATACGAATTACCACTGGCTAACGCCTTTCA
2,1,1,ATACGAAAAAAGACCGAAACCTATTTACTGGGTAAAATATAATCATCCTGCTTTTTATCAGAAATACCGCAGATATTCCTTCTTTTGCCCGGCAACTGGCGTTATGGTCAGATGGTTTTTGCAACAAATCTCACATTAAGAAGTTTCAACATACGAATTAGCCTTCTTGTCTCCGTATCG
34,29,5,ATACGAAAAAAGACCGAAACCTATTTACTGGGTAAAATATAATCATCCTGCTTTTTATCAGAAATACCGCAGATATTCCTTCTTTTGCCCGGCAACTGGCGTTATGGTCAGATGGTTTTTGCAACAAATCTCACATTAAGAAGTTTCAACATACGAATTAGTACTTCGTTGATATTTGTT
2,2,0,ATACGAAAAAAGACCGAAACCTATTTACTGGGTAAAATATAATCATCCTGCTTTTTATCAGAAATACCGCAGATATTCCTTCTTTTGCCCGGCAACTGGCGTTATGGTCAGATGGTTTTTGCAACAAATCTCACATTAAGAAGTTTCAACATACGAATTAGTCTTGCGATCTGTCTACAA
2,2,0,ATACGAAAAAAGACCGAAACCTATTTACTGGGTAAAATATAATCATCCTGCTTTTTATCAGAAATACCGCAGATATTCCTTCTTTTGCCCGGCAACTGGCGTTATGGTCAGATGGTTTTTGCAACAAATCTCACATTAAGAAGTTTCAACATACGAATTATAAGAAGTGTTTTTATAGTC
2,2,0,ATACGAAAAAAGACCGAAACCTATTTACTGGGTAAAATATAATCATCCTGCTTTTTATCAGAAATACCGCAGATATTCCTTCTTTTGCCCGGCAACTGGCGTTATGGTCAGATGGTTTTTGCAACAAATCTCACATTAAGAAGTTTCAACATACGAATTATGCCGAGCTACTTGTTCCAG
9,9,0,ATACGAAAAAAGACCTGAACGTATTTACTGGGTTAAATATAATCATGATGCTTATCAACACAAAAACCGGAGGTAATCCTTCCTTTACCTTGTAGCTGGCGTTATGGTCAGATCGTTTTTCCAACAAATCTCTCAATAAAAAGTTTAAAGGTACTGACTAAAGTCTCCGTACAGTTGTGT
1,1,0,ATACGAAAAAAGACCTGAACGTATTTACTGGGTTAAATATAATCATGATGCTTATCAACACAAAAACCGGAGGTAATCCTTCCTTTACCTTGTAGCTGGCGTTATGGTCAGATCGTTTTTCCAACAAATCTCTCAATAAAAAGTTTAAAGGTACTGACTAATAATATCGGATGACTCGGC
11,11,0,ATACGAAAAAAGACCTGAACGTATTTACTGGGTTAAATATAATCATGATGCTTATCAACACAAAAACCGGAGGTAATCCTTCCTTTACCTTGTAGCTGGCGTTATGGTCAGATCGTTTTTCCAACAAATCTCTCAATAAAAAGTTTAAAGGTACTGACTAATGATTGTTCCGGCATCTGT
1,1,0,ATACGAAAAAAGACCTGAACGTATTTACTGGGTTAAATATAATCATGATGCTTATCAACACAAAAACCGGAGGTAATCCTTCCTTTACCTTGTAGCTGGCGTTATGGTCAGATCGTTTTTCCAACAAATCTCTCAATAAAAAGTTTAAAGGTACTGACTAATTTATTACGTGTGAGGAAC
11,3,8,ATACGAAAAAAGACCTGAACGTATTTACTGGGTTAAATATAATCATGATGCTTATCAACACAAAAACCGGAGGTAATCCTTCCTTTACCTTGTAGCTGGCGTTATGGTCAGATCGTTTTTCCAACAAATCTCTCAATAAAAAGTTTAAAGGTACTGACTACGACCTTATCTCATGGCGAA
224,8,216,ATACGAAAAAAGATAGCAACGTATTTACTAGGTAAAATTTAATCAACATGCTTTTCATCACAAAAAACGCAGATAATCCTTCCTTTCCCCGGCAGCAGGCGTTATGGTCAGATGGCGTGCGCAACAAGTCTCACAATAAGGAGTTTCAACATACTAACTAAGAAACATCGCACTCCATAG
1,1,0,ATACGAAAAAAGATAGCAACGTATTTACTAGGTAAAATTTAATCAACATGCTTTTCATCACAAAAAACGCAGATAATCCTTCCTTTCCCCGGCAGCAGGCGTTATGGTCAGATGGCGTGCGCAACAAGTCTCACAATAAGGAGTTTCAACATACTAACTAATACGCATCGCCAGTCATTT
409,8,401,ATACGAAAAAAGATAGCAACGTATTTACTAGGTAAAATTTAATCAACATGCTTTTCATCACAAAAAACGCAGATAATCCTTCCTTTCCCCGGCAGCAGGCGTTATGGTCAGATGGCGTGCGCAACAAGTCTCACAATAAGGAGTTTCAACATACTAACTACGCGGAATCATGGACCAGTT
8,2,6,ATACGAAAAAAGATAGCAACGTATTTACTAGGTAAAATTTAATCAACATGCTTTTCATCACAAAAAACGCAGATAATCCTTCCTTTCCCCGGCAGCAGGCGTTATGGTCAGATGGCGTGCGCAACAAGTCTCACAATAAGGAGTTTCAACATACTAACTAGTGTTGTGCGGCTACCGTAA
6,5,1,ATACGAAAAAAGTCCCGAACGTATTTACTGGCTTACATCTAATCATGCCGCTTTTCAGTACAAAAACCGCAGGTAGTCCTTCCCCTCCCCGGCAGCTGGCGTTATGGTCAGATGGTTGATGCAACATATGTCACAATAAAAAGCGTCAACATACTGACTAAGTTGTTCTCGTCTTGTCAC
4,4,0,ATACGAAAAAAGTCCCGAACGTATTTACTGGCTTACATCTAATCATGCCGCTTTTCAGTACAAAAACCGCAGGTAGTCCTTCCCCTCCCCGGCAGCTGGCGTTATGGTCAGATGGTTGATGCAACATATGTCACAATAAAAAGCGTCAACATACTGACTACGGTGAGACCGAATCGCCTG
20,10,10,ATACGAAAAAATACAGGTATGTATTTGCTGGGTTAAGTATAATCATCTTGCTTTTCCTCACAAAAACCGCACATAATCCTTCCTTTCCCCGGCAGCTGGCGTTATGGTCAGATGTTTTTTGCAAGAAATATCACAATAAAAAGTTTCAACATACTGACTCCGGCCCGCGGGACAGCTCTT
2,2,0,ATACGAAAAAATACCTAAACGTATTTACTGGGTTCAATATAAGCATCCTGCTATTCATCACAAAAACCGCAGATAATCCTTCCTTTCCCCGGCAGCTGACGTGATGGTCAGATGGTTTTTGGAACAAATCTCACTATATAAAGTTTCAAGATACTGGGTAAATAATCCTGGATATCGCAT
5,5,0,ATACGAAAAAATACCTAAACGTATTTACTGGGTTCAATATAAGCATCCTGCTATTCATCACAAAAACCGCAGATAATCCTTCCTTTCCCCGGCAGCTGACGTGATGGTCAGATGGTTTTTGGAACAAATCTCACTATATAAAGTTTCAAGATACTGGGTATTAACTTGCGGATGTCTACT
1,1,0,ATACGAAAAAATACCTAAACGTATTTACTGGGTTCAATATAATCATCCTGCTTTTCACCACAAAAACCGGAGATAATCCTTTCTTTCCCCGGCAGCTGGCGTTATGGTCAGATGGTTATCGCAACAAATCTCACATTAAAAAGTTTCAACCTACTGACTACGGCACGTGACCTGCCAAAT
10,1,9,ATACGAAAAATGACAGGGGCGTATTTACTGTTTTAAATATAATGGACGTGCTTTTCATCACAAAAACGTCAGATAATCCTTCGTTTCCCCGGCAGCTGTCGTTATGGTCAGATGGTTTTTGCAACAAATCTCACAATAAAAAGTTTCAACATACTGACTACAGATTGTTCCCAGCGGACA
9,8,1,ATACGAAAAATGACAGGGGCGTATTTACTGTTTTAAATATAATGGACGTGCTTTTCATCACAAAAACGTCAGATAATCCTTCGTTTCCCCGGCAGCTGTCGTTATGGTCAGATGGTTTTTGCAACAAATCTCACAATAAAAAGTTTCAACATACTGACTACTTCATTTGTTTCAATATGG
29,2,27,ATACGAAAACAGACAGGAGCGTATTTACAGGGTTAAATATAATCATCGTGCTTTTGATCACAAAAACCGCAGATAATCCTTCATCTCCCCGGCAGCTGGCGCTATGGTCAGATGGTTTTTGCGACAAATCTAACTATAAAAAGTCTCAACATACCGACTACTCTTATTTAGGGGAGTCTA
4,0,4,ATACGAAAACAGACAGGAGCGTATTTACAGGGTTAAATATAATCATCGTGCTTTTGATCACAAAAACCGCAGATAATCCTTCATCTCCCCGGCAGCTGGCGCTATGGTCAGATGGTTTTTGCGACAAATCTAACTATAAAAAGTCTCAACATACCGACTAGAGATTGAATGGTTCACAAG
69,8,61,ATACGAAAACAGACAGGAGCGTATTTACAGGGTTAAATATAATCATCGTGCTTTTGATCACAAAAACCGCAGATAATCCTTCATCTCCCCGGCAGCTGGCGCTATGGTCAGATGGTTTTTGCGACAAATCTAACTATAAAAAGTCTCAACATACCGACTATGGACCTCATGGGATAGTTT
11,1,10,ATACGAAAAGAGACAGGAACGTATTTACTGCGTTAAATATAAGCATCCTGCTTTCCATCACAAAAACCGCAGCTAATCCTTCCTTTCCCCGGGAGCTGGCGATAAGATCAGATGGTTTGTGCAACACATCTCACAATAAAAAGTTTCAACATACTGACTAGGGGGGTAACCGATATAATA
5,2,3,ATACGAAAAGAGACAGGAACGTATTTACTGCGTTAAATATAAGCATCCTGCTTTCCATCACAAAAACCGCAGCTAATCCTTCCTTTCCCCGGGAGCTGGCGATAAGGTCAGATGGTTTGTGCAACACATCTCACAATAAAAAGTTTCAACATACTGACTAATATAGTATCGATCATAACG
2,2,0,ATACGAAAAGAGACAGGAACGTATTTACTGCGTTAAATATAAGCATCCTGCTTTCCATCACAAAAACCGCAGCTAATCCTTCCTTTCCCCGGGAGCTGGCGATAAGGTCAGATGGTTTGTGCAACACATCTCACAATAAAAAGTTTCAACATACTGACTAATTGTAATATCGTTAAATTA
1,1,0,ATACGAAAAGAGACAGGAACGTATTTACTGCGTTAAATATAAGCATCCTGCTTTCCATCACAAAAACCGCAGCTAATCCTTCCTTTCCCCGGGAGCTGGCGATAAGGTCAGATGGTTTGTGCAACACATCTCACAATAAAAAGTTTCAACATACTGACTACCAACAACTGTGCCGGTCGC
5,5,0,ATACGAAAAGAGACAGGAACGTATTTACTGCGTTAAATATAAGCATCCTGCTTTCCATCACAAAAACCGCAGCTAATCCTTCCTTTCCCCGGGAGCTGGCGATAAGGTCAGATGGTTTGTGCAACACATCTCACAATAAAAAGTTTCAACATACTGACTACCAGTTAGGTAACCTGTCTT
2,0,2,ATACGAAAAGAGACAGGAACGTATTTACTGCGTTAAATATAAGCATCCTGCTTTCCATCACAAAAACCGCAGCTAATCCTTCCTTTCCCCGGGAGCTGGCGATAAGGTCAGATGGTTTGTGCAACACATCTCACAATAAAAAGTTTCAACATACTGACTAGCGGCAATTACCTTTTGTGA
8,2,6,ATACGAAAAGAGACAGGAACGTATTTACTGCGTTAAATATAAGCATCCTGCTTTCCATCACAAAAACCGCAGCTAATCCTTCCTTTCCCCGGGAGCTGGCGATAAGGTCAGATGGTTTGTGCAACACATCTCACAATAAAAAGTTTCAACATACTGACTATATGAGGTTCCGTTCACTGG
5,5,0,ATACGAAAATAAACCGGGACGTCTTTACTGGGTTAAATATAATCGTCCAGCTTCTCATCACAAGAACCGCAGATAATCCTTCCTAGCCCCGACAGCTGCCGTTTTGGTCAGATTGTTCTTGCAACAAATCTCACAATAAAAAGGGTCAAAATAGAGACTAAACCTCTGCGCTGGTTTACT
40,2,38,ATACGAAAGAAGAAATAAACGTATGTACTGGGTAAAATATAATCATCCTGCTTTTCATCACAAAAACCGAAGATAATCCTTCCTTTCCCCGTCATCTGGCGTTATGGTCAGATGGTTTTTGCAACAAATCTCACAATAAAAAGTATCAACATTCTGACTAAACTTAGCCTGACACTATGT
1,0,1,ATACGAAAGAAGAAATAAACGTATGTACTGGGTAAAATATAATCATCCTGCTTTTCATCACAAAAACCGAAGATAATCCTTCCTTTCCCCGTCATCTGGCGTTATGGTCAGATGGTTTTTGCAACAAATCTCACAATAAAAAGTATCAACATTCTGACTAATTTCACAAGGATGGTTGTA
5,5,0,ATACGAAATAAGACAGGAACGTATTTACTGGGTTAAAGATAATCATCCTGTTTTCCAACACTAAAACCGCAGATAATCCTTCCTTGCCTCGGCAGATGGCGTTATGGTCGCATGCTTTTAGCATCAAATCGCGCAATAAAAAGTTTCAACACACTGACGCAAAGTTGATGACCGGACCTG
5,5,0,ATACGAAATAAGACAGGAACGTATTTACTGGGTTAAAGATAATCATCCTGTTTTCCAACACTAAAACCGCAGATAATCCTTCCTTGCCTCGGCAGATGGCGTTATGGTCGCATGCTTTTAGCATCAAATCGCGCAATAAAAAGTTTCAACACACTGACGCATCCTTAACGGCATGACAAC
2,2,0,ATACGAAATAAGACAGGAACGTATTTACTGGGTTAAAGATAATCATCCTGTTTTCCAACACTAAAACCGCAGATAATCCTTCCTTGCCTCGGCAGATGGCGTTATGGTCGCATGCTTTTAGCATCAAATCGCGCAATAAAAAGTTTCAACACACTGACGCATCGGTAAAGAAACCGTTCC
1,1,0,ATACGAAATAAGACAGGAACGTATTTACTGGGTTAAAGATAATCATCCTGTTTTCCAACACTAAAACCGCAGATAATCCTTCCTTGCCTCGGCAGATGGCGTTATGGTCGCATGCTTTTAGCATCAAATCGCGCAATAAAAAGTTTCAACACACTGACGCATTGAAATATGTCTTTACAT
6,6,0,ATACGAAATAAGACAGGAACGTATTTACTGGGTTAAAGATAATCATCCTGTTTTCCAACACTAAAACCGCAGATAATCCTTCCTTGCCTCGGCAGATGGCGTTATGGTCGCATGCTTTTAGCATCAAATCGCGCAATAAAAAGTTTCAACACACTGACGCCCTCTGGTATAGCGAGGGAA
1,1,0,ATACGAAATAAGACAGGAACGTATTTACTGGGTTAAAGATAATCATCCTGTTTTCCAACACTAAAACCGCAGATAATCCTTCCTTGCCTCGGCAGATGGCGTTATGGTCGCATGCTTTTAGCATCAAATCGCGCAATAAAAAGTTTCAACACACTGACGCCGGAGTGTTGCGTGGATTAA
2,2,0,ATACGAAATAAGACAGGAACGTATTTACTGGGTTAAAGATAATCATCCTGTTTTCCAACACTAAAACCGCAGATAATCCTTCCTTGCCTCGGCAGATGGCGTTATGGTCGCATGCTTTTAGCATCAAATCGCGCAATAAAAAGTTTCAACACACTGACGCGAGGCGCCGCTGTCTGTTAG
5,5,0,ATACGAAATAAGACAGGAACGTATTTACTGGGTTAAAGATAATCATCCTGTTTTCCAACACTAAAACCGCAGATAATCCTTCCTTGCCTCGGCAGATGGCGTTATGGTCGCATGCTTTTAGCATCAAATCGCGCAATAAAAAGTTTCAACACACTGACGCGCTTTATCTTGAATACCAAG
12,12,0,ATACGAAATAAGACAGGAACGTATTTACTGGGTTAAAGATAATCATCCTGTTTTCCAACACTAAAACCGCAGATAATCCTTCCTTGCCTCGGCAGATGGCGTTATGGTCGCATGCTTTTAGCATCAAATCGCGCAATAAAAAGTTTCAACACACTGACGCGGAGTTTTACTACCACCAAT
1,1,0,ATACGAAATAAGACAGGAACGTATTTACTGGGTTAAAGATAATCATCCTGTTTTCCAACACTAAAACCGCAGATAATCCTTCCTTGCCTCGGCAGATGGCGTTATGGTCGCATGCTTTTAGCATCAAATCGCGCAATAAAAAGTTTCAACACACTGACGCTAAATGATGCAGCCGCCACG
3,2,1,ATACGAAATAAGACAGGAACGTATTTACTGGGTTAAAGATAATCATCCTGTTTTCCAACACTAAAACCGCAGATAATCCTTCCTTGCCTCGGCAGATGGCGTTATGGTCGCATGCTTTTAGCATCAAATCGCGCAATAAAAAGTTTCAACACACTGACGCTTTAGCCTGTCAGATGACAT
3,3,0,ATACGAAATAAGACAGGAACGTATTTACTGGGTTAAAGATAATCATCCTGTTTTCCAACACTAAAACCGCAGATAATCCTTCCTTGCCTCGGCAGATGGCGTTATGGTCGCATGCTTTTAGCATCAAATCGCGCAATAAAAAGTTTCAACACACTTACGCGCACTCTCACTCATCTATGG
7,7,0,ATACGAACAATGACCGGACCGTATTTACTGGGTTAAATAGAAACTTCCTGCCTTTCACCACAAAAACAGCAGCTAATCGTTCCTTGCCTCCGCAGCTGGCGTTATGGTCAGATGGTTTTTACAACAAATCTCACCGTAAAAGCTTTCAACAAAGTGACTATGCATCTCAAGGAAAATTAG
1,1,0,ATACGAACAATGACCGGACCGTATTTACTGGGTTAAATAGAAACTTCCTGCCTTTCACCACAAAAACAGCAGCTAATCGTTCCTTGCCTCCGCAGCTGGCGTTATGGTCAGATGGTTTTTACAACAAATCTCACCGTAAAAGCTTTCAACAGAGTGACTAAATGGGCAGCTGAAGACTTC
1,1,0,ATACGAAGAAATACAGGAACGTATTTACTGGGATAAATATAATTATCCTGCTTATCATCACAAATACCGCAGATAATCCTTCCTTTCCCCGGCAGCTGGCGTGATAGTCAGCAGGTTTTTGCAACAGATCTCTCCATAAAAAGTTTCAACATACTGACGCACCCCAATTAGAACGTCTTG
3,3,0,ATACGAAGAAATACAGGAACGTATTTACTGGGATAAATATAATTATCCTGCTTATCATCACAAATACCGCAGATAATCCTTCCTTTCCCCGGCAGCTGGCGTGATGGTCAGCAGGTTTTTGCAACAGATCTCTCCATAAAAAGTTTCAACATACTGACGCAAGTGTGCGTATTTAGATTG
2,2,0,ATACGAAGAAATACAGGAACGTATTTACTGGGATAAATATAATTATCCTGCTTATCATCACAAATACCGCAGATAATCCTTCCTTTCCCCGGCAGCTGGCGTGATGGTCAGCAGGTTTTTGCAACAGATCTCTCCATAAAAAGTTTCAACATACTGACGCAGATTGTTCTGTATGAGCTT
1,1,0,ATACGAAGAAATACAGGAACGTATTTACTGGGATAAATATAATTATCCTGCTTATCATCACAAATACCGCAGATAATCCTTCCTTTCCCCGGCAGCTGGCGTGATGGTCAGCAGGTTTTTGCAACAGATCTCTCCATAAAAAGTTTCAACATACTGACGCATGACTTCAATTAAGATCGA
1,1,0,ATACGAAGAAATACAGGAACGTATTTACTGGGATAAATATAATTATCCTGCTTATCATCACAAATACCGCAGATAATCCTTCCTTTCCCCGGCAGCTGGCGTGATGGTCAGCAGGTTTTTGCAACAGATCTCTCCATAAAAAGTTTCAACATACTGACGCCTTGGGTGCCCATATCGATA
2,2,0,ATACGAAGAAATACAGGAACGTATTTACTGGGATAAATATAATTATCCTGCTTATCATCACAAATACCGCAGATAATCCTTCCTTTCCCCGGCAGCTGGCGTGATGGTCAGCAGGTTTTTGCAACAGATCTCTCCATAAAAAGTTTCAACATACTGACGCGCTCAGCTACCATCGGAAGG
4,4,0,ATACGAAGAAATACAGGAACGTATTTACTGGGATAAATATAATTATCCTGCTTATCATCACAAATACCGCAGATAATCCTTCCTTTCCCCGGCAGCTGGCGTGATGGTCAGCAGGTTTTTGCAACAGATCTCTCCATAAAAAGTTTCAACATACTGACGCGGTGCGTAGCAAGGTTTCGA
13,12,1,ATACGAAGAAATACAGGAACGTATTTACTGGGATAAATATAATTATCCTGCTTATCATCACAAATACCGCAGATAATCCTTCCTTTCCCCGGCAGCTGGCGTGATGGTCAGCAGGTTTTTGCAACAGATCTCTCCATAAAAAGTTTCAACATACTGACGCGGTGCTGGATGTCTGGGCTG
1,1,0,ATACGAAGAAATACAGGAACGTATTTACTGGGATAAATATAATTATCCTGCTTATCATCACAAATACCGCAGATAATCCTTCCTTTCCCCGGCAGCTGGCGTGATGGTCAGCAGGTTTTTGCAACAGATCTCTCCATAAAAAGTTTCAACATACTGACGCGTTTATGTTCCAATAAAGAA
1,1,0,ATACGAAGAAATACAGGAACGTATTTACTGGGATAAATATAATTATCCTGCTTATCATCACAAATACCGCAGATAATCCTTCCTTTCCCCGGCAGCTGGCGTGATGGTCAGCAGGTTTTTGCAACAGATCTCTCCATAAAAAGTTTCAACATACTGACGCTCCACGATGATGCCTGAGTC
1,1,0,ATACGAAGAAATACAGGAACGTATTTACTGGGATAAATATAATTATCCTGCTTATCATCACAAATACCGCAGATAATCCTTCCTTTCCCCGGCAGCTGGCGTGATGGTCAGCAGGTTTTTGCAACAGATCTCTCCATAAAAAGTTTCAACATACTGACGCTGATCAGCAGAATAGTGTGA
6,6,0,ATACGAAGAAATACAGGAACGTATTTACTGGGATAAATATAATTATCCTGCTTATCATCACAAATACCGCAGATAATCCTTCCTTTCCCCGGCAGCTGGCGTGATGGTCAGCAGGTTTTTGCAACAGATCTCTCCATAAAAAGTTTCAACATACTGACGCTGCGTACCGGCACGCCGGCT
6,4,2,ATACGAAGAAATACAGGAACGTATTTACTGGGATAAATATAATTATCCTGCTTATCATCACAAATACCGCAGATAATCCTTCCTTTCCCCGGCAGCTGGCGTGATGGTCAGCAGGTTTTTGCAACAGATCTCTCCATAAAAAGTTTCAACATACTGACGCTGGACTCTGTTGGGCAAAGA
3,3,0,ATACGAAGAAATACAGGAACGTATTTACTGGGATAAATATAATTATCCTGCTTATCATCACAAATACCGCAGATAATCCTTCCTTTCCCCGGCAGCTGGCGTGATGGTCAGCAGGTTTTTGCAACAGATCTCTCCATAAAAAGTTTCAACATACTGACGCTTCACGCAAGGATATATGTA
10,10,0,ATACGACAAAAGACAGGAACGTATTTACTGGGTTAAACATAATTATTCTCCTTTTCATCACAAAAACCGCAGATAATCCTACCTTTCCCCGGCCGCTGGCCTTATGGGCAGAAGGTTTTTGCAACTAATCTCACAATAAAAAGTTTCGACATCCTGTCTACTCCTCCACGGTGAATTTAA
13,12,1,ATACGACAAAAGACAGGAACGTATTTACTGGGTTAAACATAATTATTCTCCTTTTCATCACAAAAACCGCAGATAATCCTACCTTTCCCCGGCCGCTGGCCTTATGGGCAGAAGGTTTTTGCAACTAATCTCACAATAAAAAGTTTCGACATCCTGTCTAGGGCATTGCTTCCGTGGTTC
2,2,0,ATACGACAAAAGACAGGCACGTATTTACTGGGTTAGATATAATCATCCTGCTTTTCATCACAAAAACCGCAGATAATCCTTCCTTTCCCCGTCAGCAGGCGTTATTGTCAGTTGGTTTTTGCGACAAATCCCACAATAAATAGTTACAACATACTGACTAAGTGCACGGAGTATCTGCCG
3,0,3,ATACGACAAAAGACAGGCACGTATTTACTGGGTTAGATATAATCATCCTGCTTTTCATCACAAAAACCGCAGATAATCCTTCCTTTCCCCGTCAGCAGGCGTTATTGTCAGTTGGTTTTTGCGACAAATCCCACAATAAATAGTTACAACATACTGACTAATCCCGGACATTTCTTTAGT
16,2,14,ATACGACAAAAGACAGGCACGTATTTACTGGGTTAGATATAATCATCCTGCTTTTCATCACAAAAACCGCAGATAATCCTTCCTTTCCCCGTCAGCAGGCGTTATTGTCAGTTGGTTTTTGCGACAAATCCCACAATAAATAGTTACAACATACTGACTACTCTTTTTCCGGGGATCTCA
47,2,45,ATACGACAAAAGACAGGCACGTATTTACTGGGTTAGATATAATCATCCTGCTTTTCATCACAAAAACCGCAGATAATCCTTCCTTTCCCCGTCAGCAGGCGTTATTGTCAGTTGGTTTTTGCGACAAATCCCACAATAAATAGTTACAACATACTGACTAGACCAGCTGGCCTCGTCTTA
3,1,2,ATACGACAAAAGACAGGCACGTATTTACTGGGTTAGATATAATCATCCTGCTTTTCATCACAAAAACCGCAGATAATCCTTCCTTTCCCCGTCAGCAGGCGTTATTGTCAGTTGGTTTTTGCGACAAATCCCACAATAAATAGTTACAACATACTGACTATGCGGGCAGGAGCATATGGT
13,4,9,ATACGAGAAAAGACAGGAACGTATTTATTGCGTTGCATATAATCATCGTGAGTTTCATCACTAGAATCGTAGATAATCCTTCCTTTCCCCGTCAGCTGGCGTTATGGTCTGATGGTCTCTGCAACAAATCTCACAATAAATAGTTTCGACAGACTGACTAGTCTCGACCTCCCTCAAAAG
1,0,1,ATACGATAAGGGACTGGAACGTATTTAATGGGTTTAATATAATCATCCTGCTTATCATCAGAAAAACCGCAGATAATCCTTCCTTTCCCGTGCAGCTGGCGTTATGGTCAGATGGTTTTTGCAACAAATCTCACCATCAAATGTTTCAACATATTGACTAACAGTTCTTATCTATTAGTC
4,1,3,ATACGATAAGGGACTGGAACGTATTTAATGGGTTTAATATAATCATCCTGCTTATCATCAGAAAAACCTCAGATAATCCTTCCTTTCCCGTGCAGCTGGCGTTATGGTCAGATGGTTTTTGCAACAAATCTCACCATCAAATGTTTCAACATATTGACTAATTAGGCGCCTTAACTGTAG
12,12,0,ATACGCCAAAAGACAGGAACGTATTTACTGGGATAAATATAATAGTCCTCCTTTTCATCATAAATACCGTAGATAATCCTTCCTTTCCCCGGCAGCTGGCGTAATGGTCAGATGGTGTTTGCAACAAATCTCACAATGAAACGTTGCAACATACTGACAACTCAAGGGCAGCGAGGGAAA
3,3,0,ATACGGAAAAGGACAATAACGTATTTACGGGGTTAAATATAATCATCCTGCTTTTCATCACAATCACCGCAGACAATCCTTCCTTTCCCCGGCACCTGGCGTTATAGACAGATGGTTTTTGCAACAAATCCCACAATAAGGAGTTGAAAGATTCTGACTATCATCCAGCGTATTGACCAC
8,8,0,ATACGGAAAAGGACAGTAACGTATTTACGGGGTTAAATATAATCATCCTGCTTTTCATCACAATCACCGCAGACAATCCTTCCTTTCCCCGGCACCTGGCGTTATAGACAGATGGTTTTTGCAACAAATCCCACAATAAGGAGTTGAAAGATTCTGACTACTTTGGACATCTAGTTCAGA
2,2,0,ATACGGAAAAGGACAGTAACGTATTTACGGGGTTAAATATAATCATCCTGCTTTTCATCACAATCACCGCAGACAATCCTTCCTTTCCCCGGCACCTGGCGTTATAGACAGATGGTTTTTGCAACAAATCCCACAATAAGGAGTTGAAAGATTCTGACTAGCTTGGGCGTTACGGTCCAC
2,2,0,ATACGGAAAAGGACAGTAACGTATTTACGGGGTTAAATATAATCATCCTGCTTTTCATCACAATCACCGCAGACAATCCTTCCTTTCCCCGGCACCTGGCGTTATAGACAGATGGTTTTTGCAACAAATCCCACAATAAGGAGTTGAAAGATTCTGACTAGTGGGCGGCCTACCTAGCCC
4,4,0,ATACGGAAAAGGACAGTAACGTATTTACGGGGTTAAATATAATCATCCTGCTTTTCATCACAATCACCGCAGACAATCCTTCCTTTCCCCGGCACCTGGCGTTATAGACAGATGGTTTTTGCAACAAATCCCACAATAAGGAGTTGAAAGATTCTGACTATACGTTTTGGGCCTTCCCTT
1,1,0,ATACGGAAAAGGACAGTAACGTATTTACGGGGTTAAATATAATCATCCTGCTTTTCATCACAATCACCGCAGACAATCCTTCCTTTCCCCGGCACCTGGCGTTATAGACAGATGGTTTTTGCAACAAATCCCACAATAAGGAGTTGAAAGATTCTGACTATCCTCTGACGCGCCGTAATC
14,13,1,ATACGGAAAAGGACAGTAACGTATTTACGGGGTTAAATATAATCATCCTGCTTTTCATCACAATCACCGCAGACAATCCTTCCTTTCCCCGGCACCTGGCGTTATAGACAGATGGTTTTTGCAACAAATCCCACAATAAGGAGTTGAAAGATTCTGACTATTAAGAGATTTCAGCACTCG
8,8,0,ATACTAAAAAACAAAGGAAAGTATTTCCTGGGTTAGATATAATCATCGAGCTTTTCATCACTAAAACCGAAGATAATCCTTCCATTCCCAGGCAGCTGGCGTTATGGCCGGATGGTTTTTTCAACAAATCTCACAATAAAAAGTTTCAACATACTGACTACCTATGCCCATCCTTTGTGG
2,2,0,ATACTAAAAAACAAAGGAAAGTATTTCCTGGGTTAGATATAATCATCGAGCTTTTCATCACTAAAACCGAAGATAATCCTTCCATTCCCAGGCAGCTGGCGTTATGGCCGGATGGTTTTTTCAACAAATCTCACAATAAAAAGTTTCAACATACTGACTACTGATTACTATGCATCAGGA
3,3,0,ATACTAAAAAACAAAGGAAAGTATTTCCTGGGTTAGATATAATCATCGAGCTTTTCATCACTAAAACCGAAGATAATCCTTCCATTCCCAGGCAGCTGGCGTTATGGCCGGATGGTTTTTTCAACAAATCTCACAATAAAAAGTTTCAACATACTGACTAGGGCTGTCGCGACGTTCCGC
1,1,0,ATACTAAAAAACAAAGGAAAGTATTTCCTGGGTTAGATATAATCATCGAGCTTTTCATCACTAAAACCGAAGATAATCCTTCCATTCCCAGGCAGCTGGCGTTATGGCCGGATGGTTTTTTCAACAAATCTCACAATAAAAAGTTTCAACATACTGACTATAGTTAAAGAAGAGACATCG
44,0,44,ATACTAAAAAAGAAAGGAACGTATTAACTAGGTTAAGTATCATCAACCTGCTTTTCCTCACAAAAACAGCAGATAATCCTTCCTTTCCGCGGCAGCTTGCGTTATGATCAGCTGGTTTTGGCAACAAGTCTCACAAAAAAAAGATTCAACATAATGACTAGGTGCTCTTAGGCATCGAGA
62,0,62,ATACTAAAAAAGAAAGGAACGTATTAACTGGGTTAAGTATCATCAACCTGCTTTTCCTCACAAAAACAGCAGATAATCCTTCCTTTCCGCGGCAGCTTGCGTTATGATCAGCTGGTTTTGGCAACAAGTCTCACAAAAAAAAGATTCAACATAATGACTAGGTCGATTCCATGTTCATCT
6,6,0,ATACTAAAAAAGAAAGGAATGTATTGACTGGGTTAAATGTAATCATTCGGCTTTTCATCACAATAACCGCGGATAATCGTTCATAGCGCCGGCAGCTGGCGTTATGGTCAGAATGTTTATGCAGCAAATCTCTCAATAAAAAGTTTCGACATACTGACTGCTCAACGCATTCTTCCAGGG
1,1,0,ATACTAAAAAAGAAAGGAATGTATTGACTGGGTTAAATGTAATCATTCGGCTTTTCATCACAATAACCGCGGATAATCGTTCATAGCGCCGGCAGCTGGCGTTATGGTCAGAATGTTTATGCAGCAAATCTCTCAATAAAAAGTTTCGACATACTGACTGGGAGAGCCTGGCGTTTGTGG
6,6,0,ATACTAAAAAAGAAAGGAATGTATTGACTGGGTTAAATGTAATCATTCGGCTTTTCATCACAATAACCGCGGATAATCGTTCATAGCGCCGGCAGCTGGCGTTATGGTCAGAATGTTTATGCAGCAAATCTCTCAATAAAAAGTTTCGACATACTGACTGGTCGGGTTACAGCAGTTCCA
5,2,3,ATACTAAAAAAGAAAGGAATGTATTGACTGGGTTAAATGTAATCATTCGGCTTTTCATCACAATAACCGCGGATAATCGTTCATAGCGCCGGCAGCTGGCGTTATGGTCAGAATGTTTATGCAGCAAATCTCTCAATAAAAAGTTTCGACATACTGACTGTTCTATAGATCAGGGTCAAA
3,3,0,ATACTAAAAAAGAAAGGAGCGTATTTACTGGGTTAAATCTAATTATCCTGCTTTTCAACACAAAAACCGCAGATAGCCCTTCCTTTCCCCGACAGCTGGCGTTATGGTCAGATGGTTTTTATAAAAAATCTCGCATTAACAAGTTTCAACATACTGACTAAGAGTTACACCGTGCTGGTA
1,1,0,ATACTAAAAAAGAAAGGAGCGTATTTACTGGGTTAAATCTAATTATCCTGCTTTTCAACACAAAAACCGCAGATAGCCCTTCCTTTCCCCGACAGCTGGCGTTATGGTCAGATGGTTTTTATAAAAAATCTCGCATTAACAAGTTTCAACATACTGACTAAGCTCAGGTACGGGAATCCT
6,5,1,ATACTAAAAAAGAAAGGAGCGTATTTACTGGGTTAAATCTAATTATCCTGCTTTTCAACACAAAAACCGCAGATAGCCCTTCCTTTCCCCGACAGCTGGCGTTATGGTCAGATGGTTTTTATAAAAAATCTCGCATTAACAAGTTTCAACATACTGACTAAGTGTATGAATAAGGAAGAT
7,6,1,ATACTAAAAAAGAAAGGAGCGTATTTACTGGGTTAAATCTAATTATCCTGCTTTTCAACACAAAAACCGCAGATAGCCCTTCCTTTCCCCGACAGCTGGCGTTATGGTCAGATGGTTTTTATAAAAAATCTCGCATTAACAAGTTTCAACATACTGACTACATAGCGGTATTAAGATAGG
36,19,17,ATACTAAAAAAGAAAGGAGCGTATTTACTGGGTTAAATCTAATTATCCTGCTTTTCAACACAAAAACCGCAGATAGCCCTTCCTTTCCCCGACAGCTGGCGTTATGGTCAGATGGTTTTTATAAAAAATCTCGCATTAACAAGTTTCAACATACTGACTAGAATGTTAAGGGCGCGTTAT
5,4,1,ATACTAAAAAAGAAAGGAGCGTATTTACTGGGTTAAATCTAATTATCCTGCTTTTCAACACAAAAACCGCAGATAGCCCTTCCTTTCCCCGACAGCTGGCGTTATGGTCAGATGGTTTTTATAAAAAATCTCGCATTAACAAGTTTCAACATACTGACTAGTTCAAATCTCAATTGGGGT
12,11,1,ATACTAAAAAAGACAGGAACATATTTTCTGCGTTCGATATAATCATCTTGCTTTTCAGCACAAAAACCGCAGATAATCCATCCTTTCCCCGGCAGCTGGCGTTATCGTCAGATGGTTATTGCTTCATATCTCATAATAAAAAGTTTCAACATACTTACTACATAAGCGCGAAACAGTTCG
3,2,1,ATACTAAAAAAGACAGGAACATATTTTCTGCGTTCGATATAATCATCTTGCTTTTCAGCACAAAAACCGCAGATAATCCATCCTTTCCCCGGCAGCTGGCGTTATCGTCAGATGGTTATTGCTTCATATCTCATAATAAAAAGTTTCAACATACTTACTACGGCGAATAAATAACTCAAA
2,1,1,ATACTAAAAAAGACAGGAACATATTTTCTGCGTTCGATATAATCATCTTGCTTTTCAGCACAAAAACCGCAGATAATCCATCCTTTCCCCGGCAGCTGGCGTTATCGTCAGATGGTTATTGCTTCATATCTCATAATAAAAAGTTTCAACATACTTACTACTGTAATGGGGCGCTCGTCA
4,1,3,ATACTAAAAAAGACAGGAACATATTTTCTGCGTTCGATATAATCATCTTGCTTTTCAGCACAAAAACCGCAGATAATCCATCCTTTCCCCGGCAGCTGGCGTTATCGTCAGATGGTTATTGCTTCATATCTCATAATAAAAAGTTTCAACATACTTACTACTGTTACGCATTGATGATCA
15,14,1,ATACTAAAAAAGACAGGAACATATTTTCTGCGTTCGATATAATCATCTTGCTTTTCAGCACAAAAACCGCAGATAATCCATCCTTTCCCCGGCAGCTGGCGTTATCGTCAGATGGTTATTGCTTCATATCTCATAATAAAAAGTTTCAACATACTTACTATACTCCTGTCACCTAAGATG
13,7,6,ATACTAAAAAAGACAGGAACATATTTTCTGCGTTCGATATAATCATCTTGCTTTTCAGCACAAAAACCGCAGATAATCCATCCTTTCCCCGGCAGCTGGCGTTATCGTCAGATGGTTATTGCTTCATATCTCATAATAAAAAGTTTCAACATACTTACTATGCACGGAAGGGCTATTAGT
5,2,3,ATACTAAAAAAGACAGGAACATATTTTCTGCGTTCGATATAATCATCTTGCTTTTCAGCACAAAAACCGCAGATAATCCATCCTTTCCCCGGCAGCTGGCGTTATCGTCAGATGGTTATTGCTTCATATCTCATAATAAAAAGTTTCAACATACTTACTATGTCACCTTTTAGGGAAGCA
1,1,0,ATACTAAAAAAGACAGGAACATATTTTCTGCGTTCGATATAATCATCTTGCTTTTCGGCACAAAAACCGCAGATAATCCATCCTTTCCCCGGCAGCTGGCGTTATCGTCAGATGGTTATTGCTTCATATCTCATAATAAAAAGTTTCAACATACTTACTACAAGATGGGCGGCGATAGTC
1,1,0,ATACTAAAAAAGACAGGAACGTATTCACTATGTTAATTATAATCATCATTCTTTACATCACAAAAACCGCAGATACTCCTTACTTTCCCCGGCAGCTGGCGTTATGGTCAGATGGTTTTTGCTACAAATCTCACAATAAAAAGTTTCAACATACTGGCTAGTTTAGCTGAGAGCCACAAA
3,3,0,ATACTAAAAAAGACAGGAACGTATTCACTGTGTTAATTATAATCATCATTCTTTACATCACAAAAACCGCAGATACTCCTTACTTTCCCCGGCAGCTGGCGTTATGGTCAGATGGTTTTTGCTACAAATCTCACAATAAAAAGTTTCAACATACTGGCTAAAGACCAACGTACTTCCTCA
2,2,0,ATACTAAAAAAGACAGGAACGTATTCACTGTGTTAATTATAATCATCATTCTTTACATCACAAAAACCGCAGATACTCCTTACTTTCCCCGGCAGCTGGCGTTATGGTCAGATGGTTTTTGCTACAAATCTCACAATAAAAAGTTTCAACATACTGGCTAGGAGTTAGCCTCCCCAGTGC
5,2,3,ATACTAAAAAAGACAGGAACGTATTCACTGTGTTAATTATAATCATCATTCTTTACATCACAAAAACCGCAGATACTCCTTACTTTCCCCGGCAGCTGGCGTTATGGTCAGATGGTTTTTGCTACAAATCTCACAATAAAAAGTTTCAACATACTGGCTAGGCCGCCCTAGGACGGATGG
15,15,0,ATACTAAAAAAGACAGGAACGTATTCACTGTGTTAATTATAATCATCATTCTTTACATCACAAAAACCGCAGATACTCCTTACTTTCCCCGGCAGCTGGCGTTATGGTCAGATGGTTTTTGCTACAAATCTCACAATAAAAAGTTTCAACATACTGGCTAGTAAAGGTACCTATGGAGTA
2,2,0,ATACTAAAAAAGACAGGAACGTATTCACTGTGTTAATTATAATCATCATTCTTTACATCACAAAAACCGCAGATACTCCTTACTTTCCCCGGCAGCTGGCGTTATGGTCAGATGGTTTTTGCTACAAATCTCACAATAAAAAGTTTCAACATACTGGCTATCAGACGGGTCGTAAATTCG
1,1,0,ATACTAAAAAAGACAGGAACGTATTTACTGGGTTAAATATAATCATGGTGCTGTTCATGACAAATACCGCAGATAATCCTTCCCTTCCCCGGCAGCTGGCGTTATGGTCCGACGGGTTTGGCAACAAATCTGACAATGAAAAGTTTCAACATACTGCCGAAAAAGAGAACGGTGTCATTC
1,1,0,ATACTAAAAAAGACAGGAACGTATTTACTGGGTTAAATATAATCATGGTGCTGTTCATGACAAATACCGCAGATAATCCTTCCCTTCCCCGGCAGCTGGCGTTATGGTCCGACGGGTTTGGCAACAAATCTGACAATGAAAAGTTTCAACATACTGCCGAACATAGCGGCATCGGTCCAA
4,4,0,ATACTAAAAAAGACAGGAACGTATTTACTGGGTTAAATATAATCATGGTGCTGTTCATGACAAATACCGCAGATAATCCTTCCCTTCCCCGGCAGCTGGCGTTATGGTCCGACGGGTTTGGCAACAAATCTGACAATGAAAAGTTTCAACATACTGCCGAAGGCTAATACAAGTACGTCA
4,4,0,ATACTAAAAAAGACAGGAACGTATTTACTGGGTTAAATATAATCATGGTGCTGTTCATGACAAATACCGCAGATAATCCTTCCCTTCCCCGGCAGCTGGCGTTATGGTCCGACGGGTTTGGCAACAAATCTGACAATGAAAAGTTTCAACATACTGCCGAGATTCAGGCTGTAATTGCTG
6,4,2,ATACTAAAAAAGACAGGAACGTATTTACTGGGTTAAATATAATCATGGTGCTGTTCATGACAAATACCGCAGATAATCCTTCCCTTCCCCGGCAGCTGGCGTTATGGTCCGACGGGTTTGGCAACAAATCTGACAATGAAAAGTTTCAACATACTGCCGAGCGATTTCGGTGGGCTAATC
19,19,0,ATACTAAAAAAGACAGGAACGTATTTACTGGGTTAAATATAATCATGGTGCTGTTCATGACAAATACCGCAGATAATCCTTCCCTTCCCCGGCAGCTGGCGTTATGGTCCGACGGGTTTGGCAACAAATCTGACAATGAAAAGTTTCAACATACTGCCGATCCCTGTCCATCTGCTCGGG
1,1,0,ATACTAAAAAAGACAGGAACGTATTTACTGGGTTAAATATAATCATGGTGCTGTTCATGACAAATACCGCAGATAATCCTTCCCTTCCCCGGCAGCTGGCGTTATGGTCCGACGGGTTTGGCAACAAATCTGACAATGAAAAGTTTCAACATACTGCCGATCCGGTGAAAATGAGCGATG
2,2,0,ATACTAAAAAAGACAGGAACGTATTTACTGGGTTAAATATAATCATGGTGCTGTTCATGACAAATACCGCAGATAATCCTTCCCTTCCCCGGCAGCTGGCGTTATGGTCCGACGGGTTTGGCAACAAATCTGACAATGAAAAGTTTCAACATACTGCCGATCCTCGTCGAGCACTTAGAG
6,6,0,ATACTAAAAAAGACAGGAACGTATTTACTGGGTTAAATATAATCATGGTGCTGTTCATGACAAATACCGCAGATAATCCTTCCCTTCCCCGGCAGCTGGCGTTATGGTCCGACGGGTTTGGCAACAAATCTGACAATGAAAAGTTTCAACATACTGCCGATCGATAAACGCGTAAAATGG
2,2,0,ATACTAAAAAAGACAGGAACGTATTTACTGGGTTAAATATAATCATGGTGCTGTTCATGACAAATACCGCAGATAATCCTTCCCTTCCCCGGCAGCTGGCGTTATGGTCCGCCGGGTTTGGCAACAAATCTGACAATGAAAAGTTTCAACATACTGCCGAATCCCAATTGTACGTTAGGG
1,1,0,ATACTAAAAAAGACAGGAACGTATTTACTGGGTTGAATCTCATAATCCTGCTTTTAATCACAAAACCCGCAGATACTCCTTCTTTTACCGGGCAGCAAGCGTTCTGGCCAGATAGTTTTTGAAACAAATCTCACAATAAAACGTTTCAACATGCTGACTCAACAGCAGCACGGGCCTATG
3,3,0,ATACTAAAAAAGACAGGAACGTATTTACTGGGTTGAATCTCATAATCCTGCTTTTAATCACAAAACCCGCAGATACTCCTTCTTTTACCGGGCAGCAAGCGTTCTGGCCAGATAGTTTTTGAAACAAATCTCACAATAAAACGTTTCAACATGCTGACTCACAGATCCGTTGCGTCCATT
3,2,1,ATACTAAAAAAGACAGGAACGTATTTACTGGGTTGAATCTCATAATCCTGCTTTTAATCACAAAACCCGCAGATACTCCTTCTTTTACCGGGCAGCAAGCGTTCTGGCCAGATAGTTTTTGAAACAAATCTCACAATAAAACGTTTCAACATGCTGACTCGACCAATTTGTTACGCTTGG
7,7,0,ATACTAAAAAAGACAGGAACGTATTTACTGGGTTGAATCTCATAATCCTGCTTTTAATCACAAAACCCGCAGATACTCCTTCTTTTACCGGGCAGCAAGCGTTCTGGCCAGATAGTTTTTGAAACAAATCTCACAATAAAACGTTTCAACATGCTGACTCGAGACGGTAGATAAATCATT
7,7,0,ATACTAAAAAAGACAGGAACGTATTTACTGGGTTGAATCTCATAATCCTGCTTTTAATCACAAAACCCGCAGATACTCCTTCTTTTACCGGGCAGCAAGCGTTCTGGCCAGATAGTTTTTGAAACAAATCTCACAATAAAACGTTTCAACATGCTGACTCTAATTTCTTCAAGAGTGTCG
3,3,0,ATACTAAAAAAGACAGGAACGTATTTACTGGGTTGAATCTCATAATCCTGCTTTTAATCACAAAACCCGCAGATACTCCTTCTTTTACCGGGCAGCAAGCGTTCTGGCCAGATAGTTTTTGAAACAAATCTCACAATAAAACGTTTCAACATGCTGACTCTAGTTTGGCGTCTGAACGTT
6,6,0,ATACTAAAAAAGACAGGAACGTATTTACTGTGTTAAATATAATCATCCTGCTTTACATCGCAAAAACTGCGTATACTCGTCCCTATCCCCGGCAGCTGGCGTTATGGTCAGATGGTTTTTGCAACAAATCTCACAATAAAAAGTTTCAACATCCTGCCTACGTAGGGACTATTTAGCTAC
2,2,0,ATACTAAAAAAGACAGGAACGTATTTACTGTGTTAAATATAATCATCCTGCTTTACATCGCAAAAACTGCGTATACTCGTCCCTATCCCCGGCAGCTGGCGTTATGGTCAGATGGTTTTTGCAACAAATCTCACAATAAAAAGTTTCAACATCCTGCCTAGGGAGGATCCTTTGTCGCAT
1,1,0,ATACTAAAAAAGACAGGAACGTATTTACTGTGTTAAATATAATCATCCTGCTTTACATCGCAAAAACTGCGTATACTCGTCCCTATCCCCGGCAGCTGGCGTTATGGTCAGATGGTTTTTGCAACAAATCTCACAATAAAAAGTTTCAACATCCTGCCTAGGTGGATACGTTTACAGCTC
1,1,0,ATACTAAAAAAGACAGGAACGTATTTACTGTGTTAAATATAATCATCCTGCTTTACATCGCAAAAACTGCGTATACTCGTCCCTATCCCCGGCAGCTGGCGTTATGGTCAGATGGTTTTTGCAACAAATCTCACAATAAAAAGTTTCAACATCCTGCCTAGGTTTAATTCGGACCCACAT
1,1,0,ATACTAAAAAAGACAGGAACGTATTTACTGTGTTAAATATAATCATCCTGCTTTACATCGCAAAAACTGCGTATACTCGTCCCTATCCCCGGCAGCTGGCGTTATGGTCAGATGGTTTTTGCAACAAATCTCACAATAAAAAGTTTCAACATCCTGCCTAGTAGTTCCTGTGCGTGGGTG
2,2,0,ATACTAAAAAAGACAGGAACGTATTTACTGTGTTAAATATAATCATCCTGCTTTACATCGCAAAAACTGCGTATACTCGTCCCTATCCCCGGCAGCTGGCGTTATGGTCAGATGGTTTTTGCAACAAATCTCACAATAAAAAGTTTCAACATCCTGCCTATATGTTAGGTAAGGGCAATT
3,3,0,ATACTAAAAAAGACAGGAACGTATTTACTGTGTTAAATATAATCATCCTGCTTTACATCGCAAAAACTGCGTATACTCGTCCCTATCCCCGGCAGCTGGCGTTATGGTCAGATGGTTTTTGCAACAAATCTCACAATTAAATTTTTCAACATACTGAGTATGTCGGATGTGATGTCAATA
4,4,0,ATACTAAAAAAGACAGGAACGTATTTACTGTGTTAAATATAATCATCCTGCTTTACATCGCAAAAACTGCGTATACTCGTCCCTATCCCCGGCAGCTGGCTTTATGGTCAGATGGTTTTTGCAACAAATCTCACAATAAAAAGTTTCAACATCCTGCCTAGTGATCAATTCCGGATGTTA
14,7,7,ATACTAAAAAAGACAGGAACGTGATTACTGGGTTAAATATAATCATCCTGCTTTTCATCACAAAAACCGCATTTAATGCTTCCTTTCCCCGGCAGATGGCGTTATGGATAGATGGTTTTTGCAACAAATCTCACAATACGAAGTTTCAATATTCTGCCTAAAGGGATCTAATGTAGATGT
7,5,2,ATACTAAAAAAGACAGGAACGTGATTACTGGGTTAAATATAATCATCCTGCTTTTCATCACAAAAACCGCATTTAATGCTTCCTTTCCCCGGCAGATGGCGTTATGGATAGATGGTTTTTGCAACAAATCTCACAATACGAAGTTTCAATATTCTGCCTAAGACGACGTTTAGGAGGGGA
6,2,4,ATACTAAAAAAGACAGGAACGTGATTACTGGGTTAAATATAATCATCCTGCTTTTCATCACAAAAACCGCATTTAATGCTTCCTTTCCCCGGCAGATGGCGTTATGGATAGATGGTTTTTGCAACAAATCTCACAATACGAAGTTTCAATATTCTGCCTACGTCACAGAGCTTATAGACA
34,8,26,ATACTAAAAAAGACAGGAACGTGATTACTGGGTTAAATATAATCATCCTGCTTTTCATCACAAAAACCGCATTTAATGCTTCCTTTCCCCGGCAGATGGCGTTATGGATAGATGGTTTTTGCAACAAATCTCACAATACGAAGTTTCAATATTCTGCCTAGCCTACACAGTAGGGTACCC
58,11,47,ATACTAAAAAAGACAGGAACGTGATTACTGGGTTAAATATAATCATCCTGCTTTTCATCACAAAAACCGCATTTAATGCTTCCTTTCCCCGGCAGATGGCGTTATGGATAGATGGTTTTTGCAACAAATCTCACAATACGAAGTTTCAATATTCTGCCTAGTCGTGTGTGAGACTGTCAA
10,2,8,ATACTAAAAAAGACAGGAACGTGATTACTGGGTTAAATATAATCATCCTGCTTTTCATCACAAAAACCGCATTTAATGCTTCCTTTCCCCGGCAGATGGCGTTATGGATAGATGGTTTTTGCAACAAATCTCACAATACGAAGTTTCAATATTCTGCCTAGTGACATACGCCAAGACACG
1,1,0,ATACTAAAAAAGACAGGAACGTGATTACTGGGTTAAATATAATCATCCTGCTTTTCATCACAAAAACCGCATTTAATGCTTCCTTTCCCCGGCAGATGGCGTTATGGATAGATGGTTTTTGCAACAAATCTCACAATACGAAGTTTCAATATTCTGCCTAGTTCAAGTGATACTAAAACA
6,6,0,ATACTAAAAAAGACAGGAACGTGATTACTGGGTTAAATATAATCATCCTGCTTTTCATCACAAAAACCGCATTTAATGCTTCCTTTCCCCGGCAGATGGCGTTATGGATAGATGGTTTTTGCAACAAATCTCACAATACGAAGTTTCAATATTCTGCCTATAAGAGTACAAGGGATGAGT
5,5,0,ATACTAAAAAAGACAGGAACGTGATTACTGGGTTAAATATAATCATCCTGCTTTTCATCACAAAAACCGCATTTAATGCTTCCTTTCCCCGGCAGATGGCGTTATGGATAGATGGTTTTTGCAACAAATCTCACAATACGAAGTTTCAATATTCTGCCTATACATAGCATTGAGCAGGGG
5,3,2,ATACTAAAAAAGACAGGAACGTGATTACTGGGTTAAATATAATCATCCTGCTTTTCATCACAAAAACCGCATTTAATGCTTCCTTTCCCCGGCAGATGGCGTTATGGATAGATGGTTTTTGCAACAAATCTCACAATACGAAGTTTCAATATTCTGCCTATATTCCGAATTTCACTTCAA
10,10,0,ATACTAAAAAAGACAGGAACGTGATTACTGGGTTAAATATAATCATCCTGCTTTTCATCACAAAAACCGCATTTAATGCTTCCTTTCCCCGGCAGATGGCGTTATGGATAGATGGTTTTTGCAACAAATCTCACAATACGAAGTTTCAATATTCTGCCTATTTGTTTCATTTGTCGGTAG
1,1,0,ATACTAAAAAAGACAGGAACGTTTTTACTGGGTTAAATACAATCATCCTGCTTTTCATCACAAATACCGCAGATACTCCTTCCTTTCCCCGGCAGCTAGGGTTATGGTCACATGGTTTTTGCAACAAATCTCACAATATAACGTTTCAACATATTGACTAAGTGCGGGCCCTTATATATT
17,3,14,ATACTAAAAAAGACAGGAACGTTTTTACTGGGTTAAATACAATCATCCTGCTTTTCATCACAAATACCGCAGATACTCCTTCCTTTCCCCGGCAGCTGGGGTTATGGTCACATGGTTTTTGCAACAAATCTCACAATATAACGTTTCAACATATTGACTAAGGAGGTTAGTAAATTGAAC
48,3,45,ATACTAAAAAAGACAGGAACGTTTTTACTGGGTTAAATACAATCATCCTGCTTTTCATCACAAATACCGCAGATACTCCTTCCTTTCCCCGGCAGCTGGGGTTATGGTCACATGGTTTTTGCAACAAATCTCACAATATAACGTTTCAACATATTGACTACGGTTTAGCCATGCGTTTGA
30,8,22,ATACTAAAAAAGACAGGAACGTTTTTACTGGGTTAAATACAATCATCCTGCTTTTCATCACAAATACCGCAGATACTCCTTCCTTTCCCCGGCAGCTGGGGTTATGGTCACATGGTTTTTGCAACAAATCTCACAATATAACGTTTCAACATATTGACTAGACCCGCCGATCGGATCAAA
11,1,10,ATACTAAAAAAGACAGGAACGTTTTTACTGGGTTAAATACAATCATCCTGCTTTTCATCACAAATACCGCAGATACTCCTTCCTTTCCCCGGCAGCTGGGGTTATGGTCACATGGTTTTTGCAACAAATCTCACAATATAACGTTTCAACATATTGACTAGGTTAACATCTCGCACAAAG
5,4,1,ATACTAAAAAAGACAGGAACGTTTTTACTGGGTTAAATACAATCATCCTGCTTTTCATCACAAATACCGCAGATACTCCTTCCTTTCCCCGGCAGCTGGGGTTATGGTCACATGGTTTTTGCAACAAATCTCACAATATAACGTTTCAACATATTGACTATTTTTTGTGTTTATCCGAGC
7,7,0,ATACTAAAAAAGACAGGGACGAATTTAGTGGGTTGAATATAATCGTCCTGCTTTTCATCACAAAAACCGCAGATAATCCATCCTTTCCCCGACAGCTGGCGTAATGGTCAGAGGGTTTTTGCAACAAAACTCACAATAAAACGCTTCAACATACTGACTAACCCCCCGTAGGTATGTGCT
2,2,0,ATACTAAAAAAGACAGGGACGAATTTAGTGGGTTGAATATAATCGTCCTGCTTTTCATCACAAAAACCGCAGATAATCCATCCTTTCCCCGGCAGCTGGCGTAATGGTCAGAGGGTTTTTGCAACAAAACTCACAATAAAACGCTTCAACATACTGACTACATCACGACACGGCGTAACT
2,2,0,ATACTAAAAAAGACAGGGACGAATTTAGTGGGTTGAATATAATCGTCCTGCTTTTCATCACAAAAACCGCAGATAATCCATCCTTTCCCCGGCAGCTGGCGTAATGGTCAGAGGGTTTTTGCAACAAAACTCACAATAAAACGCTTCAACATACTGACTACTGTTCACTCAGCAGTGTTA
2,2,0,ATACTAAAAAAGACAGGGACGAATTTAGTGGGTTGAATATAATCGTCCTGCTTTTCATCACAAAAACCGCAGATAATCCATCCTTTCCCCGGCAGCTGGCGTAATGGTCAGAGGGTTTTTGCAACAAAACTCACAATAAAACGCTTCAACATACTGACTATTATTGGGGATGTCGCAGCA
1,1,0,ATACTAAAAAAGACATGAACGTAATTACTGGGTTAAAGATAATCATCCTGCTTTTTATCACAACTACCGCAAATGATCCTTCCTTTCCCCGGAAGATGGCGTAATGGTCAGATGGTTTCTGCAACAAATCTCACAATAACAATTGCCAACATACTTACTACGGTGGCTGGACATGTATGT
4,4,0,ATACTAAAAAAGACATGAACGTAATTACTGGGTTAAAGATAATCATCCTGCTTTTTATCACAACTACCGCAAATGATCCTTCCTTTCCCCGGAAGATGGCGTAATGGTCAGATGGTTTCTGCAACAAATCTCACAATAACAATTGCCAACATACTTACTACTATCACAGGATCAGGTTAG
1,1,0,ATACTAAAAAAGACATGAACGTAATTACTGGGTTAAAGATAATCATCCTGCTTTTTATCACAACTACCGCAAATGATCCTTCCTTTCCCCGGAAGATGGCGTAATGGTCAGATGGTTTCTGCAACAAATCTCACAATAACAATTGCCAACATACTTACTAGAACAAGAACAATTAACCGT
3,3,0,ATACTAAAAAAGACATGAACGTAATTACTGGGTTAAAGATAATCATCCTGCTTTTTATCACAACTACCGCAAATGATCCTTCCTTTCCCCGGAAGATGGCGTAATGGTCAGATGGTTTCTGCAACAAATCTCACAATAACAATTGCCAACATACTTACTATGTCCCACAGGCTACTAGTT
2,2,0,ATACTAAAAAAGACATGAACGTAATTACTGGGTTAAAGATAATCATCCTGCTTTTTATCACAACTACCGCAAATGATCCTTCCTTTCCCCGGAAGATGGCGTAATGGTCAGATGGTTTCTGCAACAAATCTCACAATAACAATTGCCAACATACTTACTATTCTACAAGTTCAAACACGA
4,4,0,ATACTAAAAAAGACATGAACGTAATTACTGGGTTAAAGATAATCATCCTGCTTTTTATCACAACTACCGCAAATGATCCTTCCTTTCCCCGTAAGATGGCGTAATGGTCAGATGGTTTCTGCAACAAATCTCACAATAACAATTGCCAACATACTTACTATACAATGCAGGTCTATACAA
11,4,7,ATACTAAAAAAGACGGCTACGTATTTACTGGGTTAAATATCATCATGCTCCTTTTCATCACAAAAACCGCAGATAATCCTTCCTTTCCCCGGCAACTGGCGTTATGGTCAGATGGTTTTTGCAACAAATCTCACAATAAAAAGTTTCAACATACTGACTAAACACAAGGAATTGATCACT
21,7,14,ATACTAAAAAAGACGGCTACGTATTTACTGGGTTAAATATCATCATGCTCCTTTTCATCACAAAAACCGCAGATAATCCTTCCTTTCCCCGGCAACTGGCGTTATGGTCAGATGGTTTTTGCAACAAATCTCACAATAAAAAGTTTCAACATACTGACTAATGCTAGTAGCTATCATCAA
2,2,0,ATACTAAAAAAGACGGCTACGTATTTACTGGGTTAAATATCATCATGCTCCTTTTCATCACAAAAACCGCAGATAATCCTTCCTTTCCCCGGCAACTGGCGTTATGGTCAGATGGTTTTTGCAACAAATCTCACAATAAAAAGTTTCAACATACTGACTATGTGTCTCATAGTGGATTGG
3,3,0,ATACTAAAAAAGACGGGAACATAGGTACTGGATTAATTATATTCATCCTACTTTTCATCACAAAAACTGCAGATTATCCTTCCTTTCGACGGCAGCTGGCATTATGGTCAGATGTTTTTTGCAACAGATCTCACAATAAAAAGTTTCAACATACTGACTAAGTGCTGTACCTGGGAATTA
2,2,0,ATACTAAAAAAGACGGGAACATAGGTACTGGATTAATTATATTCATCCTACTTTTCATCACAAAAACTGCAGATTATCCTTCCTTTCGACGGCAGCTGGCATTATGGTCAGATGTTTTTTGCAACAGATCTCACAATAAAAAGTTTCAACATACTGACTATAGCACGGGTTCGCCTATGA
10,4,6,ATACTAAAAAAGACGGGAACATAGGTACTGGATTAATTATATTCATCCTACTTTTCATCACAAAAACTGCAGATTATCCTTCCTTTCGACGGCAGCTGGCATTATGGTCAGATGTTTTTTGCAACAGATCTCACAATAAAAAGTTTCAACATACTGACTATTGAAGGCAGCATACTTTAT
1,0,1,ATACTAAAAAAGAGAGTAACGTATCTACTGGGTTATATATACTAATGCTGCTTTTCAGCACTAAAACCGCAGATAATCCGTCCTTTCCCCGGCAGCTGGCGTAATGGTGAGATGGTTTGTGCAACAAAACTCACAATAAGAAGTTTTAACATATAGACCAATCAAGCGGTAGTATATTGT
1,1,0,ATACTAAAAAAGAGAGTAACGTATCTACTGGGTTATATATACTAATGCTGCTTTTCAGCACTAAAACCGCAGATAATCCGTCCTTTCCCCGGCAGCTGGCGTAATGGTGAGATGGTTTGTGCAACAAAACTCACAATAAGAAGTTTTAACATATAGACCACCATATGTAAAAACCCTTAT
5,4,1,ATACTAAAAAAGATAGGAACGTATTTTCTGGGTTAAATATAATCGTCCTGCTTTTCATCACAAACACCGCAGATAATCCTTTCTTTTCCCGGTACCTGACGTTATGGTCAGATGGTTTTTGCAACTATTCTCACAATAAAAAGTTTCAACATACTGACTAACGTTAAAACACTTCAACGG
4,4,0,ATACTAAAAAAGATAGGAACGTATTTTCTGGGTTAAATATAATCGTCCTGCTTTTCATCACAAACACCGCAGATAATCCTTTCTTTTCCCGGTACCTGACGTTATGGTCAGATGGTTTTTGCAACTATTCTCACAATAAAAAGTTTCAACATACTGACTACCCGTTTCACTCGCCTCCCA
25,3,22,ATACTAAAAAAGATAGGAACGTATTTTCTGGGTTAAATATAATCGTCCTGCTTTTCATCACAAACACCGCAGATAATCCTTTCTTTTCCCGGTACCTGACGTTATGGTCAGATGGTTTTTGCAACTATTCTCACAATAAAAAGTTTCAACATACTGACTAGGGAAAAGTAAGGTTGATTA
6,2,4,ATACTAAAAAAGATAGGAACGTATTTTCTGGGTTAAATATAATCGTCCTGCTTTTCATCACAAACACCGCAGATAATCCTTTCTTTTCCCGGTACCTGACGTTATGGTCAGATGGTTTTTGCAACTATTCTCACAATAAAAAGTTTCAACATACTGACTAGTAAGGTAACGCACTTGCAT
15,8,7,ATACTAAAAAAGATAGGAACGTATTTTCTGGGTTAAATATAATCGTCCTGCTTTTCATCACAAACACCGCAGATAATCCTTTCTTTTCCCGGTACCTGACGTTATGGTCAGATGGTTTTTGCAACTATTCTCACAATAAAAAGTTTCAACATACTGACTATTGGTGTAACTACACGACAA
25,8,17,ATACTAAAAATGCCAGCAATGTATTTACTGGGTTGAGTATAATCATCCTGCTTTTCATCACAAACACCGCAGATAATCCTTCCTTTCCCGGGCAGCTGGCGTTATGGTCAGAGGGTTTCTGCAACTTATCTCACAGTTAAAAGTTTCAACATACAGACTGAAGCACTTTTAGCGGTCATA
3,0,3,ATACTAAAAATGCCAGCAATGTATTTACTGGGTTGAGTATAATCATCCTGCTTTTCATCACAAACACCGCAGATAATCCTTCCTTTCCCGGGCAGCTGGCGTTATGGTCAGAGGGTTTCTGCAACTTATCTCACAGTTAAAAGTTTCAACATACAGACTGAAGGATCGGCCCTGTGGCAG
7,5,2,ATACTAAAAATGCCAGCAATGTATTTACTGGGTTGAGTATAATCATCCTGCTTTTCATCACAAACACCGCAGATAATCCTTCCTTTCCCGGGCAGCTGGCGTTATGGTCAGAGGGTTTCTGCAACTTATCTCACAGTTAAAAGTTTCAACATACAGACTGACTCGATTACTACCAGGACG
16,3,13,ATACTAAAAATGCCAGCAATGTATTTACTGGGTTGAGTATAATCATCCTGCTTTTCATCACAAACACCGCAGATAATCCTTCCTTTCCCGGGCAGCTGGCGTTATGGTCAGAGGGTTTCTGCAACTTATCTCACAGTTAAAAGTTTCAACATACAGACTGCCTCGAGTAAACGAATCGGT
26,5,21,ATACTAAAAATGCCAGCAATGTATTTACTGGGTTGAGTATAATCATCCTGCTTTTCATCACAAACACCGCAGATAATCCTTCCTTTCCCGGGCAGCTGGCGTTATGGTCAGAGGGTTTCTGCAACTTATCTCACAGTTAAAAGTTTCAACATACAGACTGCGGAATACCCGATTATGTGT
23,6,17,ATACTAAAAATGCCAGCAATGTATTTACTGGGTTGAGTATAATCATCCTGCTTTTCATCACAAACACCGCAGATAATCCTTCCTTTCCCGGGCAGCTGGCGTTATGGTCAGAGGGTTTCTGCAACTTATCTCACAGTTAAAAGTTTCAACATACAGACTGTAATGGGGATCCACAATATT
105,24,81,ATACTAAAAATGCCAGCAATGTATTTACTGGGTTGAGTATAATCATCCTGCTTTTCATCACAAACACCGCAGATAATCCTTCCTTTCCCGGGCAGCTGGCGTTATGGTCAGAGGGTTTCTGCAACTTATCTCACAGTTAAAAGTTTCAACATACAGACTGTGCTCTTAATCGGGGAGTGG
11,4,7,ATACTAAAAATGCCAGCAATGTATTTACTGGGTTGAGTATAATCATCCTGCTTTTCATCACAAACACCGCAGATAATCCTTCCTTTCCCGGGCAGCTGGCGTTATGGTCAGAGGGTTTCTGCAACTTATCTCACAGTTAAAAGTTTCAACATACAGACTGTGTACCAACTCATATAAAGA
6,3,3,ATACTAAAAATGCCAGCAATGTATTTACTGGGTTGAGTATAATCATCCTGCTTTTCATCACAAACACCGCAGATAATCCTTCCTTTCCCGGGCAGCTGGCGTTATGGTCAGAGGGTTTCTGCAACTTATCTCACAGTTAAAAGTTTCAACATACAGACTGTGTACCTGAGTCGCCAATAT
4,2,2,ATACTAAAAATGCCAGCAATGTATTTACTGGGTTGAGTATAATCATCCTGCTTTTCATCACAAACACCGCAGATAATCCTTCCTTTCCCGGGCAGCTGGCGTTATGGTCAGAGGGTTTCTGCAACTTATCTCACAGTTAAAAGTTTCAACATACAGACTGTTCCACCAACATCAAACGAT
7,1,6,ATACTAAAAATGCCAGCAATGTATTTACTGGGTTGAGTATAATCATCCTGCTTTTCATCACAAACACCGCAGATAATCCTTCCTTTCCCGGGCAGCTGGCGTTATGGTCAGAGGGTTTCTGCAACTTATCTCACAGTTAAAAGTTTCAACATACAGACTGTTTGACACGTGTGACCTTCG
126,7,119,ATACTAAAATAGACAGGAACGTATTTACTGGGTTAGATATAATCATCCTGCCTTTCATCACAAAAACCGGAGATAATCCTTCCATTCCCCGGCAGCTCACGTTATGATCAGATGGTTTTTGCGACAAACCTCACATTAGAAAGTTTCAACATACTGGCTACAAACAGGATTGCCAAGGCC
100,5,95,ATACTAAAATAGACAGGAACGTATTTACTGGGTTAGATATAATCATCCTGCCTTTCATCACAAAAACCGGAGATAATCCTTCCATTCCCCGGCAGCTCACGTTATGATCAGATGGTTTTTGCGACAAACCTCACATTAGAAAGTTTCAACATACTGGCTACAGTATGAGATTTGTGACCT
3,0,3,ATACTAAAATAGACAGGAACGTATTTACTGGGTTAGATATAATCATCCTGCCTTTCATCACAAAAACCGGAGATAATCCTTCCATTCCCCGGCAGCTCACGTTATGATCAGATGGTTTTTGCGACAAACCTCACATTAGAAAGTTTCAACATACTGGCTACCGCGTGTGTGTACCTCAAC
3,3,0,ATACTAAACCAGACACGAACGTATTTACTGGGTTAAATCAAATCATCTTGCTTTTCGACACAACTACCGCAGTTAATCCTACCTTCCCCCGGCAGCTGGCGTTATGGTCAGGTGGTTTATGCAACAAGTCTCACAGTAAAAAGTTTCTACTTACGGACTAAGCGGCTAGAGGTGTCAAAG
8,8,0,ATACTAAACCAGACACGAACGTATTTACTGGGTTAAATCAAATCATCTTGCTTTTCGACACAACTACCGCAGTTAATCCTACCTTCCCCCGGCAGCTGGCGTTATGGTCAGGTGGTTTATGCAACAAGTCTCACAGTAAAAAGTTTCTACTTACGGACTACGTATAAGCATTCATGATGT
6,6,0,ATACTAAACCAGACACGAACGTATTTACTGGGTTAAATCAAATCATCTTGCTTTTCGACACAACTACCGCAGTTAATCCTACCTTCCCCCGGCAGCTGGCGTTATGGTCAGGTGGTTTATGCAACAAGTCTCACAGTAAAAAGTTTCTACTTACGGACTACTAACGTGTGGTAGGGGCGA
3,3,0,ATACTAAACCAGACACGAACGTATTTACTGGGTTAAATCAAATCATCTTGCTTTTCGACACAACTACCGCAGTTAATCCTACCTTCCCCCGGCAGCTGGCGTTATGGTCAGGTGGTTTATGCAACAAGTCTCACAGTAAAAAGTTTCTACTTACGGACTAGATAAGAAGAAATGGGCTTG
2,2,0,ATACTAAACCAGACACGAACGTATTTACTGGGTTAAATCAAATCATCTTGCTTTTCGACACAACTACCGCAGTTAATCCTACCTTCCCCCGGCAGCTGGCGTTATGGTCAGGTGGTTTATGCAACAAGTCTCACAGTAAAAAGTTTCTACTTACGGACTAGGACCGTCTACTTTCTCAAG
16,6,10,ATACTAAACCAGACACGAACGTATTTACTGGGTTAAATCAAATCATCTTGCTTTTCGACACAACTACCGCAGTTAATCCTACCTTCCCCCGGCAGCTGGCGTTATGGTCAGGTGGTTTATGCAACAAGTCTCACAGTAAAAAGTTTCTACTTACGGACTAGGATTTTAGACGCGGCTAAA
17,17,0,ATACTAAACCAGACACGAACGTATTTACTGGGTTAAATCAAATCATCTTGCTTTTCGACACAACTACCGCAGTTAATCCTACCTTCCCCCGGCAGCTGGCGTTATGGTCAGGTGGTTTATGCAACAAGTCTCACAGTAAAAAGTTTCTACTTACGGACTAGTCACTTCTTTGCTAGCTCG
2,2,0,ATACTAAACCAGACACGAACGTATTTACTGGGTTAAATCAAATCATCTTGCTTTTCGACACAACTACCGCAGTTAATCCTACCTTCCCCCGGCAGCTGGCGTTATGGTCAGGTGGTTTATGCAACAAGTCTCACAGTAAAAAGTTTCTACTTACGGACTAGTTTGGGACTGCGACCACAC
1,1,0,ATACTAAACCAGACACGAACGTATTTACTGGGTTAAATCAAATCATCTTGCTTTTCGACACAACTACCGCAGTTAATCCTACCTTCCCCCGGCAGCTGGCGTTATGGTCAGGTGGTTTATGCAACAAGTCTCACAGTAAAAAGTTTCTACTTACGGACTATAGCAGAGTCTTTGTATCTA
5,5,0,ATACTAAACCAGACACGAACGTATTTACTGGGTTAAATCAAATCATCTTGCTTTTCGACACAACTACCGCAGTTAATCCTACCTTCCCCCGGCAGCTGGCGTTATGGTCAGGTGGTTTATGCAACAAGTCTCACAGTAAAAAGTTTCTACTTACGGACTATATGGCGTCCTGATTTTACG
3,1,2,ATACTAAAGAAGCCAGGAACATGTTTACTGAGTTACATATCAACATCCTGCTTTTCATCACAAAAACCGCAGATAATCGTTCCTTGCCCCGGCAGCTGGCGTTATGGTCAGATGGTTGTTGCAGCAAATCTCACAATAAAATGTATGAACATACTGACTAACCCTCTCCTGTAAAAAGGT
16,6,10,ATACTAAAGAAGCCAGGAACATGTTTACTGAGTTACATATCAACATCCTGCTTTTCATCACAAAAACCGCAGATAATCGTTCCTTGCCCCGGCAGCTGGCGTTATGGTCAGATGGTTGTTGCAGCAAATCTCACAATAAAATGTATGAACATACTGACTACTTATTGTCATCTCGATCAA
2,2,0,ATACTAAAGAAGCCAGGAACATGTTTACTGAGTTACATATCAACATCCTGCTTTTCATCACAAAAACCGCAGATAATCGTTCCTTGCCCCGGCAGCTGGCGTTATGGTCAGATGGTTGTTGCAGCAAATCTCACAATAAAATGTATGAACATACTGACTATAGGGTCAGTCCGATCGGTC
2,1,1,ATACTAAAGAAGCCAGGAACATGTTTACTGAGTTACATATCAACATCCTGCTTTTCATCACAAAAACCGCAGATAATCGTTCCTTGCCCCGGCAGCTGGCGTTATGGTCAGATGGTTGTTGCAGCAAATCTCACAATAAAATGTATGAACATACTGACTATATAGACTTACGTTTTGAAA
12,12,0,ATACTAAGAAAGACAGGAACGTGTTTACTGGGTGAAATATAATCGTCCTACTTTTCATCACAAAAAACCGCCGATAATCCTTCCTTCCGAGACAGCTGGTGTTATGGTCAGATGGTATTTGCCACAAATATCACAATAAAAAGTTTCAACAGACTGACTATCCAGGTTGGAAGGTTTGGT
9,7,2,ATACTAAGAAAGACAGGAACGTGTTTACTGGGTGAAATATAATCGTCCTACTTTTCATCACAAAAACCGCCGATAATCCTTCCTTTCCGAGACAGCTGGTGTTATGGTCAGATGGTATTTGCCACAAATATCACAATAAAAAGTTTCAACAGACTGACTAAATTAACAGCCGATTCAGTC
19,1,18,ATACTAAGAAAGACAGGAACGTGTTTACTGGGTGAAATATAATCGTCCTACTTTTCATCACAAAAACCGCCGATAATCCTTCCTTTCCGAGACAGCTGGTGTTATGGTCAGATGGTATTTGCCACAAATATCACAATAAAAAGTTTCAACAGACTGACTAAGGGTTGTTGAGTTCTACTC
20,0,20,ATACTAAGAAAGACAGGAACGTGTTTACTGGGTGAAATATAATCGTCCTACTTTTCATCACAAAAACCGCCGATAATCCTTCCTTTCCGAGACAGCTGGTGTTATGGTCAGATGGTATTTGCCACAAATATCACAATAAAAAGTTTCAACAGACTGACTATATTACCATTTACCGCATAC
1,1,0,ATACTACAAAAGACAGGAACGTATTTACTGGGTTAAATATAATCATCCTGCTTTTCATCTCAAAAACCGCCGATAATCCTTCGTTTCCCCGGCACCTGTGGTAATGGTCTGCGGGTTTTTGCAACAAATCTCACAAGAAAAACTTTCAACATAATGACTACATATTCTCGTGGGTATGTT
12,11,1,ATACTACAAAAGACAGGAACGTATTTACTGGGTTAAATATAATCATCCTGCTTTTCATCTCAAAAACCGCCGATAATCCTTCGTTTCCCCGGCACCTGTGGTAATGGTCTGCGGGTTTTTGCAACAAATCTCACAAGAAAAACTTTCAACATAATGACTACCCCGATCCCTTCCACGACT
2,2,0,ATACTACAAAAGACAGGAACGTATTTACTGGGTTAAATATAATCATCCTGCTTTTCATCTCAAAAACCGCCGATAATCCTTCGTTTCCCCGGCACCTGTGGTAATGGTCTGCGGGTTTTTGCAACAAATCTCACAAGAAAAACTTTCAACATAATGACTACTCGTCAGGGTTATGGTATA
1,1,0,ATACTACAAAAGACAGGAACGTATTTACTGGGTTAAATATAATCATCCTGCTTTTCATCTCAAAAACCGCCGATAATCCTTCGTTTCCCCGGCACCTGTGGTAATGGTCTGCGGGTTTTTGCAACAAATCTCACAAGAAAAACTTTCAACATAATGACTACTTTATGGATAATCGACCAC
5,5,0,ATACTACTAAAGACGGGAACGTATTCATTATGTTAAATATAATCATCCTGCTTTGCATAACGAAAACCGCCGACAATCCTCCCTTTGCCCGGCACCTGACGTTATGGACAGATGGTTTTTGCACCAAATCTCTCAATATAAAGTTTCAACATACTGCCTACAACTGGTTCAAAAATCGAT
5,5,0,ATACTACTAAAGACGGGAACGTATTCATTATGTTAAATATAATCATCCTGCTTTGCATAACGAAAACCGCCGACAATCCTCCCTTTGCCCGGCACCTGGCGTTATGGACAGATGGTTTTTGCACCAAATCTCTCAATATAAAGTTTCAACATACTGCCTAAATTTCCGTTCTTCATTTCT
2,2,0,ATACTACTAAAGACGGGAACGTATTCATTATGTTAAATATAATCATCCTGCTTTGCATAACGAAAACCGCCGACAATCCTCCCTTTGCCCGGCACCTGGCGTTATGGACAGATGGTTTTTGCACCAAATCTCTCAATATAAAGTTTCAACATACTGCCTAGTGGCAGTTACAAGCTTATT
3,1,2,ATACTAGAAAAGACAGGAACCGATTTACTGGGTTGAATAAAATCATCCTGATTTTCATCACAAAAAGCGCATATGATCCTTCCTTTCCCCTGCAGCTGGCGTTATGGTCAAATGGTATGTGCAACACATCTCACAATAAAAAGTTTCAACATACTGCCTACTGTCGTAGAAACTGGATCG
11,1,10,ATACTAGAAAAGACAGGAACCGATTTACTGGGTTGAATAAAATCATCCTGATTTTCATCACAAAAAGCGCATATGATCCTTCCTTTCCCCTGCAGCTGGCGTTATGGTCAAATGGTATGTGCAACACATCTCACAATAAAAAGTTTCAACATACTGCCTATTTTCTATGTAGGTACGTAG
1,1,0,ATACTAGAAAAGACAGGAACGTATTTCCTAGGTTAAATATATTCATCCTGCTGTCCATCACAAAAACCGCATATAATCTTTTCTTTCCCCGGAATCTGGCGTTATGGTCAGATCGTTTTTGCCACTAATCTCACAAAAAAAAGTCTCCATATACTGACTATGCCTTCCACTAGAATGCTC
11,4,7,ATACTGAAATAGACAGGATTTTATCTACAGGGTTAATTAGAATCATCCTGTTTTGAAGCAAAAAAACCGCAGATAATGCTTCCTTTCCCCGGCTGATGGCGTTATGGTCAGATGGTTCTTGCAACGGATCTCACAATAAAAAGTTTAAACATACTGACTAACATAGGATGACTTAGGTGT
13,9,4,ATACTGAAATAGACAGGATTTTATCTACAGGGTTAATTAGAATCATCCTGTTTTGAAGCAAAAAAACCGCAGATAATGCTTCCTTTCCCCGGCTGATGGCGTTATGGTCAGATGGTTCTTGCAACGGATCTCACAATAAAAAGTTTAAACATACTGACTAATAACGCTAGTTTAGGCGTA
2,2,0,ATACTGAAATAGACAGGATTTTATCTACAGGGTTAATTAGAATCATCCTGTTTTGAAGCAAAAAAACCGCAGATAATGCTTCCTTTCCCCGGCTGATGGCGTTATGGTCAGATGGTTCTTGCAACGGATCTCACAATAAAAAGTTTAAACATACTGACTAATAGGTTAACTTTTGTCCGC
2,2,0,ATACTGAAATAGACAGGATTTTATCTACAGGGTTAATTAGAATCATCCTGTTTTGAAGCAAAAAAACCGCAGATAATGCTTCCTTTCCCCGGCTGATGGCGTTATGGTCAGATGGTTCTTGCAACGGATCTCACAATAAAAAGTTTAAACATACTGACTAGCGATGTGTTCTACGGGAGT
17,5,12,ATACTGAAATAGACAGGATTTTATCTACAGGGTTAATTAGAATCATCCTGTTTTGAAGCAAAAAAACCGCAGATAATGCTTCCTTTCCCCGGCTGATGGCGTTATGGTCAGATGGTTCTTGCAACGGATCTCACAATAAAAAGTTTAAACATACTGACTAGCTCCCGGCTCAGCAGGGTT
3,2,1,ATACTGAAATAGACAGGATTTTATCTACAGGGTTAATTAGAATCATCCTGTTTTGAAGCAAAAAAACCGCAGATAATGCTTCCTTTCCCCGGCTGATGGCGTTATGGTCAGATGGTTCTTGCAACGGATCTCACAATAAAAAGTTTAAACATACTGACTAGGGCACCTAGTTCTAGCTGC
22,10,12,ATACTGAGAAAGACTGGCACGCAATTACTGGGTTAAATATAATCATCCTGCTTTTCATCATAAAAACCGCGGACAATCATACCTAGCCCCGGCAGCTGGCGTTATGGTCAGATGGTTTATGCAACAAATCTCATAATAAATAGTTTAAACTTTCTGACGAACTGCTTCATGATCAATACA
21,10,11,ATACTGAGAAAGACTGGCACGCAATTACTGGGTTAAATATAATCATCCTGCTTTTCATCATAAAAACCGCGGACAATCATACCTAGCCCCGGCAGCTGGCGTTATGGTCAGATGGTTTATGCAACAAATCTCATAATAAATAGTTTAAACTTTCTGACGATCGGGACCTATTGATTACAC
1,1,0,ATACTGAGAAAGACTGGCACGCAATTACTGGGTTAAATATAATCATCCTGCTTTTCATCATAAAAACCGCGGACAATCATACCTAGCCCCGGCAGCTGGCGTTATGGTCAGATGGTTTATGCAACAAATCTCATAATAAATAGTTTAAACTTTCTGACGATCGTACACGTTACACAAGTA
6,3,3,ATACTGAGAAAGACTGGCACGCAATTACTGGGTTAAATATAATCATCCTGCTTTTCATCATAAAAACCGCGGACAATCATACCTAGCCCCGGCAGCTGGCGTTATGGTCAGATGGTTTATGCAACAAATCTCATAATAAATAGTTTAAACTTTCTGACGATTACAAAATCGTCTCGCGCT
2,2,0,ATACTGAGAAAGACTGGCACGCAATTACTGGGTTAAATATAATCATCCTGCTTTTCATCATAAAAACCGCGGACAATCATACCTAGCCCCGGCAGCTGGCGTTATGGTCAGATGGTTTATGCAACAAATCTCATAATAAATAGTTTAAACTTTCTGACGATTATGAAGACTTCCTACCCG
8,8,0,ATACTGAGAAAGACTGGCACGCAATTACTGGGTTAAATATAATCATCCTGCTTTTCATCATAAAAACCGCGGACAATCATACCTAGCCCTGGCAGCTGGCGTTATGGTCAGATGGTTTATGCAACAAATCTCATAATAAATAGTTTAAACTTTCTGACGAGTCTCCTCGATTATTTAAGT
2,2,0,ATAGAAAAAAAGACAGAAACATATTTACTCGGTTAAACATAGTCATCCTGCTTTTCATAACAAAAACCGCAGATTATCCTTCTTTTACCCGGCAGCTGGCGTTAGGGTCAGATGGTATTTGCAACAAAACTCACAAGAGAAAGTTTCAACATACTGACTACCGGTCCGAAGCCCACGGTC
11,4,7,ATAGAAAAAAAGACAGGAACGTATCTAATGGGTTATCTATAATCATCCTTCTGTTCATCACAAAAACCGCAGAAAATCCTTCCTTTCCTCGGCATCGGGCGTTATGGTTAGATGATTTTTGCCACAAATCTCACAATAAAAAGTTTCAACATACTGACTAATTAAATAAGTGGATTGGGG
5,0,5,ATAGAAAAAAAGACAGGAACGTATCTAATGGGTTATCTATAATCATCCTTCTGTTCATCACAAAAACCGCAGAAAATCCTTCCTTTCCTCGGCATCGGGCGTTATGGTTAGATGATTTTTGCCACAAATCTCACAATAAAAAGTTTCAACATACTGACTATCCATGCGCAGTTACTCAGA
12,3,9,ATAGAAAAAAAGACAGGAACGTATTTACGTGGTTAATTATAATCATCCTGCTTCTCATCACAAAAACCTCAAATAATCCTTCCTTTCCCCGGCATCTGGCCTTATGGTCAGATGGTTTTTGCAACAAAGCTCACAGTATAAGGTTTCAACATACTGAGTAGACCTCCGAAACTCTCATGG
9,9,0,ATAGAAAAAAAGACAGGAACGTATTTACTGGGTTAAATATAGGCTTCCTGCTATACATCACAAAAACCGCAGATAATCTTACCTTTCCCCGGCAGCTGGCGTTATGGTCAGATAGTTTCTGCAATAAATCTCACAATAAAAAGTTTCAACATACTTACTATTCATGGGTACCAGAAAGGG
2,2,0,ATAGAAAAAAAGACAGGAACGTATTTACTGGGTTAAATATAGGCTTCCTGCTATACATCACAAAAACCGCAGATAATCTTACCTTTCCCCGGCAGCTGGCGTTATGGTCAGATGGTTTCTGCAATAAATCTCACAATAAAAAGTTTCAACATACTTACTAAATGCGCACTCAAGGTTACC
2,2,0,ATAGAAAAAAAGACAGGAACGTATTTACTGGGTTAAATATAGGCTTCCTGCTATACATCACAAAAACCGCAGATAATCTTACCTTTCCCCGGCAGCTGGCGTTATGGTCAGATGGTTTCTGCAATAAATCTCACAATAAAAAGTTTCAACATACTTACTACCAAACAAGTGTCTCCATAA
5,5,0,ATAGAAAAAAAGACAGGAACGTATTTACTGGGTTAAATATAGGCTTCCTGCTATACATCACAAAAACCGCAGATAATCTTACCTTTCCCCGGCAGCTGGCGTTATGGTCAGATGGTTTCTGCAATAAATCTCACAATAAAAAGTTTCAACATACTTACTACCACCGGTGCTATCGACTAG
2,2,0,ATAGAAAAAAAGACAGGAACGTATTTACTGGGTTAAATATAGGCTTCCTGCTATACATCACAAAAACCGCAGATAATCTTACCTTTCCCCGGCAGCTGGCGTTATGGTCAGATGGTTTCTGCAATAAATCTCACAATAAAAAGTTTCAACATACTTACTAGCTGCGTGATCCGTCGTGAA
2,2,0,ATAGAAAAAAAGACAGGAACGTATTTACTGGGTTAAATATAGGCTTCCTGCTATACATCACAAAAACCGCAGATAATCTTACCTTTCCCCGGCAGCTGGCGTTATGGTCAGATGGTTTCTGCAATAAATCTCACAATAAAAAGTTTCAACATACTTACTAGTGTTTATAATAGCGTTTAT
8,7,1,ATAGAAAAAAAGACAGGAACGTATTTACTGGGTTAAATATAGGCTTCCTGCTATACATCACAAAAACCGCAGATAATCTTACCTTTCCCCGGCAGCTGGCGTTATGGTCAGATGGTTTCTGCAATAAATCTCACAATAAAAAGTTTCAACATACTTACTATCCCGTTCGACGGCTAGGCC
5,4,1,ATAGAAAAAAAGACAGGAACGTATTTACTGGGTTAGATTTAATCATCCCGCTTTTCATCCCATAAACCGCGGATAAGCCTTCCTTTCCCCGGCAGCTGGCATACAGGTCTGATGGTATTTGCTACAAATCTCACGATAAAAAAGTTCAAAATACCGACCAACAGGTGTTGAATCAGACTT
6,3,3,ATAGAAAAAAAGACAGGAACGTATTTACTGGGTTAGATTTAATCATCCCGCTTTTCATCCCATAAACCGCGGATAAGCCTTCCTTTCCCCGGCAGCTGGCATACAGGTCTGATGGTATTTGCTACAAATCTCACGATAAAAAAGTTCAAAATACCGACCAATGCATGGTAAGGACTGAGT
2,1,1,ATAGAAAAAAAGACAGGAACGTATTTACTGGGTTAGATTTAATCATCCCGCTTTTCATCCCATAAACCGCGGATAAGCCTTCCTTTCCCCGGCAGCTGGCATACAGGTCTGATGGTATTTGCTACAAATCTCACGATAAAAAAGTTCAAAATACCGACCAGACTCGCCTTCACAGACTAC
1,1,0,ATAGAAAAAAAGACAGGAACGTATTTACTGGGTTAGATTTAATCATCCCGCTTTTCATCCCATAAACCGCGGATAAGCCTTCCTTTCCCCGGCAGCTGGCATACAGGTCTGATGGTATTTGCTACAAATCTCACGATAAAAAAGTTCAAAATACCGACCAGGTAACGCATATCTTAGGGA
5,5,0,ATAGAAAAAAAGACAGGAACGTATTTACTGGGTTAGATTTAATCATCCCGCTTTTCATCCCATAAACCGCGGATAAGCCTTCCTTTCCCCGGCAGCTGGCATACAGGTCTGATGGTATTTGCTACAAATCTCACGATAAAAAAGTTCAAAATACCGACCATCTCGCCAGGACGAATCCGT
3,3,0,ATAGAAAAAAAGACAGGAACGTATTTACTTGGCTAAATATAATGATAGTGCTTTTCATCACACACACCGCCGATAATCCTTCCTTTCCCCAGCAGCTGGCTTTATGGTCAGATCGTTTTTGCAACAAATCTCACACTGTAAAGATTCGACATACTGAATAACGGAGCGGTACCGCTCGCT
4,4,0,ATAGAAAAAAAGACAGGAACGTATTTACTTGGCTAAATATAATGATAGTGCTTTTCATCACACACACCGCCGATAATCCTTCCTTTCCCCAGCAGCTGGCTTTATGGTCAGATCGTTTTTGCAACAAATCTCACACTGTAAAGATTCGACATACTGAATACGTCACGGCTAATATCTCGG
2,2,0,ATAGAAAAAAAGACAGGAACGTATTTACTTGGCTAAATATAATGATAGTGCTTTTCATCACACACACCGCCGATAATCCTTCCTTTCCCCAGCAGCTGGCTTTATGGTCAGATCGTTTTTGCAACAAATCTCACACTGTAAAGATTCGACATACTGAATATCGGTCATGCTGTTGAGCGA
1,1,0,ATAGAAAAAAAGACAGGAACGTATTTACTTGGCTAAATATAATGATAGTGCTTTTTATCACACACACCGCCGATAATCCTTCCTTTCCCCAGCAGCTGGCTTTATGGTCAGATCGTTTTTGCAACAAATCTCACACTGTAAAGATTCGACATACTGAATAATAATAAGTAGCAAAGTTTA
6,6,0,ATAGAAAAAAAGACAGGAACGTATTTATTGGGTTAAATATAATCATCCTGCTTTTCATCAGAAAAATCGTAGATAATCCATACTTTCCCCGGCAGCTGTCGTTATGGTTAGATGGTTATTGCAACAAATCTCAAAATTAAAAGTTTCATTATACTGACTAGACGCTCCACAGTATAGGGA
56,2,54,ATAGAAAAAAAGACAGGAACGTCTATACTGGGTTATATATACTCATCCTGCTTTTCATCAAAAAAACCGTAGATAATCCTTGCTTTCCCCGGCGGATGGCGTTATGGTCAGATGGTTTTTGCAACAAATCTCACAATAAAAAGTTTCAACATACTCACGATAACCCCTTTTGTCAACTAG
84,5,79,ATAGAAAAAAAGACAGGAACGTCTATACTGGGTTATATATACTCATCCTGCTTTTCATCAAAAAAACCGTAGATAATCCTTGCTTTCCCCGGCGGATGGCGTTATGGTCAGATGGTTTTTGCAACAAATCTCACAATAAAAAGTTTCAACATACTCACGATTTCGGTCTTAGCCTCTGAG
11,3,8,ATAGAAAAAAAGACAGGAACGTCTATACTGGGTTATATATACTCATCCTGCTTTTCATCAAAAAAACCGTAGATAATCCTTGCTTTCCCCGGCGGATGGCGTTATGGTCAGATGGTTTTTGCAACAAATCTCACAATAAAAAGTTTCAACATACTCACGATTTCTCTCCTCAGAGGATCC
6,5,1,ATAGAAAAAAAGACAGGAACTTATTTACTGGGTTAAATATAATCATCCTGCTTATCATCACAAAAACCGCAGATAATCCTTCCTTTCCCCAGCAGCTGGCGTTATGAACTGAAGTCCTTTGCAACAAATCTCGCAATAAAATGTTACAAGATACTGACTACGGATAGTATTAAATCGATC
2,2,0,ATAGAAAAAAAGACAGGAACTTATTTACTGGGTTAAATATAATCATCCTGCTTATCATCACAAAAACCGCAGATAATCCTTCCTTTCCCCAGCAGCTGGCGTTATGAACTGAAGTCCTTTGCAACAAATCTCGCAATAAAATGTTACAAGATACTGACTATCTACGGAGAAACCCTGAGA
25,2,23,ATAGAAAAAAAGACATGAACGTAGTTACTGGGTTAAATATACTCATCCTGCTTGTCATCACAAAAACCGCAGATATTCCTTCCTTTCCCCGACAGCTGGCGTTATGGTCAGATGGTTTATGCAATAAAGCTCACACTAAAAAGTTTCTACAGACTCACTGCTTCGGTTCGAAGTCCGATG
40,10,30,ATAGAAAAAAAGACATGAACGTAGTTACTGGGTTAAATATACTCATCCTGCTTGTCATCACAAAAACCGCAGATATTCCTTCCTTTCCCCGGCAGCTGGCGTTATGGTCAGATGGTTTATGCAATAAAGCTCACACTAAAAAGTTTCTACAGACTCACTGAGGAGTACTTCCGTTGTTCG
5,0,5,ATAGAAAAAAAGACATGAACGTAGTTACTGGGTTAAATATACTCATCCTGCTTGTCATCACAAAAACCGCAGATATTCCTTCCTTTCCCCGGCAGCTGGCGTTATGGTCAGATGGTTTATGCAATAAAGCTCACACTAAAAAGTTTCTACAGACTCACTGAGGGCTCACGTGGGTCGTTG
5,0,5,ATAGAAAAAAAGACATGAACGTAGTTACTGGGTTAAATATACTCATCCTGCTTGTCATCACAAAAACCGCAGATATTCCTTCCTTTCCCCGGCAGCTGGCGTTATGGTCAGATGGTTTATGCAATAAAGCTCACACTAAAAAGTTTCTACAGACTCACTGCCAAAGTGGGCTTAATCGTA
2,0,2,ATAGAAAAAAAGACATGAACGTAGTTACTGGGTTAAATATACTCATCCTGCTTGTCATCACAAAAACCGCAGATATTCCTTCCTTTCCCCGGCAGCTGGCGTTATGGTCAGATGGTTTATGCAATAAAGCTCACACTAAAAAGTTTCTACAGACTCACTGCTGGTTGTGACTTATCCCGC
18,2,16,ATAGAAAAAAAGACATGAACGTAGTTACTGGGTTAAATATACTCATCCTGCTTGTCATCACAAAAACCGCAGATATTCCTTCCTTTCCCCGGCAGCTGGCGTTATGGTCAGATGGTTTATGCAATAAAGCTCACACTAAAAAGTTTCTACAGACTCACTGGGTTGGTTTACGAGGAGTTA
23,3,20,ATAGAAAAAAAGACATGAACGTAGTTACTGGGTTAAATATACTCATCCTGCTTGTCATCACAAAAACCGCAGATATTCCTTCCTTTCCCCGGCAGCTGGCGTTATGGTCAGATGGTTTATGCAATAAAGCTCACACTAAAAAGTTTCTACAGACTCACTGGTCGAGATGGCCGCACTCGG
7,0,7,ATAGAAAAAAAGACATGAACGTAGTTACTGGGTTAAATATACTCATCCTGCTTGTCATCACAAAAACCGCAGATATTCCTTCCTTTCCCCGGCAGCTGGCGTTATGGTCAGATGGTTTATGCAATAAAGCTCACACTAAAAAGTTTCTACAGACTCACTGTCCGGGCAGACCAAACCGCA
7,7,0,ATAGAAAAAAAGAGTGCAACGTATTTACTTGGTTAAATACAATCATTCTGCCATTCATTAGAACAACCGCAGATAATCCTTCCGTTCCCCGGCAACTGGCGTTAGGGTCAGATGGTCTTTGCAACAAATCTCACAATAAAAAGTTTCAACACACTAACTAAAAGCTCATCTCTGTGGATG
2,2,0,ATAGAAAAAAAGAGTGCAACGTATTTACTTGGTTAAATACAATCATTCTGCCATTCATTAGAACAACCGCAGATAATCCTTCCGTTCCCCGGCAACTGGCGTTAGGGTCAGATGGTCTTTGCAACAAATCTCACAATAAAAAGTTTCAACACACTAACTAATCAGTTCACTTTTAATACA
7,7,0,ATAGAAAAAAAGAGTGCAACGTATTTACTTGGTTAAATACAATCATTCTGCCATTCATTAGAACAACCGCAGATAATCCTTCCGTTCCCCGGCAACTGGCGTTAGGGTCAGATGGTCTTTGCAACAAATCTCACAATAAAAAGTTTCAACACACTAACTACTCGGACTTTGTGGTCACTG
4,4,0,ATAGAAAAAAAGAGTGCAACGTATTTACTTGGTTAAATACAATCATTCTGCCATTCATTAGAACAACCGCAGATAATCCTTCCGTTCCCCGGCAACTGGCGTTAGGGTCAGATGGTCTTTGCAACAAATCTCACAATAAAAAGTTTCAACACACTAACTAGTTTGGATGACGCATGGCCA
14,14,0,ATAGAAAAAAAGAGTGCAACGTATTTACTTGGTTAAATACAATCATTCTGCCATTCATTAGAACAACCGCAGATAATCCTTCCGTTCCCCGGCAACTGGCGTTAGGGTCAGATGGTCTTTGCAACAAATCTCACAATAAAAAGTTTCAACACACTAACTATTGTACCGTACTGAGTCTTG
1,0,1,ATAGAAAAAAGGACAGAAATGCTTATACTGGGTTAAATATCTTCATCCTGCTTTTCATCACAAAAACCGCAGATAAACCTGCCTTCCCCCGGCAGCTGGTGTTATGGTCAGATGGTTTATGCAATAAAACTCACAATAAAAAGATTGTACATACTGACTATCCATGAACACATCATCATA
1,1,0,ATAGAAAAAAGGACAGGAATGCTTATACTGGGTTAAATATCTTCATCCTGCTTTTCATCACAAAAACCGCAGATAAACCTGCCTTCCCCCGGCAGCTGGTGTTATGGTCAGATGGTTTATGCAATAAAACTCACAATAAAAAGATTGTACATACTGACTAAAACATCATTTCAAGTTGTA
14,4,10,ATAGAAAAAAGGACAGGAATGCTTATACTGGGTTAAATATCTTCATCCTGCTTTTCATCACAAAAACCGCAGATAAACCTGCCTTCCCCCGGCAGCTGGTGTTATGGTCAGATGGTTTATGCAATAAAACTCACAATAAAAAGATTGTACATACTGACTAGGATGTGACAATTTTTGATT
25,15,10,ATAGAAAAAAGGACAGGAATGCTTATACTGGGTTAAATATCTTCATCCTGCTTTTCATCACAAAAACCGCAGATAAACCTGCCTTCCCCCGGCAGCTGGTGTTATGGTCAGATGGTTTATGCAATAAAACTCACAATAAAAAGATTGTACATACTGACTAGGCCCTTCGCCGGATTTCCT
4,3,1,ATAGAAAAAAGGACAGGAATGCTTATACTGGGTTAAATATCTTCATCCTGCTTTTCATCACAAAAACCGCAGATAAACCTGCCTTCCCCCGGCAGCTGGTGTTATGGTCAGATGGTTTATGCAATAAAACTCACAATAAAAAGATTGTACATACTGACTATCTCATCACCAATCGCGGAG
16,10,6,ATAGAAAAAAGGACAGGAATGCTTATACTGGGTTAAATATCTTCATCCTGCTTTTCATCACAAAAACCGCAGATAAACCTGCCTTCCCCCGGCAGCTGGTGTTATGGTCAGATGGTTTATGCAATAAAACTCACAATAAAAAGATTGTACATACTGACTATTGTGCATTTTGCTGGGTTA
5,5,0,ATAGAAAAAAGGAGAGGAACGTATTTACTGGGTTATATATAATCATCCGGCTTTTCATAACAAAAACCGCAGGTAATCCTTCCTTTCCCCGGCAGCTGCCGTTCTGGTCAGTTGGATCTTGCAACAAATCTCACAACAAAAAGTTTCAACATACTGATTACACAGGTCCACGTACGTTTG
3,3,0,ATAGAAAAAAGGAGAGGAACGTATTTACTGGGTTATATATAATCATCCGGCTTTTCATAACAAAAACCGCAGGTAATCCTTCCTTTCCCCGGCAGCTGCCGTTCTGGTCAGTTGGATCTTGCAACAAATCTCACAACAAAAAGTTTCAACATACTGATTACTGAAGTTCGGGTACGCTGG
7,7,0,ATAGAAAAAAGGAGAGGAACGTATTTACTGGGTTATATATAATCATCCGGCTTTTCATAACAAAAACCGCAGGTAATCCTTCCTTTCCCCGGCAGCTGCCGTTCTGGTCAGTTGGATCTTGCAACAAATCTCACAACAAAAAGTTTCAACATACTGATTAGCCACGGGATTGAATTCTAC
4,3,1,ATAGAAAAAATGACAGGAACGTATTTACTTGGTTAAATATGATCATCCTGCCTTTGATCACAAAAATTGCGGATAATCCTTCGTTTCCTCGGAAGCTGGCTTTATGGTTAGAGGGGCTTTGCGACAAAACTCACAATTAGAAGTTAGAACAGACTGAATAGACAGGCCGGGGGCAAAGAG
10,2,8,ATAGAAAAAATGACAGGAACGTATTTACTTGGTTAAATATGATCATCCTGCCTTTGATCACAAAAATTGCGGATAATCCTTCGTTTCCTCGGAAGCTGGCTTTATGGTTAGAGGGGCTTTGCGACAAAACTCACAATTAGAAGTTAGAACAGACTGAATAGGATAATTACCAATGGAGGT
18,4,14,ATAGAAAAAATGACAGGAACGTATTTACTTGGTTAAATATGATCATCCTGCCTTTGATCACAAAAATTGCGGATAATCCTTCGTTTCCTCGGAAGCTGGCTTTATGGTTAGAGGGGCTTTGCGACAAAACTCACAATTAGAAGTTAGAACAGACTGAATATACTACAGGGCATACGTTCA
1,1,0,ATAGAAAAAATGACAGGAACGTATTTACTTGGTTAAATATGATCATCCTGCCTTTGATCACAAAAATTGCGGATAATCCTTCGTTTCCTCGGAAGCTGGCTTTATGGTTAGAGGGGCTTTGCGACAAAACTCACAATTAGAAGTTAGAACAGACTGAATATTTATCAGAACCATGGTACC
4,2,2,ATAGAAAAAATGACAGGGACGTATTTACTGGGTTAAATATAATCATCCGGCTTTTCACCACAAAAACCGCAGATAACCGTTGCTTGCCCCGGCAGCTGGCATTAGGGTCAGATGGTGTTTGCAACAAATCTCACAATAAAAAGTTTCAATATGCTGACTAACGGACCCAACGCTCGAATC
1,1,0,ATAGAAAAAATGACAGGGACGTATTTACTGGGTTAAATATAATCATCCGGCTTTTCACCACAAAAACCGCAGATAACCGTTGCTTGCCCCGGCAGCTGGCATTAGGGTCAGATGGTGTTTGCAACAAATCTCACAATAAAAAGTTTCAATATGCTGACTAAGAAGTGGCGTAATGTGTGG
1,1,0,ATAGAAAAAATGACAGGGACGTATTTACTGGGTTAAATATAATCATCCGGCTTTTCACCACAAAAACCGCAGATAACCGTTGCTTGCCCCGGCAGCTGGCATTAGGGTCAGATGGTGTTTGCAACAAATCTCACAATAAAAAGTTTCAATATGCTGACTAATTTAGAGCCCGTGTCAAAA
3,3,0,ATAGAAAAAATGACAGGGACGTATTTACTGGGTTAAATATAATCATCCGGCTTTTCACCACAAAAACCGCAGATAACCGTTGCTTGCCCCGGCAGCTGGCATTAGGGTCAGATGGTGTTTGCAACAAATCTCACAATAAAAAGTTTCAATATGCTGACTACCGCATGCTAGGAGATACAT
2,2,0,ATAGAAAAAATGACAGGGACGTATTTACTGGGTTAAATATAATCATCCGGCTTTTCACCACAAAAACCGCAGATAACCGTTGCTTGCCCCGGCAGCTGGCATTAGGGTCAGATGGTGTTTGCAACAAATCTCACAATAAAAAGTTTCAATATGCTGACTAGTCCTTACCTTTTACTCTCT
4,4,0,ATAGAAAAAATGACAGGGACGTATTTACTGGGTTAAATATAATCATCCGGCTTTTCACCACAAAAACCGCAGATAACCGTTGCTTGCCCCGGCAGCTGGCATTAGGGTCAGATGGTGTTTGCAACAAATCTCACAATAAAAAGTTTCAATATGCTGACTATTGCATGTTACCGATGCGCG
25,2,23,ATAGAAAAATATACAGGAACGTATTTACTGGGTTAAATATCATCATCCTGCTTTTCATCCCAAAAACCGCTGATAATCCTTGCTTTCCCCGGAAGCTGACGTTATAGTCAGATCGTTTTTGCAGCGAATCGCATAATAAAAAGTTTCAACATACTGACTCCCGTCTAGCAGTACGTAACG
23,2,21,ATAGAAAAATATACAGGAACGTATTTACTGGGTTAAATATCATCATCCTGCTTTTCATCCCAAAAACCGCTGATAATCCTTGCTTTCCCCGGAAGCTGACGTTATAGTCAGATCGTTTTTGCAGCGAATCGCATAATAAAAAGTTTCAACATACTGACTCGTTAAACCACTAGGACCAAT
6,0,6,ATAGAAAAATATACAGGAACGTATTTACTGGGTTAAATATCATCATCCTGCTTTTCATCCCAAAAACCGCTGATAATCCTTGCTTTCCCCGGAAGCTGACGTTATAGTCAGATCGTTTTTGCAGCGAATCGCATAATAAAAAGTTTCAACATACTGACTCTTCACAGATTAGTGCAGCAG
4,4,0,ATAGAAAAGGAGACAGGAACGTATTTACGGGGTTAAATATAATGATCCTGCGTTTCTTCACAAAAACCGCAGGTAATCCCTCCTTTCCACTGCAGCTGGCGTTAAGGTCAGATGGTGTGTGCAAGACATCTCACAATAAAATGTTTCAACATACTGACTAGTCCGATAGTTCTCACGTCG
9,8,1,ATAGAAAAGGAGACAGGAACGTATTTACGGGGTTAAATATAATGATCCTGCGTTTCTTCACAAAAACCGCAGGTAATCCCTCCTTTCCACTGCAGCTGGCGTTAAGGTCAGATGGTGTGTGCAAGACATCTCACAATAAAATGTTTCAACATACTGACTATATGATGACTTACGTCGCAA
8,5,3,ATAGAAAGAAAGACAGGAACGTACTTACTGGGTTAAATATAATCATCCTGCTTTTCCTCACAAAAACCGCAGATAATCCTTCCTTTCCCCGGCAGGTCCCATTATGTTCAAATGGTTTATGCAGCAAATCTCAGAATAAAAAATTTCACCACACTGACTAACATTTCAACAACTCTTGAG
2,1,1,ATAGAAAGAAAGACAGGAACGTACTTACTGGGTTAAATATAATCATCCTGCTTTTCCTCACAAAAACCGCAGATAATCCTTCCTTTCCCCGGCAGGTCCCATTATGTTCAAATGGTTTATGCAGCAAATCTCAGAATAAAAAATTTCACCACACTGACTAACGAAAAATCTGGAATCAGA
17,7,10,ATAGAAAGAAAGACAGGAACGTACTTACTGGGTTAAATATAATCATCCTGCTTTTCCTCACAAAAACCGCAGATAATCCTTCCTTTCCCCGGCAGGTCCCATTATGTTCAAATGGTTTATGCAGCAAATCTCAGAATAAAAAATTTCACCACACTGACTACTACTAAGCCACTTGCACAT
9,6,3,ATAGAAAGAAAGACAGGAACGTACTTACTGGGTTAAATATAATCATCCTGCTTTTCCTCACAAAAACCGCAGATAATCCTTCCTTTCCCCGGCAGGTCCCATTATGTTCAAATGGTTTATGCAGCAAATCTCAGAATAAAAAATTTCACCACACTGACTAGCGACACTTAGAATCGTGTT
4,3,1,ATAGAAAGAAAGACAGGAACGTACTTACTGGGTTAAATATAATCATCCTGCTTTTCCTCACAAAAACCGCAGATAATCCTTCCTTTCCCCGGCAGGTCCCATTATGTTCAAATGGTTTATGCAGCAAATCTCAGAATAAAAAATTTCACCACACTGACTATGTTCGACGCAGCTTCCAAA
3,3,0,ATAGAACAAAAGACACAAACGTATCTACTCGGTTAAAAATAATCATCCTGCTTATCATCACACAAACCGCACATAATCCGTTCTTTCCCCGGCAGCTGGCGTTATGGTCAGATTGTTTTTGCAACAAATGTCTCAATAAAAAGTTTCGTCATACTGACTAGGGTAGAGCAAAGACCACCG
1,1,0,ATAGAACAAAAGACACAAACGTATCTACTCGGTTAAAAATAATCATCCTGCTTATCATCACACAAACCGCACATAATCCGTTCTTTCCCCGGCAGCTGGCGTTATGGTCAGATTGTTTTTGCAACAAATGTCTCAATAAAAAGTTTCGTCATACTGACTATTTGTACAGTTACTCAGCTT
5,1,4,ATAGAACAAAAGACAGGTACGTATTTACTGGTTTAACTTTAATGAACATGCTTTTGATCAATAACACCGCAGATAATCCTTCCTTTCCGCGGCAGCTGGCGTTATGGTCAGATGGTTTTTCCAACAAAACTCACAATAGATCGTTTCAACATACTGACTACTGCTGTCACCTAACTGACG
14,0,14,ATAGAACAAAAGACAGGTACGTATTTACTGGTTTAACTTTAATGAACATGCTTTTGATCAATAACACCGCAGATAATCCTTCCTTTCCGCGGCAGCTGGCGTTATGGTCAGATGGTTTTTCCAACAAAACTCACAATAGATCGTTTCAACATACTGACTACTTGTTGCCAACCGCATCTT
9,4,5,ATAGAACAAAAGACAGGTACGTATTTACTGGTTTAACTTTAATGAACATGCTTTTGATCAATAACACCGCAGATAATCCTTCCTTTCCGCGGCAGCTGGCGTTATGGTCAGATGGTTTTTCCAACAAAACTCACAATAGATCGTTTCAACATACTGACTATACTAACATTATTATCGTGC
41,13,28,ATAGAACAAAAGACAGGTACGTATTTACTGGTTTAACTTTAATGAACATGCTTTTGATCAATAACACCGCAGATAATCCTTCCTTTCCGCGGCAGCTGGCGTTATGGTCAGATGGTTTTTCCAACAAAACTCACAATAGATCGTTTCAACATACTGACTATGTTCCTTCAGTCCTCGCGT
1,1,0,ATAGAATCAGAGACAGGAACCTATGTACTCGGTTCAAGATAATCATCCCGCTTTTCATCAGAAAAAGCGCAGGTAATCCTTCCTCTCCCCGGCAGCTGACATTATGGTCGGATGGTTTGTGCAGCAAATCTCACAACTAAAAGTCTCAACATACGGACTACGGTGTATTTTTACTCTGGA
2,2,0,ATAGAATCAGAGACAGGAACCTATGTACTCGGTTCAAGATAATCATCCCGCTTTTCATCAGAAAAAGCGCAGGTAATCCTTCCTCTCCCCGGCAGCTGACATTATGGTCGGATGGTTTGTGCAGCAAATCTCACAACTAAAAGTCTCAACATACGGACTAGGATGTGCGATTGGCTGTGT
8,8,0,ATAGAATCAGAGACAGGAACCTATGTACTCGGTTCAAGATAATCATCCCGCTTTTCATCAGAAAAAGCGCAGGTAATCCTTCCTCTCCCCGGCAGCTGACATTATGGTCGGATGGTTTGTGCAGCAAATCTCACAACTAAAAGTCTCAACATACGGACTAGTGATGCCGACGTTCTGTTT
2,2,0,ATAGAATCAGAGACAGGAACCTATGTACTCGGTTCAAGATAATCATCCCGCTTTTCATCAGAAAAAGCGCAGGTAATCCTTCCTCTCCCCGGCAGCTGACATTATGGTCGGATGGTTTGTGCAGCAAATCTCACAACTAAAAGTCTCAACATACGGACTATAAGCACAGCATTCTCAATG
3,3,0,ATAGAATCAGAGACAGGAACCTATGTACTCGGTTCAAGATAATCATCCCGCTTTTCATCAGAAAAAGCGCAGGTAATCCTTCCTCTCCCCGGCAGCTGACATTATGGTCGGATGGTTTGTGCAGCAAATCTCACAACTAAAAGTCTCAACATACGGACTATTGATCGCAAGTCAAGCGGG
16,15,1,ATAGACAAAAGGACAGGAAGGTAATTACTGGGTTAAATATAACCATCTTGCTTTTCATCTCAAAAACGGCAGATGATCTCTCCTTTCCCCGGCATTTGGAGTGATGGTCAGATGGTTTTTGCAACAAATCTCACAGTAAAAAGTTTCACCATACTGACTCACTAGAGGAGATGGGATGAT
4,4,0,ATAGACAAAAGGACAGGAAGGTAATTACTGGGTTAAATATAACCATCTTGCTTTTCATCTCAAAAACGGCAGATGATCTCTCCTTTCCCCGGCATTTGGAGTGATGGTCAGATGGTTTTTGCAACAAATCTCACAGTAAAAAGTTTCACCATACTGACTCTCAGAGAAGCAAGTCCTCAT
6,6,0,ATAGACAAACTGAAACGAACGTGTTTACTGGGTTAAATATACGAATCCTACTTTTCATCACAAAAGCCGGAGTTAATCCTTCTTTTCCTTGGCAGCTGGCGTTTTGGTCAGAGGGTTTTTGCAACAAATCTTACAGTAAAAAGTTTCAACATACTGACTAACTTTGTTTTTACTCGCCCA
2,2,0,ATAGACAAACTGAAACGAACGTGTTTACTGGGTTAAATATACGAATCCTACTTTTCATCACAAAAGCCGGAGTTAATCCTTCTTTTCCTTGGCAGCTGGCGTTTTGGTCAGAGGGTTTTTGCAACAAATCTTACAGTAAAAAGTTTCAACATACTGACTAATGTTGCGACGATTTTTCGT
2,2,0,ATAGACAAACTGAAACGAACGTGTTTACTGGGTTAAATATACGAATCCTACTTTTCATCACAAAAGCCGGAGTTAATCCTTCTTTTCCTTGGCAGCTGGCGTTTTGGTCAGAGGGTTTTTGCAACAAATCTTACAGTAAAAAGTTTCAACATACTGACTACAAAGAATTTGAGATTCTTG
4,4,0,ATAGACAAACTGAAACGAACGTGTTTACTGGGTTAAATATACGAATCCTACTTTTCATCACAAAAGCCGGAGTTAATCCTTCTTTTCCTTGGCAGCTGGCGTTTTGGTCAGAGGGTTTTTGCAACAAATCTTACAGTAAAAAGTTTCAACATACTGACTAGGTATGCTCAATTCGAGCAG
5,1,4,ATAGAGCAAAAGACAGGAACGTATTTACAGAGTTACATATAGTCTCCCTGCTTTTCATCGCAAAAACCGCAGATTGTCCTTCCTTTCCCCGGCAGCTGGCGTTAGGGTCAGATCGTTTTTTCAACACATACACGATAAAAAGTTTTCAACATCCTGACTAGGCATAAAGACGAGTCAATG
1,1,0,ATAGAGCAAAAGACAGGAACGTATTTACAGAGTTACATATAGTCTCCCTGCTTTTCATCGCAAAAACCGCAGATTGTCCTTCCTTTCCCCGGCAGCTGGCGTTAGGGTCAGATCGTTTTTTCAACACATCACACGATAAAAAGTTTCAACATCCTGACTACCCTTCTAGCAACGCACACC
4,4,0,ATAGAGCAAAAGACAGGAACGTATTTACAGAGTTACATATAGTCTCCCTGCTTTTCATCGCAAAAACCGCAGATTGTCCTTCCTTTCCCCGGCAGCTGGCGTTAGGGTCAGATCGTTTTTTCAACACATCACACGATAAAAAGTTTCAACATCCTGACTACTCTACAGTCTACCCACCCG
1,1,0,ATAGAGCAAAAGACAGGAACGTATTTACAGAGTTACATATAGTCTCCCTGCTTTTCATCGCAAAAACCGCAGATTGTCCTTCCTTTCCCCGGCAGCTGGCGTTAGGGTCAGATCGTTTTTTCAACACATCACACGATAAAAAGTTTCAACATCCTGACTATGTGACCGGTAACCTCATCG
2,2,0,ATAGAGCAAAAGACAGGAACGTATTTACAGAGTTACATATAGTCTCCCTGCTTTTCATCGCAAAAACCGCAGATTGTCCTTCCTTTCCCCGGCAGCTGGCGTTAGGGTCAGATCGTTTTTTCAACACATCACACGATAAAAAGTTTCAACATCCTGACTATTATGCTTGTGGTTTTATTA
2,2,0,ATAGCAAAAAAGACAGGAACGTATTTTCTTGGTTAAATATAATCATCCTGCATTTCATCACTAAATGAGCAGATAATCATTTCTTTCCCCGGCAGCTGGCGTTACAGTCAGATGATTTTTGCAACAAATCCCAAAATTAAAATTTTCAACATAATGACTAACTCGGTTATGAACCAGGTC
4,4,0,ATAGCAAAAAAGACAGGAACGTATTTTCTTGGTTAAATATAATCATCCTGCATTTCATCACTAAATGAGCAGATAATCATTTCTTTCCCCGGCAGCTGGCGTTACAGTCAGATGATTTTTGCAACAAATCCCAAAATTAAAATTTTCAACATAATGACTAATAGCGCCGTGTTAGACCCA
4,4,0,ATAGGAAAAAAGACAGGAACGTATTCACTGCGTTAAATATAATCAGTCTGCTTCTCATCACAAAAACCGCGGATATCCCTTCCTCTCCCCAACAGCTGGCGATATGGTCAGAAGGTTTTAGCAACAATTCTCAGAATGCAAACTTTCAACATACCGACTAAACACAGGGGTCCTAATGAT
11,9,2,ATAGGAAAAAAGACAGGAACGTATTCACTGCGTTAAATATAATCAGTCTGCTTCTCATCACAAAAACCGCGGATATCCCTTCCTCTCCCCAACAGCTGGCGATATGGTCAGAAGGTTTTAGCAACAATTCTCAGAATGCAAACTTTCAACATACCGACTAATCTTCGCGTCGTTCTTCGT
4,4,0,ATAGGAAAAAAGACAGGAACGTATTCACTGCGTTAAATATAATCAGTCTGCTTCTCATCACAAAAACCGCGGATATCCCTTCCTCTCCCCAACAGCTGGCGATATGGTCAGAAGGTTTTAGCAACAATTCTCAGAATGCAAACTTTCAACATACCGACTACAACTTATACACCCTTGTCA
26,17,9,ATAGGAAAAAAGACAGGAACGTATTCACTGCGTTAAATATAATCAGTCTGCTTCTCATCACAAAAACCGCGGATATCCCTTCCTCTCCCCAACAGCTGGCGATATGGTCAGAAGGTTTTAGCAACAATTCTCAGAATGCAAACTTTCAACATACCGACTATGTGAACAACTGTGATTTGT
2,1,1,ATAGTAAAAAAGACAGGAAGGTATTTACTGGGTTAGATTTAATCACCCTGCTTCTCACCACAAAAGCCGCAGATAATCCTTCCTTTCCCGGGCAGCTGACGTTATGGTCAGATGGGTTTTGCAACAACTCTCAAAAGAAAAAGTTTCAACATACTCAGTAATTAGGGGCTTTATGCAGAG
2,2,0,ATAGTAAAAAAGACAGGAAGGTATTTACTGGGTTAGATTTAATCACCCTGCTTCTCACCACAAAAGCCGCAGATAATCCTTCCTTTCCCGGGCAGCTGACGTTATGGTCAGATGGGTTTTGCAACAACTCTCAAAAGAAAAAGTTTCAACATACTCAGTAGACGGACTTTAGTGACAGGG
8,8,0,ATAGTAAAAAAGACAGGAAGGTATTTACTGGGTTAGATTTAATCACCCTGCTTCTCACCACAAAAGCCGCAGATAATCCTTCCTTTCCCGGGCAGCTGACGTTATGGTCAGATGGGTTTTGCAACAACTCTCAAAAGAAAAAGTTTCAACATACTCAGTAGGACTGCAATTTGGTAACCT
5,5,0,ATAGTAAAAAAGACAGGAAGGTATTTACTGGGTTAGATTTAATCACCCTGCTTCTCACCACAAAAGCCGCAGATAATCCTTCCTTTCCCGGGCAGCTGACGTTATGGTCAGATGGGTTTTGCAACAACTCTCAAAAGAAAAAGTTTCAACATACTCAGTAGGTCAGGTTGCAGTAGCATC
62,9,53,ATATAAAAAAAGAAAGCAACGTATTTACTGGGTTAAATATCATCAACCTGCTTTTCATCACAAAAACCGCAGATAATCCTTCCTTTCCCCGGCAGCTGCCGGTATGGTCAGATGGTTTGTGCTAACAATCTTACACACAAAAGTTTCAACAGACTGACTAACTGGCAGTTTGGGTAACGT
35,4,31,ATATAAAAAAAGAAAGCAACGTATTTACTGGGTTAAATATCATCAACCTGCTTTTCATCACAAAAACCGCAGATAATCCTTCCTTTCCCCGGCAGCTGCCGGTATGGTCAGATGGTTTGTGCTAACAATCTTACACACAAAAGTTTCAACAGACTGACTAATGGACCTTGCTGTAGTTTG
39,5,34,ATATAAAAAAAGAAAGCAACGTATTTACTGGGTTAAATATCATCAACCTGCTTTTCATCACAAAAACCGCAGATAATCCTTCCTTTCCCCGGCAGCTGCCGGTATGGTCAGATGGTTTGTGCTAACAATCTTACACACAAAAGTTTCAACAGACTGACTATGAAGGCTAAGGAAGCTGAT
8,2,6,ATATAAAAAAAGACACGAAAGTGTTTTCTTGGTTAATTACTATCACCCTGCTTTTCATCACAAAAATCGAAGAGAATCCTTCCTTTGCCCGGCAGCTGGCGTTATGGTCAGATGGTGTTTGCAACAAATCTCACAATCAAAAGTTTCAACATGCTTACTAAAATTATTGGGCTAGGCGTT
12,0,12,ATATAAAAAAAGACACGAAAGTGTTTTCTTGGTTAATTACTATCACCCTGCTTTTCATCACAAAAATCGAAGAGAATCCTTCCTTTGCCCGGCAGCTGGCGTTATGGTCAGATGGTGTTTGCAACAAATCTCACAATCAAAAGTTTCAACATGCTTACTAAACTTTCACCATGTAAATCA
17,0,17,ATATAAAAAAAGACACGAAAGTGTTTTCTTGGTTAATTACTATCACCCTGCTTTTCATCACAAAAATCGAAGAGAATCCTTCCTTTGCCCGGCAGCTGGCGTTATGGTCAGATGGTGTTTGCAACAAATCTCACAATCAAAAGTTTCAACATGCTTACTAACAAATGTTCTTGGGGTTTT
9,0,9,ATATAAAAAAAGACACGAAAGTGTTTTCTTGGTTAATTACTATCACCCTGCTTTTCATCACAAAAATCGAAGAGAATCCTTCCTTTGCCCGGCAGCTGGCGTTATGGTCAGATGGTGTTTGCAACAAATCTCACAATCAAAAGTTTCAACATGCTTACTACGCAGTACCGTAGACTTCCT
42,8,34,ATATAAAAAAAGACACGAAAGTGTTTTCTTGGTTAATTACTATCACCCTGCTTTTCATCACAAAAATCGAAGAGAATCCTTCCTTTGCCCGGCAGCTGGCGTTATGGTCAGATGGTGTTTGCAACAAATCTCACAATCAAAAGTTTCAACATGCTTACTACTAATCGACTGCATCCCTGT
6,0,6,ATATAAAAAAAGACACGAAAGTGTTTTCTTGGTTAATTACTATCACCCTGCTTTTCATCACAAAAATCGAAGAGAATCCTTCCTTTGCCCGGCAGCTGGCGTTATGGTCAGATGGTGTTTGCAACAAATCTCACAATCAAAAGTTTCAACATGCTTACTACTTAGACAACAGTGGCTCAC
21,5,16,ATATAAAAAAAGACACGAAAGTGTTTTCTTGGTTAATTACTATCACCCTGCTTTTCATCACAAAAATCGAAGAGAATCCTTCCTTTGCCCGGCAGCTGGCGTTATGGTCAGATGGTGTTTGCAACAAATCTCACAATCAAAAGTTTCAACATGCTTACTAGATCTAAGGATACTGGCGAT
10,3,7,ATATAAAAAAAGACACGAAAGTGTTTTCTTGGTTAATTACTATCACCCTGCTTTTCATCACAAAAATCGAAGAGAATCCTTCCTTTGCCCGGCAGCTGGCGTTATGGTCAGATGGTGTTTGCAACAAATCTCACAATCAAAAGTTTCAACATGCTTACTAGCATCCGGTCTTTACACTTA
65,12,53,ATATAAAAAAAGACACGAAAGTGTTTTCTTGGTTAATTACTATCACCCTGCTTTTCATCACAAAAATCGAAGAGAATCCTTCCTTTGCCCGGCAGCTGGCGTTATGGTCAGATGGTGTTTGCAACAAATCTCACAATCAAAAGTTTCAACATGCTTACTAGGTAAGGTATGTACACGTGA
26,2,24,ATATAAAAAAAGACACGAAAGTGTTTTCTTGGTTAATTACTATCACCCTGCTTTTCATCACAAAAATCGAAGAGAATCCTTCCTTTGCCCGGCAGCTGGCGTTATGGTCAGATGGTGTTTGCAACAAATCTCACAATCAAAAGTTTCAACATGCTTACTAGTGATTCGGAGTATACGTAA
5,1,4,ATATAAAAAAAGACACGAAAGTGTTTTCTTGGTTAATTACTATCACCCTGCTTTTCATCACAAAAATCGAAGAGAATCCTTCCTTTGCCCGGCAGCTGGCGTTATGGTCAGATGGTGTTTGCAACAAATCTCACAATCAAAAGTTTCAACATTCTTACTACACTGCGTAAAGACGAAAAC
15,0,15,ATATAAAAAAAGACAGAAACGTATTTACTGGGCTAAATATAATGATCCTACTTTTCATCACAAAACCCGCAGATAATCCTTTCTTTCCCCCGCAGCTGGCGTTATAGTCAGATGGTTGTTGCAGGAAATCTCACAATAAAGAGTTTCAACATACTGACTAATTGATCGTAGATATCTGCC
1,0,1,ATATAAAAAAAGACAGAAACGTATTTACTGGGCTAAATATAATGATCCTACTTTTCATCACAAAACCCGCAGATAATCCTTTCTTTCCCCGGCAGCTGGCGTTATAGTCAGATGGTTGTTGCAGGAAATCTCACAATAAAGAGTTTCAACATACTGACTAACAATATTAGTCTAAGTCCC
51,8,43,ATATAAAAAAAGACAGAAACGTATTTACTGGGCTAAATATAATGATCCTACTTTTCATCACAAAACCCGCAGATAATCCTTTCTTTCCCCGGCAGCTGGCGTTATAGTCAGATGGTTGTTGCAGGAAATCTCACAATAAAGAGTTTCAACATACTGACTAGAGGCATTGGCCCCTGTGCC
31,3,28,ATATAAAAAAAGACAGAAACGTATTTACTGGGCTAAATATAATGATCCTACTTTTCATCACAAAACCCGCAGATAATCCTTTCTTTCCCCGGCAGCTGGCGTTATAGTCAGATGGTTGTTGCAGGAAATCTCACAATAAAGAGTTTCAACATACTGACTAGCTCAGCCTATCAAACTTTA
14,1,13,ATATAAAAAAAGACAGAAACGTATTTACTGGGCTAAATATAATGATCCTACTTTTCATCACAAAACCCGCAGATAATCCTTTCTTTCCCCGGCAGCTGGCGTTATAGTCAGATGGTTGTTGCAGGAAATCTCACAATAAAGAGTTTCAACATACTGACTATCGGCCAGTTTGAACTCCAG
8,8,0,ATATAAAAAAAGACAGCAACGCATTTACTAAGTTAAATATAATGATCCTGCTTATCATCACTAAAACCGCACATAATCATTCCTTTACCCGGCACCTGTCGTTAGGGTCATATGGTTTTTGCAACGAATCTCACAATAGAAAGTTTCACCATGTTTACTAATGCCTATAGAAGGAGATGG
1,1,0,ATATAAAAAAAGACAGCAACGCATTTACTAAGTTAAATATAATGATCCTGCTTATCATCACTAAAACCGCACATAATCATTCCTTTACCCGGCACCTGTCGTTAGGGTCATATGGTTTTTGCAACGAATCTCACAATAGAAAGTTTCACCATGTTTACTACAAATCCTCCTCCCGATAGC
1,1,0,ATATAAAAAAAGACAGCAACGCATTTACTAAGTTAAATATAATGATCCTGCTTATCATCACTAAAACCGCACATAATCATTCCTTTACCCGGCACCTGTCGTTAGGGTCATATGGTTTTTGCAACGAATCTCACAATAGAAAGTTTCACCATGTTTACTAGCATCAACTTCCATGCAAGC
4,4,0,ATATAAAAAAAGACAGCAACGCATTTACTAAGTTAAATATAATGATCCTGCTTATCATCACTAAAACCGCACATAATCATTCCTTTACCCGGCACCTGTCGTTAGGGTCATATGGTTTTTGCAACGAATCTCACAATAGAAAGTTTCACCATGTTTACTAGGGACATGACGGCCGCGATG
1,1,0,ATATAAAAAAAGACAGCAACGCATTTACTAAGTTAAATATAATGATCCTGCTTATCATCACTAAAACCGCACATAATCATTCCTTTACCCGGCACCTGTCGTTAGGGTCATATGGTTTTTGCAACGAATCTCACAATAGAAAGTTTCACCATGTTTACTATGCATTAATGGTTGCAAAGT
4,1,3,ATATAAAAAAAGACAGCAACGCATTTACTAAGTTAAATATAATGATCCTGCTTATCATCACTAAAACCGCACATAATCATTCCTTTACCCGGCACCTTTCGTTAGGGTCATATGGTTTTTGCAACGAATCTCACAATAGAAAGTTTCACCATGTTTACTATCCGAAATCAGCCAAACTGG
4,3,1,ATATAAAAAAAGACAGGAACATATTTACTGGGTTAAGTATGACCATCGCGCTTTTCATTTCAAAAACCGCAAATAAACCTTACTTTCCTCTGCAGCTGGCGTTAGGGTCAGATGGTTTTTGCAACAAATCTCACAATAAAAAGTTTTGACATACTGACTCCGTGGACGGTTTCGCCCCGT
2,2,0,ATATAAAAAAAGACAGGAACATATTTACTGGGTTAAGTATGACCATCGCGCTTTTCATTTCAAAAACCGCAGATAAACCTTACTTTCCTCTGCAGCTGGCGTTAGGGTCAGATGGTTTTTGCAACAAATCTCACAATAAAAAGTTTTGACATACTGACTCCCATCCCCGTCCCCTATCAG
19,18,1,ATATAAAAAAAGACAGGAACATATTTACTGGGTTAAGTATGACCATCGCGCTTTTCATTTCAAAAACCGCAGATAAACCTTACTTTCCTCTGCAGCTGGCGTTAGGGTCAGATGGTTTTTGCAACAAATCTCACAATAAAAAGTTTTGACATACTGACTCGCTGCCATCTTAACATCTAG
2,2,0,ATATAAAAAAAGACAGGAACATATTTACTGGGTTAAGTATGACCATCGCGCTTTTCATTTCAAAAACCGCAGATAAACCTTACTTTCCTCTGCAGCTGGCGTTAGGGTCAGATGGTTTTTGCAACAAATCTCACAATAAAAAGTTTTGACATACTGACTCTACCACATTAAAGGATCCAT
5,5,0,ATATAAAAAAAGACAGGAACCTATTTACTGGGTTAAATATAAGCATCCTGCTCTTCATCACAAGCACCGCATATGAACCTTCCTTTCCCCGGCAGCCGTCGTAATGGTCAGATGGTTTTACCAATAAATCTCGCATAAACAAGTATCAACATCGGGACTACAGTTATGTTTCCACATAAG
1,1,0,ATATAAAAAAAGACAGGAACGCATTTCCTTGGCTATAGATATTCATCCTGCTTCTCTGCACATCAACCGCAGATAAACCATCCTGGGCCCGGCAACTGGGGTTCTAGTCAGATGGTTTTGGCAACCAATCTCACATTAAAAGCTTACATCATACTGACTACAGGCCAAGCTTATGGAAAG
1,1,0,ATATAAAAAAAGACAGGAACGTATGTACTGGGTTATATATAATCATCCTGCGTTTCATCATAAAAACCGCAGATAATCCTTCCTTTCTCCGGCAGCAGGCGTTGTTGTCAGATTGTTTTTGCAACAAATCTCACACCAGAAAGTCTCAACATCCTGACTAATACTGAGTTCGCGTCTGAC
4,4,0,ATATAAAAAAAGACAGGAACGTATGTACTGGGTTATATATAATCATCCTGCGTTTCATCATAAAAACCGCAGATAATCCTTCCTTTCTCCGGCAGCAGGCGTTGTTGTCAGATTGTTTTTGCAACAAATCTCACACCAGAAAGTCTCAACATCCTGACTACGCGTTTTGTGGTGTGTGAG
4,3,1,ATATAAAAAAAGACAGGAACGTATGTACTGGGTTATATATAATCATCCTGCGTTTCATCATAAAAACCGCAGATAATCCTTCCTTTCTCCGGCAGCAGGCGTTGTTGTCAGATTGTTTTTGCAACAAATCTCACACCAGAAAGTCTCAACATCCTGACTAGATTCATAAGGCCTGCGCAT
4,4,0,ATATAAAAAAAGACAGGAACGTATGTACTGGGTTATATATAATCATCCTGCGTTTCATCATAAAAACCGCAGATAATCCTTCCTTTCTCCGGCAGCAGGCGTTGTTGTCAGATTGTTTTTGCAACAAATCTCACACCAGAAAGTCTCAACATCCTGACTAGCACTCGCCGAAATTCATAC
3,3,0,ATATAAAAAAAGACAGGAACGTATGTACTGGGTTATATATAATCATCCTGCGTTTCATCATAAAAACCGCAGATAATCCTTCCTTTCTCCGGCAGCAGGCGTTGTTGTCAGATTGTTTTTGCAACAAATCTCACACCAGAAAGTCTCAACATCCTGACTAGGGGGAGCAACAACGGGGGC
3,2,1,ATATAAAAAAAGACAGGAACGTATGTACTGGGTTATATATAATCATCCTGCGTTTCATCATAAAAACCGCAGATAATCCTTCCTTTCTCCGGCAGCAGGCGTTGTTGTCAGATTGTTTTTGCAACAAATCTCACACCAGAAAGTCTCAACATCCTGACTAGTAGGAGTACACTCCCAATA
2,2,0,ATATAAAAAAAGACAGGAACGTATGTACTGGGTTATATATAATCATCCTGCGTTTCATCATAAAAACCGCAGATAATCCTTCCTTTCTCCGGCAGCAGGCGTTGTTGTCAGATTGTTTTTGCAACAAATCTCACACCAGAAAGTCTCAACATCCTGACTATATCCCAACATTGCTCGCCT
1,1,0,ATATAAAAAAAGACAGGAACGTATGTACTGGGTTATATATAATCATCCTTCGTTTCATCATAAAAACCGCAGATAATCCTTCCTTTCTCCGGCAGCAGGCGTTGTTGTCAGATTGTTTTTGCAACAAATCTCACACCAGAAAGTCTCAACATCCTGACTAGAGGATATGTTTTAATATCA
17,11,6,ATATAAAAAAAGACAGGAACGTATTTACTGGCTAAAATATAATCATCCTGCTTTTCATCACAAAAACCGCAGATAGTCCTTCCTATCCCCGGCAGCCGGCGTTATGGTCAGATCGTTTTGGCACCAAATCTCACAATAAAAAGTTTCAACATACTGACTAAGTTGGTAGGTACAGCCTTC
6,3,3,ATATAAAAAAAGACAGGAACGTATTTACTGGCTAAAATATAATCATCCTGCTTTTCATCACAAAAACCGCAGATAGTCCTTCCTATCCCCGGCAGCCGGCGTTATGGTCAGATCGTTTTGGCACCAAATCTCACAATAAAAAGTTTCAACATACTGACTACGGTCAACCGTGCCAACTCA
6,2,4,ATATAAAAAAAGACAGGAACGTATTTACTGGCTAAAATATAATCATCCTGCTTTTCATCACAAAAACCGCAGATAGTCCTTCCTATCCCCGGCAGCCGGCGTTATGGTCAGATCGTTTTGGCACCAAATCTCACAATAAAAAGTTTCAACATACTGACTATCATGGCTTCCCTCAGAGCT
3,3,0,ATATAAAAAAAGACAGGAACGTATTTACTGGGTTAAATATAATATTCCTGCTTTTAATCACAAAAACCGCAGATAATCCTTCCTTTCCGCGGGAGCTGGCGTAATGGTCAGATGGCTTTTGCATCAAATCCGACAATAAGAAGTTTCAACATACTGACTAAGTCCATTGACAGGTCCGCG
6,4,2,ATATAAAAAAAGACAGGAACGTATTTACTGGGTTAAATATAATATTCCTGCTTTTAATCACAAAAACCGCAGATAATCCTTCCTTTCCGCGGGAGCTGGCGTAATGGTCAGATGGCTTTTGCATCAAATCCGACAATAAGAAGTTTCAACATACTGACTAATTGGTGCAATCCCGCTCAC
1,1,0,ATATAAAAAAAGACAGGAACGTATTTATTGGCTTAAACATAATCTTCCTGCTTTTCATCACCAAAACCTAAGATAAGCCTTGCTTTCCCCGCCAGCTGTCGTTAGGGTCAGTTGGTTTTTGCAACGAATCTCACAAAAATAAGTTTCAACATACTGACTAATCCCTTCGCAGCGGGATTC
5,5,0,ATATAAAAAAAGACAGGAACGTATTTATTGGCTTAAACATAATCTTCCTGCTTTTCATCACCAAAACCTAAGATAAGCCTTGCTTTCCCCGCCAGCTGTCGTTAGGGTCAGTTGGTTTTTGCAACGAATCTCACAAAAATAAGTTTCAACATACTGACTACAACTCAGGCTTGCGTTAGA
4,3,1,ATATAAAAAAAGACAGGAACGTATTTATTGGCTTAAACATAATCTTCCTGCTTTTCATCACCAAAACCTAAGATAAGCCTTGCTTTCCCCGCCAGCTGTCGTTAGGGTCAGTTGGTTTTTGCAACGAATCTCACAAAAATAAGTTTCAACATACTGACTATACCATAATCTACTGGCTTA
1,1,0,ATATAAAAAAAGACAGGAACGTATTTATTGGCTTAAACATAATCTTCCTGCTTTTCATCACCAAAACCTAAGATAAGCCTTGCTTTCCCCGCCAGCTGTCGTTAGGGTCAGTTGGTTTTTGCAACGAATCTCACAAAAATAAGTTTCAACATACTGACTATTTCGTTTGCGTAAGGTGCT
79,14,65,ATATAAAAAAAGACAGGAACGTATTTCCTGGGTTAAATATAATCATGCTGCTTGTCATCACAAAAACCACCGATAATCCTTGCTATCCCCGGCAGCTGGCGTTATGGTCAGATCGTTTTTGCAACCAATCTCACAATAAAAAGTTTCAACATAATGACGAATAACTCCGGCTACTGCTTT
28,1,27,ATATAAAAAAAGACAGGAACGTATTTCCTGGGTTAAATATAATCATGCTGCTTGTCATCACAAAAACCACCGATAATCCTTGCTATCCCCGGCAGCTGGCGTTATGGTCAGATCGTTTTTGCAACCAATCTCACAATAAAAAGTTTCAACATAATGACGAATTACTGTCCCTCATTATCA
101,8,93,ATATAAAAAAAGACAGGAACGTATTTCCTGGGTTAAATATAATCATGCTGCTTGTCATCACAAAAACCACCGATAATCCTTGCTATCCCCGGCAGCTGGCGTTATGGTCAGATCGTTTTTGCAACCAATCTCACAATAAAAAGTTTCAACATAATGACGAATTGCCGCGGCTGTAAAAAG
21,4,17,ATATAAAAAAAGACAGGAACGTATTTCCTGGGTTAAATATAATCATGCTGCTTGTCATCACAAAAACCACCGATAATCCTTGCTATCCCCGGCAGCTGGCGTTATGGTCAGATCGTTTTTGCAACCAATCTCACAATAAAAAGTTTCAACATAATGACGATAAATTTTTACCGCAACCTT
75,5,70,ATATAAAAAAAGACAGGAACGTATTTCCTGGGTTAAATATAATCATGCTGCTTGTCATCACAAAAACCACCGATAATCCTTGCTATCCCCGGCAGCTGGCGTTATGGTCAGATCGTTTTTGCAACCAATCTCACAATAAAAAGTTTCAACATAATGACGATACGTAGGTCGGACAAGTAG
54,2,52,ATATAAAAAAAGACAGGAAGGTCTTTACTGGGTTAGAAACAATCATCCTGATGTTCATCCCAAAAACCGAAGATAGTCCTTCCTTTCCCCGGTAGCTGGTGTTATAGTCAGATGGTTTTTGCAACAAAGCTCACAATTAAAAGTTTCAACATACGGACTAAACCATTTTCTGAAGTATGT
26,1,25,ATATAAAAAAAGACAGGAAGGTCTTTACTGGGTTAGAAACAATCATCCTGATGTTCATCCCAAAAACCGAAGATAGTCCTTCCTTTCCCCGGTAGCTGGTGTTATAGTCAGATGGTTTTTGCAACAAAGCTCACAATTAAAAGTTTCAACATACGGACTAAGTTTGATCAATGGCACAAG
7,7,0,ATATAAAAAAAGACAGGAATGTATGTGCTGGGCTAAATATAACCATCCTCCCTTTCATCACAAAAACCCCAGATAATCCTTCCTGTCCCCGGCAGCTGGCGTTATGGTAAGCATGTTTTTGGAACAAATCTCACATTAAAACGTTTCAACAAACTGACTACACTTCATCTCTCGACACCG
4,4,0,ATATAAAAAAAGACAGGACCGTATTTGCAGGGTTATATGTAATCATCCTGCTTTTCATCACAAAAACCCCAGCTACTACTTCCTTTCCCCACCAGCTGGCGTTATGGGCAGATTCTTTTTGCAAAAGATTTCACAATAAAAAGTTTAAACATATTGACAGCAATTGGCGTCATACTCTTG
3,3,0,ATATAAAAAAAGACAGGACCGTATTTGCAGGGTTATATGTAATCATCCTGCTTTTCATCACAAAAACCCCAGCTACTACTTCCTTTCCCCGCCAGCTGGCGTTATGGGCAGATTCTTTTTGCAAAAGATTTCACAATAAAAAGTTTAAACATATTGACAGTAGGATGGATACAATCGGGC
39,6,33,ATATAAAAAAAGACAGGCGCGTATCTACTGGGTTGAATATAATCATCCTGCTTAACATCAAAAAAACCGCAGATGATCCTTCCTTTCCCCGGCAGCTCGCGTTATGGTCAGGTGGTTTTTGCAACACATCGCACAATAAAAAGTTTCGACATAATGACTAGGCTATCAGCGTCCCCATTT
137,2,135,ATATAAAAAAAGACATAAACGTATTTACTGGGCTAAATATAATGATCCTACTTTTCATCACAAAACCCGCAGATAATCCTTTCTTTCCCCGGCAGCTGGCGTTATAGTCAGATGGTTGTTGCAGGAAATCTCACAATAAAGAGTTTCAACATACTGACTAAGGTCCGAGTCTGCAAACTT
67,10,57,ATATAAAAAAAGAGAGCAACGTATATACTGGGTAGTATATAATCAGCCTGCTTTTCATTACAAAAACCACGGATAATCGTTCCTTTCCCCAGCAGCTGGTGTTATAGTCAGGTCGCTTTTGCAACAAATCTCTCAATAAAAAGCTTCAACATACTGACTAGGGGGGTGTTGAGTCGCAAT
1,1,0,ATATAAAAAAAGCCAGGAACGGATTTACTGGGTTACCTATCATCTTCCTGCTTTTCATCACTAACCCCGCAGATAGTCCTTCCTCTCCCCGGCAGCTGGCGTTATGGTCTAATAGTTTTTGCAACGCATCTCTCAATAAAAAGGTTCAACACACTGATTTGGATGGCTAGGTCGGCCTGG
1,1,0,ATATAAAAAAAGCCAGGAACGTATTTACTGGGCTCAATATAATCGTCCTGATTTTCAGCACAACAATCGCAGATAATCTTTCCTTTCCCCGGCAGCTGGCGTTATGGTCAGATGGTTTTTGCAACAAATCTCACCGTAAAAAGTTTCAACATACTGACTAATGTTCCGTAAGGGTCAATT
1,0,1,ATATAAAAAAAGCCAGGAACGTATTTACTGGGCTCAATATAATCGTCCTGATTTTCAGCACAACAATCGCAGATAATCTTTCCTTTCCCCGGCAGCTGGCGTTATGGTCAGATGGTTTTTGCAACAAATCTCACCGTAAAAAGTTTCAACATACTGACTACGATGCAGCTGGCGCTCTGA
11,11,0,ATATAAAAAAAGCCAGGAACGTATTTACTGGGCTCAATATAATCGTCCTGATTTTCAGCACAACAATCGCAGATAATCTTTCCTTTCCCCGGCAGCTGGCGTTATGGTCAGATGGTTTTTGCAACAAATCTCACCGTAAAAAGTTTCAACATACTGACTAGATTCTCTTCAGGTACCGAC
18,7,11,ATATAAAAAAAGCCAGGAACGTATTTACTGGGTTAAATATAATAATCTTTCATTTCATCACAAAAACCGCAGATAGTCCTTCCTTTCCTCGGCAGGTGGCGTTATGGTCAGATGGTCTTTGCAACAAATCTCCCAATACAAACTTTCAACATATTGACTACAACCGTAGCGTGTCTTATA
3,3,0,ATATAAAAAAAGCCAGGAACGTATTTACTGGGTTAAATATAATAATCTTTCATTTCATCACAAAAACCGCAGATAGTCCTTCCTTTCCTCGGCAGGTGGCGTTATGGTCAGATGGTCTTTGCAACAAATCTCCCAATACAAACTTTCAACATATTGACTACATGGTAGGTGTCGCAATGG
10,1,9,ATATAAAAAAAGCCAGGAACGTATTTACTGGGTTAAATATAATAATCTTTCATTTCATCACAAAAACCGCAGATAGTCCTTCCTTTCCTCGGCAGGTGGCGTTATGGTCAGATGGTCTTTGCAACAAATCTCCCAATACAAACTTTCAACATATTGACTACCGTGGTAGTTTATAATCAG
16,9,7,ATATAAAAAAAGCCAGGAACGTATTTACTGGGTTAAATATAATAATCTTTCATTTCATCACAAAAACCGCAGATAGTCCTTCCTTTCCTCGGCAGGTGGCGTTATGGTCAGATGGTCTTTGCAACAAATCTCCCAATACAAACTTTCAACATATTGACTAGTTATAGGTTCCAATAATTT
10,0,10,ATATAAAAAAAGCCAGGAACGTATTTACTGGGTTAAATATAATAATCTTTCATTTCATCACAAAAACCGCAGATAGTCCTTCCTTTCCTCGGCAGGTGGCGTTATGGTCAGATGGTCTTTGCAACAAATCTCCCAATACAAACTTTCAACATATTGACTATACGCGTCCCAAATGAACGT
13,3,10,ATATAAAAAAAGCCAGGAACGTATTTACTGGGTTAAATATAATAATCTTTCATTTCATCACAAAAACCGCAGATAGTCCTTCCTTTCCTCGGCAGGTGGCGTTATGGTCAGATGGTCTTTGCAACAAATCTCCCAATACAAACTTTCAACATATTGACTATTTTATAGGAGTAATTTTGT
8,8,0,ATATAAAAAAAGCCAGGAACGTATTTACTTGGCTCAATATAATCGTCCTGATTTTCAGCACAACAATCGCAGATAATCTTTCCTTTCCCCGGCAGCTGGCGTTATGGTCAGATGGTTTTTGCAACAAATCTCACCGTAAAAAGTTTCAACATACTGACTAGGCTAAGACCCCATCGCTCA
9,6,3,ATATAAAAAAAGTCAGGAACGTATTTACTGGGCTAAATATAATCATCCTGCTGTTCACTACAAAAACCGCAGATAATCCTTCCTTTCCACGGCAGGTGGCATTTCGGTCAGATGGTTTTTGCAACAAATCTCACAATAAAAAGTGTCAACATACTGACTGCGGGGGCTTGTATCGGCGTA
2,2,0,ATATAAAAAAAGTCAGGAACGTATTTACTGGGCTAAATATAATCATCCTGCTGTTCACTACAAAAACCGCAGATAATCCTTCCTTTCCACGGCAGGTGGCATTTCGGTCAGATGGTTTTTGCAACAAATCTCACAATAAAAAGTGTCAACATACTGACTGGTAGAATGCTCATCCTCCAC
1,1,0,ATATAAAAAAAGTCAGGAACGTATTTACTGGGCTAAATATAATCATCCTGCTGTTCACTACAAAAACCGCAGATAATCCTTCCTTTCCACGGCAGGTGGCATTTCGGTCAGATGGTTTTTGCAACAAATCTCACAATAAAAAGTGTCAACATACTGACTGTAGCTGGTAGTACTATTGTC
4,4,0,ATATAAAAAAAGTCAGGAACGTATTTACTGGGCTAAATATAATCATCCTGCTGTTCACTACAAAAACCGCAGATAATCCTTCCTTTCCACGGCAGGTGGCATTTCGGTCAGATGGTTTTTGCAACAAATCTCACAATAAAAAGTGTCAACATACTGACTGTGGGTGAGTGATTGCTCAAA
1,1,0,ATATAAAAAAAGTCAGGAACGTATTTACTGGGCTAAATATAATCATCCTGCTGTTCACTACAAAAACCGCAGATAATCCTTCCTTTCCACGGCAGGTGGCATTTCGGTCAGATGGTTTTTGCAACAAATCTCACAATAAAAAGTGTCAACATACTGACTGTTTACGTATAATTCGTGAAA
3,2,1,ATATAAAAAAATACAGGAACGTATTTACGGGGTTAAATATAATCATCCTGCTATTCATCACAAAAACCGCAGATATTCCCTCCATTCCTCGGCAGCTGGCGCTAGAATCAAATGGTTTTTGCAACGACTCTCACAATAAAAAGTTTCAACGGACTGCCAAGCGTGGAGAATGGTTATAAG
13,10,3,ATATAAAAAAATACAGGAACGTATTTACGGGGTTAAATATAATCATCCTGCTATTCATCACAAAAACCGCAGATATTCCCTCCATTCCTCGGCAGCTGGCGCTAGAATCAGATGGTTTTTGCAACGACTCTCACAATAAAAAGTTTCAACGGACTGCCAATCCCGTGATTGGAACAAAGC
8,8,0,ATATAAAAAAATATAGGAACGTATTAACTGGGTTAAATATATTCATCCTGCTTTTCACCAGAAAAACCCCAGATAATCCTTCCTTTCCCCGGCAGCTGGCGTTATGGTCAGTTGATTTTTGCAACAAATCTCACAATAAAAAGTTTCTACCTACTGACTACCCCCTAGTTCTTACATGAT
1,1,0,ATATAAAAAAATATAGGAACGTATTAACTGGGTTAAATATATTCATCCTGCTTTTCACCAGAAAAACCCCAGATAATCCTTCCTTTCCCCGGCAGCTGGCGTTATGGTCAGTTGATTTTTGCAACAAATCTCACAATAAAAAGTTTCTACCTACTGACTAGGAATACCAAGGATCAGAGT
2,2,0,ATATAAAAAACAACAGGGACTTATTTATCGCGTTAAATAAAATAATCCTGCTTTTTATCACTAAGGCCGCAGAGAGGCCTTCATTTCCCCGCCAGCTGGCGTTATGGTCAGATGGTTTTTGCGACTAACCTCATAATAAAAAGTTTCAACATACGGACTAATTACGAGGCGTCGCATATT
15,15,0,ATATAAAAAACAACAGGGACTTATTTATCGCGTTAAATAAAATAATCCTGCTTTTTATCACTAAGGCCGCAGAGAGGCCTTCATTTCCCCGCCAGCTGGCGTTATGGTCAGATGGTTTTTGCGACTAACCTCATAATAAAAAGTTTCAACATACGGACTAATTGCGCGCGGGTCAAATAG
2,2,0,ATATAAAAAACAACAGGGACTTATTTATCGCGTTAAATAAAATAATCCTGCTTTTTATCACTAAGGCCGCAGAGAGGCCTTCATTTCCCCGCCAGCTGGCGTTATGGTCAGATGGTTTTTGCGACTAACCTCATAATAAAAAGTTTCAACATACGGACTAGGCTGCGAGGATATTTCAAT
3,2,1,ATATAAAAAAGGACAGGAAGGTATGTACTGGGTTAAACATAATCATCCTGCTTTTCATCACAAAAACCGCAGATAATCCTTCCTTTCCCCGGGAGCTGGCGTTATGGTCAGATTGTTTTTGCAACAAATCTCACAGAACAAAGTTTCAACATACTGATTAAAGACTGTACTTCCCGAAGC
24,2,22,ATATAAAAAAGGACAGGAAGGTATGTACTGGGTTAAACATAATCATCCTGCTTTTCATCACAAAAACCGCAGATAATCCTTCCTTTCCCCGGGAGCTGGCGTTATGGTCAGATTGTTTTTGCAACAAATCTCACAGAACAAAGTTTCAACATACTGATTACATGGTTGGACTTATCTTAA
122,13,109,ATATAAAAAAGGACAGGAAGGTATGTACTGGGTTAAACATAATCATCCTGCTTTTCATCACAAAAACCGCAGATAATCCTTCCTTTCCCCGGGAGCTGGCGTTATGGTCAGATTGTTTTTGCAACAAATCTCACAGAACAAAGTTTCAACATACTGATTACTGATACGATGGGGGTATCG
2,2,0,ATATAAACAAAGTCAGGAACCTATTAACTGAGTTAAATATAATCGTCATGCTTTTCATCAGAAAAGCCGCAGGTAATCCTTCCTTTCCCCGGCAGCTGGAGGCATGGCCAGGCGGGTTTTGCAGCAAATCTCACAATACAAAGTTTAAACACACTGACTTCACGATCACGTACTTTGAGG
8,8,0,ATATAAACAAAGTCAGGAACCTATTAACTGAGTTAAATATAATCGTCATGCTTTTCATCAGAAAAGCCGCAGGTAATCCTTCCTTTCCCCGGCAGCTGGAGGCATGGCCAGGCGGGTTTTGCAGCAAATCTCACAATACAAAGTTTAAACACACTGACTTCGATATGATCCTTCCATGAA
6,6,0,ATATAAACAAAGTCAGGAACCTATTAACTGAGTTAAATATAATCGTCATGCTTTTCATCAGAAAAGCCGCAGGTAATCCTTCCTTTCCCCGGCAGCTGGAGGCATGGCCAGGCGGGTTTTGCAGCAAATCTCACAATACAAAGTTTAAACACACTGACTTGAATGTGGCACTGGAGGCCG
3,3,0,ATATAAACAAAGTCAGGAACCTATTAACTGAGTTAAATATAATCGTCATGCTTTTCATCAGAAAAGCCGCAGGTAATCCTTCCTTTCCCCGGCAGCTGGAGGCATGGCCAGGCGGGTTTTGCAGCAAATCTCACAATACAAAGTTTAAACACACTGACTTTTTACGTCTCGGAAGTCCAG
12,0,12,ATATAAAGAAAGACAGGAACGTATTTACTAGGTTATATGAAATCACGCTGCTTTGCATCACGAAACCCGTAGATAATCCTTCCTTTCCCAGGAAGCCGGCGTTGTGGTAAGATGCTTTTTGCAACAAATCTCAGAAGAAAAAGCTACCGCATACTGACTAGTTATCGCACCGTACTGTCG
6,1,5,ATATAAAGAAAGACAGGAACGTATTTACTAGGTTATATGAAATCACGCTGCTTTGCATCACGAAACCCGTAGATAATCCTTCCTTTCCCAGGAAGCCGGCGTTGTGGTAAGATGCTTTTTGCAACAAATCTCAGAAGAAAAAGCTACCGCATACTGACTAGTTGTCTGATCAACTAAGGT
17,3,14,ATATAAAGAAAGACAGGAACGTATTTACTGGGTTACATGAAATCACGCTGCTTTGCATCACGAAACCCGTAGATAATCCTTCCTTTCCCAGGAAGCCGGCGTTGTGGTAAGATGCTTTTTGCAACAAATCTCAGAAGAAAAAGCTACCGCATACTGACTAACGGATGACCCTAATCGGTA
46,13,33,ATATAAAGAAAGACAGGAACGTATTTACTGGGTTATATGAAATCACGCTGCTTTGCATCACGAAACCCGTAGATAATCCTTCCTTTCCCAGGAAGCCGGCGTTGTGGTAAGATGCTTTTTGCAACAAATCTCAGAAGAAAAAGCTACCGCATACTGACTAAGATTCACTACATCTGGTTA
3,0,3,ATATAAAGAAAGACAGGAACGTATTTACTGGGTTATATGAAATCACGCTGCTTTGCATCACGAAACCCGTAGATAATCCTTCCTTTCCCAGGAAGCCGGCGTTGTGGTAAGATGCTTTTTGCAACAAATCTCAGAAGAAAAAGCTACCGCATACTGACTACACTTTTCATTCTAGGCCTG
56,9,47,ATATAAAGAAAGACAGGAACGTATTTACTGGGTTATATGAAATCACGCTGCTTTGCATCACGAAACCCGTAGATAATCCTTCCTTTCCCAGGAAGCCGGCGTTGTGGTAAGATGCTTTTTGCAACAAATCTCAGAAGAAAAAGCTACCGCATACTGACTACGTCCATGTAGGTGCGCATA
27,1,26,ATATAAAGAAAGACAGGAACGTATTTACTGGGTTATATGAAATCACGCTGCTTTGCATCACGAAACCCGTAGATAATCCTTCCTTTCCCAGGAAGCCGGCGTTGTGGTAAGATGCTTTTTGCAACAAATCTCAGAAGAAAAAGCTACCGCATACTGACTAGAAACTGGTGGATAGACCAT
35,6,29,ATATAAAGAAAGACAGGAACGTATTTACTGGGTTATATGAAATCACGCTGCTTTGCATCACGAAACCCGTAGATAATCCTTCCTTTCCCAGGAAGCCGGCGTTGTGGTAAGATGCTTTTTGCAACAAATCTCAGAAGAAAAAGCTACCGCATACTGACTAGATAAACATATGCTGGGAAC
15,3,12,ATATAAAGAAAGACAGGAACGTATTTACTGGGTTATATGAAATCACGCTGCTTTGCATCACGAAACCCGTAGATAATCCTTCCTTTCCCAGGAAGCCGGCGTTGTGGTAAGATGCTTTTTGCAACAAATCTCAGAAGAAAAAGCTACCGCATACTGACTAGTCGCTACTTATGTGGAACC
15,1,14,ATATAAAGAAAGACAGGAACGTATTTACTGGGTTATATGAAATCACGCTGCTTTGCATCACGAAACCCGTAGATAATCCTTCCTTTCCCAGGAAGCCGGCGTTGTGGTAAGATGCTTTTTGCAACAAATCTCAGAAGAAAAAGCTACCGCATACTGACTAGTTAAACAAGTATCCCAGGG
21,2,19,ATATAAAGAAAGACAGGAACGTATTTACTGGGTTATATGAAATCACGCTGCTTTGCATCACGAAACCCGTAGATAATCCTTCCTTTCCCAGGAAGCCGGCGTTGTGGTAAGATGCTTTTTGCAACAAATCTCAGAAGAAAAAGCTACCGCATACTGACTATCGGCGTCCAGCATAAATAA
7,7,0,ATATAAAGAAAGACAGGAACGTATTTACTGGGTTCAATATAATCATCCTTCTTTTCATCACAATAACCACAGATAATCCGTCCTTTCTCCGGCAGATGGCGTTAGGGTCATATGGTTTTTGCGACAAACCTCACACTAAAAAGTTTCAACATACTGACTACCTAACGTGTAATCAACGTC
3,3,0,ATATAAAGAAAGACAGGAACGTATTTACTGGGTTCAATATAATCATCCTTCTTTTCATCACAATAACCACAGATAATCCGTCCTTTCTCCGGCAGATGGCGTTAGGGTCATATGGTTTTTGCGACAAACCTCACACTAAAAAGTTTCAACATACTGACTAGCTATCTTCTCAAGTGGATT
8,7,1,ATATAAAGAATGACGGGAACGTATTTACTAGCATAATTATAATCCTCCAGCTTTTCATCACTAAAACCGCAGATAATCCTTCCTTTCCTCGGCAGCTGGCGTTATGGTGAGATGGTTTTTGCAATAGATCTCACAAGAAAAAGTTTCAACATACCGACTATTAGTTCTCCAGATTGTTTG
1,1,0,ATATAAAGAATGACGGGAACGTATTTACTAGCATAATTATAATCCTCCAGCTTTTCATCACTAAAACCGCAGATAATCCTTCCTTTCCTCGGCAGCTGGCGTTATGGTGAGATGGTTTTTGCAATAGATCTCACAAGAAAAAGTTTCAACATACTGACTAATAATCGCTGTTGGCGGCAC
34,27,7,ATATAAAGAATGACGGGAACGTATTTACTAGCATAATTATAATCCTCCAGCTTTTCATCACTAAAACCGCAGATAATCCTTCCTTTCCTCGGCAGCTGGCGTTATGGTGAGATGGTTTTTGCAATAGATCTCACAAGAAAAAGTTTCAACATACTGACTACATATAACACCATATTCGAA
1,1,0,ATATAAAGAATGACGGGAACGTATTTACTAGCATAATTATAATCCTCCAGCTTTTCATCACTAAAACCGCAGATAATCCTTCCTTTCCTCGGCAGCTGGCGTTATGGTGAGATGGTTTTTGCAATAGATCTCACAAGAAAAAGTTTCAACATACTGACTACTGATTGGTCTTAAGTAGAA
1,0,1,ATATAAAGAATGACGGGAACGTATTTACTAGCATAATTATAATCCTCCAGCTTTTCATCACTAAAACCGCAGATAATCCTTCCTTTCCTCGGCAGCTGGCGTTATGGTGAGATGGTTTTTGCAATAGATCTCACAAGAAAAAGTTTCAACATACTGACTATCCTAGTGGAATAACGGCCT
16,9,7,ATATAAAGAATGACGGGAACGTATTTACTAGCATAATTATAATCCTCCAGCTTTTCATCACTAAAACCGCAGATAATCCTTCCTTTCCTCGGCAGCTGGCGTTATGGTGAGATGGTTTTTGCAATAGATCTCACAAGAAAAAGTTTCAACATACTGACTATTAATGCTGTAACTCTACGC
3,3,0,ATATAAATAAAGACAGGAAAATATTTTCTGGGTTAAATATAATCAACCTTCTTTTTATCGCATAAACCGCAGATAATCCTTCCTTTCCCCAGCAGCTGGCGTTATGGTCAGATGGTTTTTGCAACAACTCTCACAATCTAAAGTTTCAACATACTGACTGCGTACAATTTGTTACCCGAG
2,2,0,ATATAAATAAAGACAGGAAAATATTTTCTGGGTTAAATATAATCAACCTTCTTTTTATCGCATAAACCGCAGATAATCCTTCCTTTCCCCGGCAGCTGGCGTTATGGTCAGATGGTTTTTGCAACAACTCTCACAATCTAAAGTTTCAACATACTGACTGCGCTATGGAACTCTTTGACG
2,2,0,ATATAAATAAAGACAGGAAAATATTTTCTGGGTTAAATATAATCAACCTTCTTTTTATCGCATAAACCGCAGATAATCCTTCCTTTCCCCGGCAGCTGGCGTTATGGTCAGATGGTTTTTGCAACAACTCTCACAATCTAAAGTTTCAACATACTGACTGGTATTGTTCTTCAAACTGGG
1,1,0,ATATAAATAAAGACAGGAAAATATTTTCTGGGTTAAATATAATCAACCTTCTTTTTATCGCATAAACCGCAGATAATCCTTCCTTTCCCCGGCAGCTGGCGTTATGGTCAGATGGTTTTTGCAACAACTCTCACAATCTAAAGTTTCAACATACTGACTGTGACTAACTAGGTAAAGCAA
1,1,0,ATATAAATAAAGACAGGAAAATATTTTCTGGGTTAAATATAATCAACCTTCTTTTTATCGCATAAACCGCAGATAATCCTTCCTTTCCCCGGCAGCTGGCGTTATGGTCAGATGGTTTTTGCAACAACTCTCACAATCTAAAGTTTCAACATACTGACTGTGTAAATGAGAAGACGTCAC
7,7,0,ATATAACAATAGACACGAACGTATTCACTGCGTTAAATAAAATCAGCCACCTTTTCATCACAAAAACCACAGATATTCCTTCCCTTCCCCGGCAGCTGGCGTTATGGTCAAATGGTTTTTGGAACAAATCTCACAATAAAAAGTTGACACATACTGACCAGGGTCTCGTTTTCAAGCACG
12,8,4,ATATAACAATAGACACGAACGTATTCACTGCGTTAAATAAAATCAGCCACCTTTTCATCACAAAAACCACAGATATTCCTTCCCTTCCCCGGCAGCTGGCGTTATGGTCAGATGGTTTTTGGAACAAATCTCACAATAAAAAGTTGACACATACTGACCAATACCAACTTACCACAATTG
7,1,6,ATATAACAATAGACACGAACGTATTCACTGCGTTAAATAAAATCAGCCACCTTTTCATCACAAAAACCACAGATATTCCTTCCCTTCCCCGGCAGCTGGCGTTATGGTCAGATGGTTTTTGGAACAAATCTCACAATAAAAAGTTGACACATACTGACCACTTACTTCAGACATGCATTT
1,1,0,ATATAACAATAGACACGAACGTATTCACTGCGTTAAATAAAATCAGCCACCTTTTCATCACAAAAACCACAGATATTCCTTCCCTTCCCCGGCAGCTGGCGTTATGGTCAGATGGTTTTTGGAACAAATCTCACAATAAAAAGTTGACACATACTGACCAGACGGAGTTAGAACCCCACT
4,1,3,ATATAACAATAGACACGAACGTATTCACTGCGTTAAATAAAATCAGCCACCTTTTCATCACAAAAACCACAGATATTCCTTCCCTTCCCCGGCAGCTGGCGTTATGGTCAGATGGTTTTTGGAACAAATCTCACAATAAAAAGTTGACACATACTGACCAGTCTGTATTCTTTCTCAGTC
14,5,9,ATATAACAATAGACACGAACGTATTCACTGCGTTAAATAAAATCAGCCACCTTTTCATCACAAAAACCACAGATATTCCTTCCCTTCCCCGGCAGCTGGCGTTATGGTCAGATGGTTTTTGGAACAAATCTCACAATAAAAAGTTGACACATACTGACCATCCGTTCCGGTAATGACGCA
11,4,7,ATATAACAATAGACACGAACGTATTCACTGCGTTAAATAAAATCAGCCACCTTTTCATCACAAAAACCACAGATATTCCTTCCCTTCCCCGGCAGCTGGCGTTATGGTCAGATGGTTTTTGGAACAAATCTCACAATAAAAAGTTGACACATACTGACCATTCGTTCAGGCTCAGGACAA
1,1,0,ATATAAGAGAAGACAGTAACGTAGTTACTGAGTTAAATATAATCATCCTGCTATTCATCACTAAACCCGCAGAAAACCCTTCATTTCCCCGGCAGCTAGCGTTGTGGTCAGATGGTTTTTTCAACAAATCTCAGAATAAAAAGTTTTAACACACTGACTTAAGCCGCGGACCGCCGATCT
10,2,8,ATATAATAAAAGACAGGAATGTATTTACTGGGTTAAATACTATCATCCTGCTTTTCATCACAAAAACCACAGATAATCATTGCTTTCCCTGGAAGCTGGCGTTAGGGTCAGATGGTTTTTGCAACAAATCTCACTATATAAAGTTCCAACATACTGACTAAAGCCATGCCATCCCGGAGA
8,1,7,ATATAATAAAAGACAGGAATGTATTTACTGGGTTAAATACTATCATCCTGCTTTTCATCACAAAAACCACAGATAATCATTGCTTTCCCTGGAAGCTGGCGTTAGGGTCAGATGGTTTTTGCAACAAATCTCACTATATAAAGTTCCAACATACTGACTAAGTACTACGTGACCTGGGGT
11,1,10,ATATAATAAAAGACAGGAATGTATTTACTGGGTTAAATACTATCATCCTGCTTTTCATCACAAAAACCACAGATAATCATTGCTTTCCCTGGAAGCTGGCGTTAGGGTCAGATGGTTTTTGCAACAAATCTCACTATATAAAGTTCCAACATACTGACTAATACAGGAAAGCCACTTTCT
15,3,12,ATATAATAAAAGACAGGAATGTATTTACTGGGTTAAATACTATCATCCTGCTTTTCATCACAAAAACCACAGATAATCATTGCTTTCCCTGGAAGCTGGCGTTAGGGTCAGATGGTTTTTGCAACAAATCTCACTATATAAAGTTCCAACATACTGACTAATAGCCTCCTGTCAAGCTTA
4,0,4,ATATAATAAAAGACAGGAATGTATTTACTGGGTTAAATACTATCATCCTGCTTTTCATCACAAAAACCACAGATAATCATTGCTTTCCCTGGAAGCTGGCGTTAGGGTCAGATGGTTTTTGCAACAAATCTCACTATATAAAGTTCCAACATACTGACTACCATAGAACGGCACCTACCC
1,0,1,ATATAATAAAAGACAGGAATGTATTTACTGGGTTAAATACTATCATCCTGCTTTTCATCACAAAAACCACAGATAATCATTGCTTTCCCTGGAAGCTGGCGTTAGGGTCAGATGGTTTTTGCAACAAATCTCACTATATAAAGTTCCAACATACTGACTACGGCGTTAATTAGCACATTA
51,2,49,ATATAATAAAAGACAGGAATGTATTTACTGGGTTAAATACTATCATCCTGCTTTTCATCACAAAAACCACAGATAATCATTGCTTTCCCTGGAAGCTGGCGTTAGGGTCAGATGGTTTTTGCAACAAATCTCACTATATAAAGTTCCAACATACTGACTACTCCTGGTTTACCGAAGCAA
80,3,77,ATATAATAAAAGACAGGAATGTATTTACTGGGTTAAATACTATCATCCTGCTTTTCATCACAAAAACCACAGATAATCATTGCTTTCCCTGGAAGCTGGCGTTAGGGTCAGATGGTTTTTGCAACAAATCTCACTATATAAAGTTCCAACATACTGACTAGCATTGGTCTGTTGTAAGTT
22,0,22,ATATAATAAAAGACAGGAATGTATTTACTGGGTTAAATACTATCATCCTGCTTTTCATCACAAAAACCACAGATAATCATTGCTTTCCCTGGAAGCTGGCGTTAGGGTCAGATGGTTTTTGCAACAAATCTCACTATATAAAGTTCCAACATACTGACTAGCGAAACCCCCTGGTCCTTT
12,3,9,ATATAATAAAAGACAGGAATGTATTTACTGGGTTAAATACTATCATCCTGCTTTTCATCACAAAAACCACAGATAATCATTGCTTTCCCTGGAAGCTGGCGTTAGGGTCAGATGGTTTTTGCAACAAATCTCACTATATAAAGTTCCAACATACTGACTAGCGACATTATGCGAGTTATG
9,3,6,ATATAATAAAAGACAGGAATGTATTTACTGGGTTAAATACTATCATCCTGCTTTTCATCACAAAAACCACAGATAATCATTGCTTTCCCTGGAAGCTGGCGTTAGGGTCAGATGGTTTTTGCAACAAATCTCACTATATAAAGTTCCAACATACTGACTAGCTGACAGTCACAGGAATTG
14,3,11,ATATAATAAAAGACAGGAATGTATTTACTGGGTTAAATACTATCATCCTGCTTTTCATCACAAAAACCACAGATAATCATTGCTTTCCCTGGAAGCTGGCGTTAGGGTCAGATGGTTTTTGCAACAAATCTCACTATATAAAGTTCCAACATACTGACTATATCCCAGGTATGTGTCCAG
53,5,48,ATATAATAAAAGACAGGAATGTATTTACTGGGTTAAATACTATCATCCTGCTTTTCATCACAAAAACCACAGATAATCATTGCTTTCCCTGGAAGCTGGCGTTAGGGTCAGATGGTTTTTGCAACAAATCTCACTATATAAAGTTCCAACATACTGACTATCGGCATTACTGCGTAGGCT
20,4,16,ATATAATAAAAGACAGGAATGTATTTACTGGGTTAAATACTATCATCCTGCTTTTCATCACAAAAACCACAGATAATCATTGCTTTCCCTGGAAGCTGGCGTTAGGGTCAGATGGTTTTTGCAACAAATCTCACTATATAAAGTTCCAACATACTGACTATTATGCGATTGTTCACTCTC
4,2,2,ATATAATATAAGACAGGAACGTATTTACTGGGTTGAATATAATTTTCCTGCCTTTCAACACAAAAATCGCAGCTAGTCATTCCTTTTCCCGGCAGCTGGGGTTATGGTCAGATGGTTTTTGCAACAAATCTTACAATGAAAAGTGTCAACATACTAACTACCGTGTCTCAGCTAAATGTT
17,6,11,ATATAATATAAGACAGGAACGTATTTACTGGGTTGAATATAATTTTCCTGCCTTTCAACACAAAAATCGCAGCTAGTCATTCCTTTTCCCGGCAGCTGGGGTTATGGTCAGATGGTTTTTGCAACAAATCTTACAATGAAAAGTGTCAACATACTAACTAGGGGGCCCGATCGGGATGGA
1,0,1,ATATAATATAAGACAGGAACGTATTTACTGGGTTGAATATAATTTTCCTGCCTTTCAACACAAAAATCGCAGCTAGTCATTCCTTTTCCCGGCAGCTGGGGTTATGGTCAGATGGTTTTTGCAACAAATCTTACAATGAAAAGTGTCAACATACTAACTAGTAGGCCCACGTATTAGTCT
3,2,1,ATATAATATAAGACAGGAACGTATTTACTGGGTTGAATATAATTTTCCTGCCTTTCAACACAAAAATCGCAGCTAGTCATTCCTTTTCCCGGCAGCTGGGGTTATGGTCAGATGGTTTTTGCAACAAATCTTACAATGAAAAGTGTCAACATACTAACTATATGCGTCTGGCCCTACGCT
16,16,0,ATATACCAAAAGACCGGAACGTACTTACTGGGTTAAATGTAATCATCCCGCTTTTCATCAAAAAACGGGCCGATAATCCTTCCTTCCCCCGGCAGCCGGCGTATCTCTCAACTGGTTTTTGCAACAGATCTTACAATAAAAAGTTTCAACATAATGACTAGGGGTTATTAACTCTATGTC
5,5,0,ATATAGAAAAAGACATGAACGTATTTACTGCGTTATATATAATCAACCTAGTTTACATTACAAACACCGCAGATACTCCTTCCTAACCCCGGCAGCTGGCGTTATGGTCAGATGGTTGTTGCAACCAATCTCAAAATAAAAAGTTCCCACATACCGACAACAGATAGAATGGGCGCGCGG
1,1,0,ATATAGAAAAAGACATGAACGTATTTACTGCGTTATATATAATCAACCTAGTTTACATTACAAACACCGCAGATACTCCTTCCTAACCCCGGCAGCTGGCGTTATGGTCAGATGGTTGTTGCAACCAATCTCAAAATAAAAAGTTCCCACATACCGACAATCACCGCCAAAAGAAAGCGT
10,10,0,ATATATAAAGAGATACGACCGTATTTGCTGGGTTAAATATAATCATACCGCTGTTGATCACAAAAACCGCAGATAATCCTTCCTTTCCCCGGCAGCTGGCGTTGTGGTCAGACAATTTTTGCAACAAATCTCATAATCAAAAGTTTCAACTTACTGACTACGTATACGGCATACGTTTGA
3,3,0,ATATATAAAGAGATACGACCGTATTTGCTGGGTTAAATATAATCATACCGCTGTTGATCACAAAAACCGCAGATAATCCTTCCTTTCCCCGGCAGCTGGCGTTGTGGTCAGACAATTTTTGCAACAAATCTCATAATCAAAAGTTTCAACTTACTGACTAGATCACCCCTTATTTATTAG
3,3,0,ATATATAAAGAGATACGACCGTATTTGCTGGGTTAAATATAATCATACCGCTGTTGATCACAAAAACCGCAGATAATCCTTCCTTTCCCCGGCAGCTGGCGTTGTGGTCAGACAATTTTTGCAACAAATCTCATAATCAAAAGTTTCAACTTACTGACTAGATTTCGGGGACGGCAAGAC
17,9,8,ATATCAAAAAAGACAAGAACGTAGTTACTGGGTTAAAGATAATCATCCTGCTTATCATCGCAAAAACCGCAGATAATCCTTCCTTTCCCCGGCAGCTGGGGTTATGGTCAGATGCTTTGTGCAAGAAATCTCACATAAAAAAGTTTCATCATACTGACTAGTCTCCGTTAACTGACAGTC
3,2,1,ATATCAAAAAAGACAGGAACGTAGTTACTGGGTTAAAGATAATCATCCTGCTTATCATCGCAAAAACCGCAGATAATCCTTCCTTTCCCCGGCAGCTGGGGTTATGGTCAGATGCTTTGTGCAAGAAATCTCACATAAAAAAGTTTCATCATACTGACTACACACAAACACGGCGCTGTG
2,2,0,ATATCAAAAAAGACAGGAACGTAGTTACTGGGTTAAAGATAATCATCCTGCTTATCATCGCAAAAACCGCAGATAATCCTTCCTTTCCCCGGCAGCTGGGGTTATGGTCAGATGCTTTGTGCAAGAAATCTCACATAAAAAAGTTTCATCATACTGACTAGACAAGTCGTCTCTTCGTGT
3,2,1,ATATCAAAAAAGACAGGAACGTAGTTACTGGGTTAAAGATAATCATCCTGCTTATCATCGCAAAAACCGCAGATAATCCTTCCTTTCCCCGGCAGCTGGGGTTATGGTCAGATGCTTTGTGCAAGAAATCTCACATAAAAAAGTTTCATCATACTGACTAGGTAAGAGGAGAGCCGTCTT
3,3,0,ATATCAAAAAAGACAGGAACGTAGTTACTGGGTTAAAGATAATCATCCTGCTTATCATCGCAAAAACCGCAGATAATCCTTCCTTTCCCCGGCAGCTGGGGTTATGGTCAGATGCTTTGTGCAAGAAATCTCACATAAAAAAGTTTCATCATACTGACTATATTATGTTCTTGCGAAGTA
3,3,0,ATATCAAAAAAGACAGGAACGTAGTTACTGGGTTAAAGATAATCATCCTGCTTATCATCGCAAAAACCGCAGATAATCCTTCCTTTCCCCGGCAGCTGGGGTTATGGTCAGATGCTTTGTGCAAGAAATCTCACATAAAAAAGTTTCATCATACTGACTATGAGGCTAGATATTCTGCTT
6,4,2,ATATCAAAAAAGACAGGAACGTAGTTACTGGGTTAAAGATAATCATCCTGCTTATCATCGCAAAAACCGCAGATAATCCTTCCTTTCCCCGGCAGCTGGGGTTATGGTCAGATGCTTTGTGCAAGAAATCTCACATAAAAAAGTTTCATCATACTGACTATTGAGCGTCTACCGTACTTT
1,1,0,ATATCAAAAAAGACAGGAACGTAGTTACTGGGTTAAAGATAATCATCCTGCTTATCATCGCAAAAACCGCAGATAATCCTTCCTTTCCCCGGCAGCTGGGGTTATGGTCAGATGCTTTGTGCAAGAAATCTCACATAAAAAAGTTTCATCATACTGACTATTTTCATTGGTATCCACTGA
6,4,2,ATATCAAAAAAGACAGGAACGTATTTACTCTGTTAAATCTAATCATCCTGCTTTCCATCACAAAAACCCCAGATAATGCTCCCTTTCCCCGTTAGCTGGCGTTATGGTCAGTTGGTTTTTGCAACAAATCTCACAATAAAAAGTGTCCACATATTGACTACGATATGCTACGGACTATCG
10,5,5,ATATCAAAAAAGACAGGAACGTATTTACTCTGTTAAATCTAATCATCCTGCTTTCCATCACAAAAACCCCAGATAATGCTCCCTTTCCCCGTTAGCTGGCGTTATGGTCAGTTGGTTTTTGCAACAAATCTCACAATAAAAAGTGTCCACATATTGACTAGCGAGTTAGGACATGTGATG
11,11,0,ATATCAAAAAAGACAGGAACGTATTTACTCTGTTAAATCTAATCATCCTGCTTTCCATCACAAAAACCCCAGATAATGCTCCCTTTCCCCGTTAGCTGGCGTTATGGTCAGTTGGTTTTTGCAACAAATCTCACAATAAAAAGTGTCCACATATTGACTAGTCGAAAAAGATACGCTGCG
3,3,0,ATATCAAAAAAGACAGGAACGTATTTACTCTGTTAAATCTAATCATCCTGCTTTCCATCACAAAAACCCCAGATAATGCTCCCTTTCCCCGTTAGCTGGCGTTATGGTCAGTTGGTTTTTGCAACAAATCTCACAATAAAAAGTGTCCACATATTGACTAGTTGCAGGTTGGGTGCATGT
7,5,2,ATATCAAAAAAGACAGGAACGTATTTACTCTGTTAAATCTAATCATCCTGCTTTCCATCACAAAAACCCCAGATAATGCTCCCTTTCCCCGTTAGCTGGCGTTATGGTCAGTTGGTTTTTGCAACAAATCTCACAATAAAAAGTGTCCACATATTGACTATCGCAGATAACAAGCGGTGT
12,7,5,ATATCAAAAAAGACAGGAACGTATTTACTCTGTTAAATCTAATCATCCTGCTTTCCATCACAAAAACCCCAGATAATGCTCCCTTTCCCCGTTAGCTGGCGTTATGGTCAGTTGGTTTTTGCAACAAATCTCACAATAAAAAGTGTCCACATATTGACTATGGGTTTTAACTCGCGCCCA
3,3,0,ATATGAAAAAAGACCGGGACGTTTTTACTGGGATAAATCTAATCATCCTGCTTTACATCACAAATACCGGAGATAATCCTTCCTTTCCCCGGCAGCTGGCGTTCTGTTCAGATTGTTTCTGCAACAAATCTCATAATAAAGACTTTCAACATAGTGATTGACCCAATCGATTGCGACCGA
1,1,0,ATATGAAAAAAGACCGGGACGTTTTTACTGGGATAAATCTAATCATCCTGCTTTACATCACAAATACCGGAGATAATCCTTCCTTTCCCCGGCAGCTGGCGTTCTGTTCAGATTGTTTCTGCAACAAATCTCATAATAAAGACTTTCAACATAGTGATTGTCAGCCGATGAGTACCATTT
9,7,2,ATATGAAAGAAGACAGGAACGTGTTTACTGGGTTAAATATAATCATCATTCTTTTCATCACAAAAACCGCTGAAAATCCTTGCTTATCCCGGCAGTTGGCGTTATGGCAAGATGGTTTTTGCAACAAATCTCACAATAAAAAGTTTTAACATACTGACTAGTATTGAGGTAAGGCAGCGC
1,1,0,ATATGAAAGAAGACAGGAACGTGTTTACTGGGTTAAATATAATCATCATTCTTTTCATCACAAAAACCGCTGAAAATCCTTGCTTATCCCGGCAGTTGGCGTTATGGCAAGATGGTTTTTGCAACAAATCTCACAATAAAAAGTTTTAACATACTGACTATCCAGCGGGGGTTGATATGC
2,2,0,ATCAAAAAAAAGATAGGATCGTATCTACTGGGTTTAATATAATCATCCTGGTGTCCGTCACCAACACCGCAGATAATCCTTCCTTTCCCCGGCAGCTGGCGCTATGGTCAGATGGTTGGTTCAACAAATCTCACAAGAAAAAGTTTCATCAAACTGACTAAAGTGTTGCTGGCATGTAGT
13,9,4,ATCAAAAAAAAGATAGGATCGTATCTACTGGGTTTAATATAATCATCCTGGTGTCCGTCACCAACACCGCAGATAATCCTTCCTTTCCCCGGCAGCTGGCGCTATGGTCAGATGGTTGGTTCAACAAATCTCACAAGAAAAAGTTTCATCAAACTGACTAACCACGCATGGGGAACAAAT
1,1,0,ATCAAAAAAAAGATAGGATCGTATCTACTGGGTTTAATATAATCATCCTGGTGTCCGTCACCAACACCGCAGATAATCCTTCCTTTCCCCGGCAGCTGGCGCTATGGTCAGATGGTTGGTTCAACAAATCTCACAAGAAAAAGTTTCATCAAACTGACTAGGTACCTGTCAGAGGTTAAG
8,8,0,ATCAAAAAAAAGATAGGATCGTATCTACTGGGTTTAATATAATCATCCTGGTGTCCGTCACCAACACCGCAGATAATCCTTCCTTTCCCCGGCAGCTGGCGCTATGGTCAGATGGTTGGTTCAACAAATCTCACAAGAAAAAGTTTCATCAAACTGACTATAGGCAATTTGCCAATGCGG
12,12,0,ATCAAAAAAAAGATAGGATCGTATCTACTGGGTTTAATATAATCATCCTGGTGTCCGTCACCAACACCGCAGATAATCCTTCCTTTCCCCGGCAGCTGGCGCTATGGTCAGATGGTTGGTTCAACAAATCTCACAAGAAAAAGTTTCATCAAACTGACTATAGTAGTAGTACTCGTCGGG
4,4,0,ATCAAAAAAAAGATAGGATCGTATCTACTGGGTTTAATATAATCATCCTGGTGTCCGTCACCAACACCGCAGATAATCCTTCCTTTCCCCGGCAGCTGGCGCTATGGTCAGATGGTTGGTTCAACAAATCTCACAAGAAAAAGTTTCATCAAACTGACTATGAACGAGTGAAGCAGTCAA
2,2,0,ATCAAAAAAAGGCAAGGAACGTATTTTCTGGGTTTAATAAGATCATCCTGCTTTTCATCACACAAACCGCACATAATCCTTCCTTCCCCCGGCAGCTGGCGTTAAGGTCAGATGGTTTTTGCGAGTAATCTCGCAAAAAAAAGTTTCAACATCCTGACTTCCGTAAAGATACCGTTATTG
1,1,0,ATCAATTAAAAGAGAGGAACGTATTTAGTGGGTTAAATATAATCATCCTGCATTTCATCACAAAACCGGCGGATGACCCTTCCTTGCCCAGGCAGCTGGCGTTATGGTCAGATAGTTTTTGCAACAAATCTCACAATAAAAAGTTTCAACATACTGACTAATAGATCACTATTCACTCCA
4,4,0,ATCAATTAAAAGAGAGGAACGTATTTAGTGGGTTAAATATAATCATCCTGCATTTCATCACAAAACCGGCGGATGACCCTTCCTTGCCCAGGCAGCTGGCGTTATGGTCAGATAGTTTTTGCAACAAATCTCACAATAAAAAGTTTCAACATACTGACTAATAGCCCCGTGGAGCGTCAC
3,3,0,ATCAATTAAAAGAGAGGAACGTATTTAGTGGGTTAAATATAATCATCCTGCATTTCATCACAAAACCGGCGGATGACCCTTCCTTGCCCAGGCAGCTGGCGTTATGGTCAGATAGTTTTTGCAACAAATCTCACAATAAAAAGTTTCAACATACTGACTACAATTACAGGCCTACTGGAG
2,2,0,ATCAATTAAAAGAGAGGAACGTATTTAGTGGGTTAAATATAATCATCCTGCATTTCATCACAAAACCGGCGGATGACCCTTCCTTGCCCAGGCAGCTGGCGTTATGGTCAGATAGTTTTTGCAACAAATCTCACAATAAAAAGTTTCAACATACTGACTACTTGTCATTGTCCATAGAAC
3,2,1,ATCAATTAAAAGAGAGGAACGTATTTAGTGGGTTAAATATAATCATCCTGCATTTCATCACAAAACCGGCGGATGACCCTTCCTTGCCCAGGCAGCTGGCGTTATGGTCAGATAGTTTTTGCAACAAATCTCACAATAAAAAGTTTCAACATACTGACTATGCGCGCTCTATGAGCTATC
1,1,0,ATCCAAAAAAAAACAGGAACGTATTTACTGGGCTAAATTTAATCACCCCGCTTTCCAGCACAAAAACCTCAGAAAATCCTTCCTTTCCCCGGAATTTGGCGTGATGATCAGATGTTCTTGGCGACAAATCTCACAATAAAAAGCTTCAACATACTGACTACTGTAGCCCAACTGGTGCAG
1,1,0,ATCCAAAAAAAAACAGGAACGTATTTACTGGGCTAAATTTAATCACCCCGCTTTCCAGCACAAAAACCTCAGAAAATCCTTCCTTTCCCCGGAATTTGGCGTGATGATCAGATGTTCTTGGCGACAAATCTCACAATAAAAAGCTTCAACATACTGACTATACAACGTTTGACAGTCTTG
2,2,0,ATCCAAAAAAAATCAGGAGCGTGATTTCTGGGTAAGATATAATCATCCTGCTTTTCATAACAAAAACCGCAGATAATCCATCCTTTTCCGGCCGGCCGGCGTTTTGGTCAGATGGTTTTTGCAAGAAAACTCACCATAAAAAGTTTCAACATGCTGACTAAAGCCTCGTTAAATGACATA
4,4,0,ATCCAAAAAAAGAAAGAAGCGTAGTTACTGGGTTAAATAAACTCATCCTGCTTTTCATCTCAAAAACCGCAGATAACCCTACCTTTCTCCGGCCGCTGGCGGTATGGTCAGTTCGTTTTTGCAACGAATCTCACAATAAAAACTTTCAAGATACAGACTACTTTAGTCATTGCACGTCTG
2,2,0,ATCCAAAAAAAGAAAGGGCTGTATTTACAGGATTAAAAATAATCATCCTGCTGTTCATCCCAAGAGCCGCAGATAATCCTGCCTTTCCCAGGCAGCTGTTGTTATGGTCAGATGGTTTTTGCAACCAATCTCACAATAAAAAGTTTGAACATACTGACTAGAACGGGGTGTTCAGTCCTG
15,15,0,ATCCAAAAAAAGAAAGGGCTGTATTTACAGGATTAAAAATAATCATCCTGCTGTTCATCCCAAGAGCCGCAGATAATCCTGCCTTTCCCAGGCAGCTGTTGTTATGGTCAGATGGTTTTTGCAACCAATCTCACAATAAAAAGTTTGAACATACTGACTAGCGTTTACTGCCCTATACAC
2,2,0,ATCCAAAAAAAGACAGAAACGTACTTACTGGGTTAAATATAATCATCCTGTTTTTCATCACAAAAACCGCAGATAATCCGTCCTTTCCCCGGGAGCTGGCGTTATGGTCAGATGGTGTTTGCAACCAATCTTACAATAAGAAGTTTTAACAAACTGACTATCGGGGACACAATCGCCGCA
1,1,0,ATCCAAAAAAAGACAGGAACGGATTTACTGGGTTAAATATAATCATCCTGCATTTTATCACAAAAAGCCCAGATAAACCTTCCTTTCCCCGGCAGCTGGCGTTATGGTCAGCTGAGTTTCGCTAAAAATCTGACAATAAAAAGTTTCAACAGACTGACTAAAAGCTCAGGATTACCATAA
5,3,2,ATCCAAAAAAAGACAGGAACGGATTTACTGGGTTAAATATAATCATCCTGCATTTTATCACAAAAAGCCCAGATAAACCTTCCTTTCCCCGGCAGCTGGCGTTATGGTCAGCTGAGTTTCGCTAAAAATCTGACAATAAAAAGTTTCAACAGACTGACTAGTGTGATAAGGTACACCCGG
7,4,3,ATCCAAAAAAAGACAGGAACGTAATTACGGGGTTAAATATAATCATTCTGCTTTTCATCACAAAAACCGGAGGTAATCCTTCGTTTCCCCGGCAGCTGGCGTTATGGTTATATGCTTTTTGCAACCAATCTTACAATAACAAGTTTCAACATTATGACTAAGACGTTGAAACGCCAGACT
17,3,14,ATCCAAAAAAAGACAGGAACGTAATTACGGGGTTAAATATAATCATTCTGCTTTTCATCACAAAAACCGGAGGTAATCCTTCGTTTCCCCGGCAGCTGGCGTTATGGTTATATGCTTTTTGCAACCAATCTTACAATAACAAGTTTCAACATTATGACTACAAGGATTAAGATATGAGTG
1,0,1,ATCCAAAAAAAGACAGGAACGTAATTACGGGGTTAAATATAATCATTCTGCTTTTCATCACAAAAACCGGAGGTAATCCTTCGTTTCCCCGGCAGCTGGCGTTATGGTTATATGCTTTTTGCAACCAATCTTACAATAACAAGTTTCAACATTATGACTATGCATGCGGGATGTGGAATC
11,2,9,ATCCAAAAAAAGACAGGAACGTAATTACGGGGTTAAATATAATCATTCTGCTTTTCATCACAAAAACCGGAGGTAATCCTTCGTTTCCCCGGCAGCTGGCGTTATGGTTATATGCTTTTTGCAACCAATCTTACAATAACAAGTTTCAACATTATGACTATTAAATGCTCTCTGGACCCG
7,7,0,ATCCAAAAAAAGACAGGAACGTACTTACTGGGTTAAATATAATCATCCTGTTTTTCATCACAAAAACCGCAGATAATCCGTCCTTTCCCCGGGAGCTGGCGTTATGGTCAGATGGTGTTTGCAACCAATCTTACAATAAGAAGTTTTAACAAACTGACTAAGCAGTGATCTGGTTCGTCC
2,2,0,ATCCAAAAAAAGACAGGAACGTACTTACTGGGTTAAATATAATCATCCTGTTTTTCATCACAAAAACCGCAGATAATCCGTCCTTTCCCCTGGAGCTGGCGTTATGGTCAGATGGTGTTTGCAACCAATCTTACAATAAGAAGTTTTAACAAACTGACTATGCTATCGTTGGTACAAGAT
15,12,3,ATCCAAAAAAAGACAGGAACGTATTTACTGCGTTAAATATAATCATCCTGCTTTTCATGACATAAACTGCAGATAATCGTTCCTTTCCCTGACAGCTGGCTGTATGGTCAGATGGTTTTTGCAACAAATGTCTCAATAAAAAGTTTAAACATACTGACTAAGAACCTCTAAGGACTAGAC
9,7,2,ATCCAAAAAAAGACAGGAACGTATTTACTGCGTTAAATATAATCATCCTGCTTTTCATGACATAAACTGCAGATAATCGTTCCTTTCCCTGACAGCTGGCTGTATGGTCAGATGGTTTTTGCAACAAATGTCTCAATAAAAAGTTTAAACATACTGACTACAATCATTTGATTAAGATAG
1,1,0,ATCCAAAAAAAGACAGGAACGTATTTACTGCGTTAAATATAATCATCCTGCTTTTCATGACATAAACTGCAGATAATCGTTCCTTTCCCTGACAGCTGGCTGTATGGTCAGATGGTTTTTGCAACAAATGTCTCAATAAAAAGTTTAAACATACTGACTACAGCCTTTAAAAGCATCCCT
6,6,0,ATCCAAAAAAAGACAGGAACGTATTTACTGCGTTAAATATAATCATCCTGCTTTTCATGACATAAACTGCAGATAATCGTTCCTTTCCCTGACAGCTGGCTGTATGGTCAGATGGTTTTTGCAACAAATGTCTCAATAAAAAGTTTAAACATACTGACTACGAAGGGAATTAATCTAGTC
4,4,0,ATCCAAAAAAAGACAGGAACGTATTTACTGCGTTAAATATAATCATCCTGCTTTTCATGACATAAACTGCAGATAATCGTTCCTTTCCCTGACAGCTGGCTGTATGGTCAGATGGTTTTTGCAACAAATGTCTCAATAAAAAGTTTAAACATACTGACTACTCCTAGAGGCCAATTGTTT
6,6,0,ATCCAAAAAAAGACAGGAACGTATTTACTGCGTTAAATATAATCATCCTGCTTTTCATGACATAAACTGCAGATAATCGTTCCTTTCCCTGACAGCTGGCTGTATGGTCAGATGGTTTTTGCAACAAATGTCTCAATAAAAAGTTTAAACATACTGACTAGGCCATGTAGGGCTTGCTCT
11,11,0,ATCCAAAAAAAGACAGGAACGTATTTACTGCGTTAAATATAATCATCCTGCTTTTCATGACATAAACTGCAGATAATCGTTCCTTTCCCTGACAGCTGGCTGTATGGTCAGATGGTTTTTGCAACAAATGTCTCAATAAAAAGTTTAAACATACTGACTAGTGGTGCAGCCAAATGGGCG
2,2,0,ATCCAAAAAAAGACAGGAACGTATTTACTGCGTTAAATATAATCATCCTGCTTTTCATGACATAAACTGCAGATAATCGTTCCTTTCCCTGACAGCTGGCTGTATGGTCAGATGGTTTTTGCAACAAATGTCTCAATAAAAAGTTTAAACATACTGACTATGTAGCACCCACCGTTGACC
2,1,1,ATCCAAAAAAAGACAGGAACGTATTTACTGCGTTAAATATACTCCTCCTGCTTTTCATCACGAAAACCGCAGATAATCCTTCCATTCCCCAGCACCTGGGGTTATGGTGGGATGGTTTTTGCAACAAATCCGATAATAAAAAGTTTCAACATACTGACTGAAAAGAGTTGATTATTCTAA
21,8,13,ATCCAAAAAAAGACAGGAACGTATTTACTGCGTTAAATATACTCCTCCTGCTTTTCATCACGAAAACCGCAGATAATCCTTCCATTCCCCAGCACCTGGGGTTATGGTGGGATGGTTTTTGCAACAAATCCGATAATAAAAAGTTTCAACATACTGACTGACACATACCTCTACACTCTA
4,0,4,ATCCAAAAAAAGACAGGAACGTATTTACTGCGTTAAATATACTCCTCCTGCTTTTCATCACGAAAACCGCAGATAATCCTTCCATTCCCCAGCACCTGGGGTTATGGTGGGATGGTTTTTGCAACAAATCCGATAATAAAAAGTTTCAACATACTGACTGACCTTCCGCAGGCTCAACGG
3,3,0,ATCCAAAAAAAGACAGGAACGTATTTACTGCGTTAAATATACTCCTCCTGCTTTTCATCACGAAAACCGCAGATAATCCTTCCATTCCCCAGCACCTGGGGTTATGGTGGGATGGTTTTTGCAACAAATCCGATAATAAAAAGTTTCAACATACTGACTGATGGTACTGGGATTCACCCG
43,12,31,ATCCAAAAAAAGACAGGAACGTATTTACTGCGTTAAATATACTCCTCCTGCTTTTCATCACGAAAACCGCAGATAATCCTTCCATTCCCCAGCACCTGGGGTTATGGTGGGATGGTTTTTGCAACAAATCCGATAATAAAAAGTTTCAACATACTGACTGCAGGTCAACACTGCAACATA
1,1,0,ATCCAAAAAAAGACAGGAACGTATTTACTGCGTTAAATATACTCCTCCTGCTTTTCATCACGAAAACCGCAGATAATCCTTCCATTCCCCAGCACCTGGGGTTATGGTGGGATGGTTTTTGCAACAAATCCGATAATAAAAAGTTTCAACATACTGACTGCCTCATCAGGCCCTACCAGT
31,5,26,ATCCAAAAAAAGACAGGAACGTATTTACTGCGTTAAATATACTCCTCCTGCTTTTCATCACGAAAACCGCAGATAATCCTTCCATTCCCCAGCACCTGGGGTTATGGTGGGATGGTTTTTGCAACAAATCCGATAATAAAAAGTTTCAACATACTGACTGGTGGTACGAGGTGGTTACAT
20,4,16,ATCCAAAAAAAGACAGGAACGTATTTACTGCGTTAAATATACTCCTCCTGCTTTTCATCACGAAAACCGCAGATAATCCTTCCATTCCCCAGCACCTGGGGTTATGGTGGGATGGTTTTTGCAACAAATCCGATAATAAAAAGTTTCAACATACTGACTGTTTGGTTCAGTGAAGTGCTC
7,4,3,ATCCAAAAAAAGACAGGAACGTATTTACTGCGTTAAATATACTCCTCCTGCTTTTCATCACGAAAACCGCAGATAATCCTTCCGTTCCCCAGCACCTGGGGTTATGGTGGGATGGTTTTTGCAACAAATCCGATAATAAAAAGTTTCAACATACTGACTGTAACAAAGTTAGCTCGTCCA
6,6,0,ATCCAAAAAAAGAGAGCTCCGTATTTACTGTGTTAAATATAATCATCCTGCTTTTCATCACAAAAACCGCAGATAATAATTCCTTTCCCCGGCAGCTGGCGTTTTGGTCAGAAGGTTTTTCCAACAAATCTCACAATAAAGAGTTTCAACATACTGACTAGAAGTTGACCGTCTTAGTCT
5,5,0,ATCCAAAAAAAGAGAGCTCCGTATTTACTGTGTTAAATATAATCATCCTGCTTTTCATCACAAAAACCGCAGATAATAATTCCTTTCCCCGGCAGCTGGCGTTTTGGTCAGAAGGTTTTTCCAACAAATCTCACAATAAAGAGTTTCAACATACTGACTAGCGAATGTGGGAGCTTGTAT
2,2,0,ATCCAAAAAAAGAGAGCTCCGTATTTACTGTGTTAAATATAATCATCCTGCTTTTCATCACAAAAACCGCAGATAATAATTCCTTTCCCCGGCAGCTGGCGTTTTGGTCAGAAGGTTTTTCCAACAAATCTCACAATAAAGAGTTTCAACATACTGACTATCCAACTCGGGTCTAGCAAG
27,13,14,ATCCAAAAAAAGATAGGAACGTATTTACTGCGTTAAATATATACATCCAGCTTTTCATAACAAAAACCGCAGTTGATCCTTCCTTTCCCCGTCAGCTGGCGTTATAGTCAGCTGGTATTTGCAACAAATCTCACAATAAAAAGTTTCAAAATACTGATTGCAAGTACTAAATGGGATCAA
7,4,3,ATCCAAAAAAAGATAGGAACGTATTTACTGCGTTAAATATATACATCCAGCTTTTCATAACAAAAACCGCAGTTGATCCTTCCTTTCCCCGTCAGCTGGCGTTATAGTCAGCTGGTATTTGCAACAAATCTCACAATAAAAAGTTTCAAAATACTGATTGCACTACGCGACTATCATTGG
4,1,3,ATCCAAAAAAAGATAGGAACGTATTTACTGCGTTAAATATATACATCCAGCTTTTCATAACAAAAACCGCAGTTGATCCTTCCTTTCCCCGTCAGCTGGCGTTATAGTCAGCTGGTATTTGCAACAAATCTCACAATAAAAAGTTTCAAAATACTGATTGCATAGCAGGTGGGGCCGATA
1,1,0,ATCCAAAAAAAGATAGGAACGTATTTACTGCGTTAAATATATACATCCAGCTTTTCATAACAAAAACCGCAGTTGATCCTTCCTTTCCCCGTCAGCTGGCGTTATAGTCAGCTGGTATTTGCAACAAATCTCACAATAAAAAGTTTCAAAATACTGATTGCCTGCAGAGAGACTCACCCG
30,10,20,ATCCAAAAAAAGATAGGAACGTATTTACTGCGTTAAATATATACATCCAGCTTTTCATAACAAAAACCGCAGTTGATCCTTCCTTTCCCCGTCAGCTGGCGTTATAGTCAGCTGGTATTTGCAACAAATCTCACAATAAAAAGTTTCAAAATACTGATTGGGTAGGAGCTTTCCGACATC
9,8,1,ATCCAAAAAAAGATAGGAACGTATTTACTGCGTTAAATATATACATCCAGCTTTTCATAACAAAAACCGCAGTTGATCCTTCCTTTCCCCGTCAGCTGGCGTTATAGTCAGCTGGTATTTGCAACAAATCTCACAATAAAAAGTTTCAAAATACTGATTGTGATAGGCCCTTTCACAAGA
4,0,4,ATCCAAAAAAAGATAGGAACGTATTTACTGCGTTAAATATATACATCCAGCTTTTCATAACAAAAACCGCAGTTGATCCTTCCTTTCCCCGTCAGCTGGCGTTATAGTCAGCTGGTATTTGCAACAAATCTCACAATAAAAAGTTTCAAAATACTGATTGTGTAGTATAGGACCCTAAGA
5,5,0,ATCCAAAAAAAGCCATCAAAGTATTTACCGGGTTAAATATACTCATCCTGCATATCACCACAAAAATCGCAGATAATCATTCGTTACCCCGGCAGCGTGCGTTATGGTCAGAAGGTTTTAGCAACTAATCTCACAGCAAAAAGTTTCAACATACTGATTACCTTTTCTGCCCTATACTTA
1,1,0,ATCCAAAAAAAGCCATCAAAGTATTTACCGGGTTAAATATACTCATCCTGCATATCACCACAAAAATCGCAGATAATCATTCGTTACCCCGGCAGCGTGCGTTATGGTCAGAAGGTTTTAGCAACTAATCTCACAGCAAAAAGTTTCAACATACTGATTACTAAGTTGCGTGAGCATCCG
4,4,0,ATCCAAAAAAAGCCATCAAAGTATTTACCGGGTTAAATATACTCATCCTGCATATCACCACAAAAATCGCAGATAATCATTCGTTACCCCGGCAGCGTGCGTTATGGTCAGAAGGTTTTAGCAACTAATCTCACAGCAAAAAGTTTCAACATACTGATTATCCAGATGTGCCTCCTCACG
6,6,0,ATCCAAAAAAAGCCATCAAAGTATTTACCGGGTTAAATATACTCATCCTGCATATCACCACAAAAATCGCAGATAATCATTCGTTACCCCGGCAGCGTGCGTTATGGTCAGAAGGTTTTAGCAACTAATCTCACAGCAAAAAGTTTCAACATACTGATTATCTTGGCCTTTCTCAGACCG
4,1,3,ATCCAAAAAAAGCCTGCAACGTATGTACTGGGTTCAATCTAATTATCCTGCTTTTCATCACAAAAACCACAGATAATCCTTCCTATCCCCAGCAGCTGGCGTTACGGTCAGATTGTTTTTGCACCAAATCTCACAATAAACAGTTTCAACATACGCACCATGTTGAAACATATCGCTGGA
4,1,3,ATCCAAAAAAAGCCTGCAACGTATGTACTGGGTTCAATCTAATTATCCTGCTTTTCATCACAAAAACCACAGATAATCCTTCCTATCCCCGGCAGCTGGCGTTACGGTCAGATTGTTTTTGCACCAAATCTCACAATAAACAGTTTCAACATACGCACCAACCCCGGATGAGAATCTGCG
4,1,3,ATCCAAAAAAAGCCTGCAACGTATGTACTGGGTTCAATCTAATTATCCTGCTTTTCATCACAAAAACCACAGATAATCCTTCCTATCCCCGGCAGCTGGCGTTACGGTCAGATTGTTTTTGCACCAAATCTCACAATAAACAGTTTCAACATACGCACCAACGTAACGCCGTCACTGAGG
29,14,15,ATCCAAAAAAAGCCTGCAACGTATGTACTGGGTTCAATCTAATTATCCTGCTTTTCATCACAAAAACCACAGATAATCCTTCCTATCCCCGGCAGCTGGCGTTACGGTCAGATTGTTTTTGCACCAAATCTCACAATAAACAGTTTCAACATACGCACCAAGATCGTGAACCGCGGATGG
4,0,4,ATCCAAAAAAAGCCTGCAACGTATGTACTGGGTTCAATCTAATTATCCTGCTTTTCATCACAAAAACCACAGATAATCCTTCCTATCCCCGGCAGCTGGCGTTACGGTCAGATTGTTTTTGCACCAAATCTCACAATAAACAGTTTCAACATACGCACCACCTAGTTGTACGGTATATAA
7,2,5,ATCCAAAAAAAGCCTGCAACGTATGTACTGGGTTCAATCTAATTATCCTGCTTTTCATCACAAAAACCACAGATAATCCTTCCTATCCCCGGCAGCTGGCGTTACGGTCAGATTGTTTTTGCACCAAATCTCACAATAAACAGTTTCAACATACGCACCACTTACCAGGCGGCGCGTCAG
3,1,2,ATCCAAAAAAAGCCTGCAACGTATGTACTGGGTTCAATCTAATTATCCTGCTTTTCATCACAAAAACCACAGATAATCCTTCCTATCCCCGGCAGCTGGCGTTACGGTCAGATTGTTTTTGCACCAAATCTCACAATAAACAGTTTCAACATACGCACCACTTATTGCGGTATTGGGTAA
16,3,13,ATCCAAAAAAAGCCTGCAACGTATGTACTGGGTTCAATCTAATTATCCTGCTTTTCATCACAAAAACCACAGATAATCCTTCCTATCCCCGGCAGCTGGCGTTACGGTCAGATTGTTTTTGCACCAAATCTCACAATAAACAGTTTCAACATACGCACCAGCGAATAAAGGAAAGATCTT
16,8,8,ATCCAAAAAAAGCCTGCAACGTATGTACTGGGTTCAATCTAATTATCCTGCTTTTCATCACAAAAACCACAGATAATCCTTCCTATCCCCGGCAGCTGGCGTTACGGTCAGATTGTTTTTGCACCAAATCTCACAATAAACAGTTTCAACATACGCACCAGGTTATGTCAGTACGCATCA
15,6,9,ATCCAAAAAAAGCCTGCAACGTATGTACTGGGTTCAATCTAATTATCCTGCTTTTCATCACAAAAACCACAGATAATCCTTCCTATCCCCGGCAGCTGGCGTTACGGTCAGATTGTTTTTGCACCAAATCTCACAATAAACAGTTTCAACATACGCACCAGTTCCGAAGAATGACGAGGG
5,4,1,ATCCAAAAAAAGCCTGCAACGTATGTACTGGGTTCAATCTAATTATCCTGCTTTTCATCACAAAAACCACAGATAATCCTTCCTATCCCCGGCAGCTGGCGTTACGGTCAGATTGTTTTTGCACCAAATCTCACAATAAACAGTTTCAACATACGCACCATACGGAGACTACTAATGTCT
3,3,0,ATCCAAAAAAAGCCTGCAACGTATGTACTGGGTTCAATCTAATTATCCTGCTTTTCATCACAAAAACCACAGATAATCCTTCCTATCCCCGGCAGCTGGCGTTACGGTCAGATTGTTTTTGCACCAAATCTCACAATAAACAGTTTCAACATACGCACCATAGCCACTTGTAAGGGCATT
3,1,2,ATCCAAAAAAAGCCTGCAACGTATGTACTGGGTTCAATCTAATTATCCTGCTTTTCATCACAAAAACCACAGATAATCCTTCCTATCCCCGGCAGCTGGCGTTACGGTCAGATTGTTTTTGCACCAAATCTCACAATAAACAGTTTCAACATACGCACCATCGCAGCATCAGGTCAGCCT
4,0,4,ATCCAAAAAAAGCCTGCAACGTATGTACTGGGTTCAATCTAATTATCCTGCTTTTCATCACAAAAACCACAGATAATCCTTCCTATCCCCGGCAGCTGGCGTTACGGTCAGATTGTTTTTGCACCAAATCTCACAATAAACAGTTTCAACATACGCACCATCTTTAGGTCGTTGTGGCCG
4,1,3,ATCCAAAAAAAGCCTGCAACGTATGTACTGGGTTCAATCTAATTATCCTGCTTTTCATCACAAAAACCACAGATAATCCTTCCTATCCCCGGCAGCTGGCGTTACGGTCAGATTGTTTTTGCACCAAATCTCACAATAAACAGTTTCAACATACGCACCATGAGAGGCTCGTACAATTCT
21,11,10,ATCCAAAAAAAGCCTGCAACGTATGTACTGGGTTCAATCTAATTATCCTGCTTTTCATCACAAAAACCACAGATAATCCTTCCTATCCCCGGCAGCTGGCGTTACGGTCAGATTGTTTTTGCACCAAATCTCACAATAAACAGTTTCAACATACGCACCATGGCGATGACTGTGAGTGCA
25,8,17,ATCCAAAAAAAGGCAGGAACGTATTTGCTGGGTTAAGTATAATAAGCCTGCTTTACATCACAAAAACCGCTGATAATCCTTCCTTACCCCGGCATCTGCCGTTATGGTCAGATGGTTTTTGCAACAAATCTCACAATAAAAAGTTTCAACATACTGACTAACTGGGTATACGATCTGTAC
40,5,35,ATCCAAAAAAAGGCAGGAACGTATTTGCTGGGTTAAGTATAATAAGCCTGCTTTACATCACAAAAACCGCTGATAATCCTTCCTTACCCCGGCATCTGCCGTTATGGTCAGATGGTTTTTGCAACAAATCTCACAATAAAAAGTTTCAACATACTGACTAGGGGCGCACCTATGGTTCAC
38,18,20,ATCCAAAAAAAGGCAGGAACGTATTTGCTGGGTTAAGTATAATAAGCCTGCTTTACATCACAAAAACCGCTGATAATCCTTCCTTACCCCGGCATCTGCCGTTATGGTCAGATGGTTTTTGCAACAAATCTCACAATAAAAAGTTTCAACATACTGACTAGTCGATTGTCCGTAATTGTA
1,0,1,ATCCAAAAAAAGGCAGGAACGTATTTGCTGGGTTAAGTATAATAAGCCTGCTTTACATCACAAAAACCGCTGATAATCCTTCCTTACCCCTGCATCTGCCGTTATGGTCAGATGGTTTTTGCAACAAATCTCACAATAAAAAGTTTCAACATACTGACTACGGCTGACTATCGAGGCTGG
1,1,0,ATCCAAAAAAATCCTGCAACGTATGTACTGGGTTCAATCTAATTATCCTGCTTTTCATCACAAAAACCACAGATAATCCTTCCTATCCCCGGCAGCTGGCGTTACGGTCAGATTGTTTTTGCACCAAATCTCACAATAAACAGTTTCAACATACGCACCAAAACTTGGTCGACAACAATT
2,2,0,ATCCAAAAAAGGACAGAAACGTTTTTACTGGGTTAAAGATAATCATCCCGCTTTTCATCACAAGAACCGCAAATAATCGTTCCTTTCCCCGGCCGCTGGCGTTATGGTCGGATGGTCTTTGCAGCAAAGCTCACTATAAATTGTTGCATCATACTGACTACAAACCGATCGCGCCGAGCG
1,1,0,ATCCAAAAAAGGACAGAAACGTTTTTACTGGGTTAAAGATAATCATCCCGCTTTTCATCACAAGAACCGCAAATAATCGTTCCTTTCCCCGGCCGCTGGCGTTATGGTCGGATGGTCTTTGCAGCAAAGCTCACTATAAATTGTTGCATCATACTGACTACAGGTCACCTGACAATGGAA
10,8,2,ATCCAAAAAAGGACAGAAACGTTTTTACTGGGTTAAAGATAATCATCCCGCTTTTCATCACAAGAACCGCAAATAATCGTTCCTTTCCCCGGCCGCTGGCGTTATGGTCGGATGGTCTTTGCAGCAAAGCTCACTATAAATTGTTGCATCATACTGACTAGGTACGTAGTAAACATGATT
3,3,0,ATCCAAAAAAGGACAGAAACGTTTTTACTGGGTTAAAGATAATCATCCCGCTTTTCATCACAAGAACCGCAAATAATCGTTCCTTTCCCCGGCCGCTGGCGTTATGGTCGGATGGTCTTTGCAGCAAAGCTCACTATAAATTGTTGCATCATACTGACTAGTCAAAATGGACTGGTCGGT
78,0,78,ATCCAAAAAATGACAGGAACGTATTTACTGTATTAAATATGATCATCCTGCTTTTCATCACAAAAACCGCAGATAATCCTTCCTTTACCCGACAGCTGGCATTATGGTAGGATGGTTTTTGCAACAAATTTCACAATAAAAAGTTTCAACATAATTACTATTACCATTATGACTAATTAC
26,2,24,ATCCAAAAAATGACAGGAACGTATTTACTGTGTTAAATATGATCATCCTGCTTTTCATCACAAAAACCGCAGATAATCCTTCCTTTACCCGACAGCTGGCATTATGGTAGGATGGTTTTTGCAACAAATTTCACAATAAAAAGTTTCAACATAATTACTACGACTCCGGTTCCCCTTTTT
59,6,53,ATCCAAAAAATGACAGGAACGTATTTACTGTGTTAAATATGATCATCCTGCTTTTCATCACAAAAACCGCAGATAATCCTTCCTTTACCCGACAGCTGGCATTATGGTAGGATGGTTTTTGCAACAAATTTCACAATAAAAAGTTTCAACATAATTACTAGCTCGCCTCGCAGCGCTATG
3,1,2,ATCCAAAAAGGGACAGGAACGTATCTACTGGGTTAACTATAATCATCCTGCTTCTCATCACGAAAACCGAAGATAATCCTTCCCTTCACCGGCAGCTGGCGTTATGGTCTGATGGTTTTTGCAGCAGATCTCACAAAAAATAGTTTCAACATACTGACTACAAAGACAGGGGCGCTCGAG
3,1,2,ATCCAAAAAGGGACAGGAACGTATCTACTGGGTTAACTATAATCATCCTGCTTCTCATCACGAAAACCGAAGATAATCCTTCCCTTCACCGGCAGCTGGCGTTATGGTCTGATGGTTTTTGCAGCAGATCTCACAAAAAATAGTTTCAACATACTGACTAGATCTCTAGATAACGTGTGG
4,4,0,ATCCAAAAAGGGACAGGAACGTATCTACTGGGTTAACTATAATCATCCTGCTTCTCATCACGAAAACCGAAGATAATCCTTCCCTTCACCGGCAGCTGGCGTTATGGTCTGATGGTTTTTGCAGCAGATCTCACAAAAAATAGTTTCAACATACTGACTAGGAAGTGAGTGCACCCAGTT
4,1,3,ATCCAAAAATACACAGGAACGAATTTGCTGGGTTAAATCTAATCATCCTGCTTGTCATCTCGAAAACCGCAGATAATCCTTCCTTTCCAGGCCGGGTGGCGTTATGGTCAGATGGTTTTTGCAACAAATCGCACACTATAAAGTTTGAACATACTGCCTGACAATTAGGGCCTGATAAGT
3,3,0,ATCCAAAAATACACAGGAACGAATTTGCTGGGTTAAATCTAATCATCCTGCTTGTCATCTCGAAAACCGCAGATAATCCTTCCTTTCCAGGCCGGGTGGCGTTATGGTCAGATGGTTTTTGCAACAAATCGCACACTATAAAGTTTGAACATACTGCCTGATGAGACGGTGTCTATGGCG
2,2,0,ATCCAAAAATACACAGGAACGAATTTGCTGGGTTAAATCTAATCATCCTGCTTGTCATCTCGAAAACCGCAGATAATCCTTCCTTTCCAGGCCGGGTGGCGTTATGGTCAGATGGTTTTTGCAACAAATCGCACACTATAAAGTTTGAACATACTGCCTGCTGCTAAACAGCGGTTTGAC
36,24,12,ATCCAAAAATACACAGGAACGAATTTGCTGGGTTAAATCTAATCATCCTGCTTGTCATCTCGAAAACCGCAGATAATCCTTCCTTTCCAGGCCGGGTGGCGTTATGGTCAGATGGTTTTTGCAACAAATCGCACACTATAAAGTTTGAACATACTGCCTGTCGTCATGGTCAGGTCGGAC
5,2,3,ATCCAAAAATACACAGGAACGAATTTGCTGGGTTAAATCTAATCATCCTGCTTGTCATCTCGAAAACCGCAGATAATCCTTCCTTTCCAGGCCGGGTGGCGTTATGGTCAGATGGTTTTTGCAACAAATCGCACACTATAAAGTTTGAACATACTGCCTGTGAACAAGTCAGAGTTGATA
2,2,0,ATCCAAAAATACACAGGAACGAATTTGCTGGGTTAAATCTAATCATCCTGCTTGTCATCTCGAAAACCGCAGATAATCCTTCCTTTCCAGGCCGGGTGGCGTTATGGTCAGATGGTTTTTGCAACAAATCGCACACTATAAAGTTTGAACATACTGCCTGTTACACTTCCCCCCCTCATT
6,6,0,ATCCAAAAATACACAGGAACGAATTTGCTGGGTTAAATCTAATCATCCTGCTTGTCATCTCGAAAACCGCAGATAATCCTTCCTTTCCAGGCCGGGTGGCGTTATGGTCAGATGGTTTTTGCAACAAATCGCACACTATAAAGTTTGAACATACTGCCTGTTCGGGTGTCGGTTCTCATA
12,8,4,ATCCAAAAGAAGACAGGAACGTATTTACTGGGTTAAATATTATCATCCTGCTTTTCACCACAAATACCGCTTATAATCCTTCCGTTTCCCGGCCGCTGGCGTTATGCTCAGTTGGTTGTTACAACAAATCTCACAATAAAAAGTTTAAACATACTGACTAACCCAATTATATGCACCGCG
8,1,7,ATCCAAAAGAAGACAGGAACGTATTTACTGGGTTAAATATTATCATCCTGCTTTTCACCACAAATACCGCTTATAATCCTTCCGTTTCCCGGCCGCTGGCGTTATGCTCAGTTGGTTGTTGCAACAAATCTCACAATAAAAAGTTTAAACATACTGACTAAACGAGGAGGCTATAGGTTA
2,1,1,ATCCAAAAGAAGACAGGAACGTATTTACTGGGTTAAATATTATCATCCTGCTTTTCGCCACAAATACCGCTTATAATCCTTCCGTTTCCCGGCCGCTGGCGTTATGCTCAGTTGGTTGTTGCAACAAATCTCACAATAAAAAGTTTAAACATACTGACTAATGGGCTTGTTGTCGTATTA
2,2,0,ATCCAAAAGAAGACAGGAACTTATTTACTGGGTTAAATATAATCATCCTGCTTTTCATCCCACAAAGCGCAGATAATTCTTCCTTTCCCCGGAAGCTGGCGTTATGGTCAGATGGTTTTTGCAACAAATCGCACAAGGAAAGGTTTCAACATTCTGTCTAATAGTAAGGAGTGTTTACAC
4,2,2,ATCCAAAAGAAGACAGGAACTTATTTACTGGGTTAAATATAATCATCCTGCTTTTCATCCCACAAAGCGCAGATAATTCTTCCTTTCCCCGGAAGCTGGCGTTATGGTCAGATGGTTTTTGCAACAAATCGCACAAGGAAAGGTTTCAACATTCTGTCTATAGCAACAGTCTAGCGGTGT
1,1,0,ATCCAAACAAAGACAGGAACGTATTTACTGAGTTGAATACAATCATCCTGCTTTTCATCACAAAAAATCCAGTTAGTCCTGCCTGTCCCCGGCGGCTGCCGTTATTGTCCCACGGTTTTTGCAACAAATCTGACAATAAAAAGTTTCAACATTCTCGCTAGCGTAAGCGGAGTAACTACT
4,4,0,ATCCAAATTAAGACAGCAACGAAGTTACTTGGTTAAATATAATCATCCTTCTTTTCATCACAAATACCGCAGATACTGCTTCCTTTCCCCGGCAGGTGGCGTTATGGTCAGATGGATTTTGCAAGAAATCTCACAATCAAAAGATTCAACAGACTGACTATTTAACCAGGACACCCTCCA
3,3,0,ATCCAACAAGAGACAGGAACATATTTACTGGGTGAAATATAATCATCCTGCTTTTCATCACTAAAACCGCAGATAAGCCTTCCTTGCCCCGGCAGCTGGCCTTATGGTCAGATGGTTTTTTCAACAAATCTGACAATTAAAAGTTTGAACATACTCCCTAAAGCTATTCCGGTATATTTG
1,1,0,ATCCAACAAGAGACAGGAACATATTTACTGGGTGAAATATAATCATCCTGCTTTTCATCACTAAAACCGCAGATAAGCCTTCCTTGCCCCGGCAGCTGGCCTTATGGTCAGATGGTTTTTTCAACAAATCTGACAATTAAAAGTTTGAACATACTCCCTAATGTTCGGGAACCGATTGAA
3,3,0,ATCCAACAAGAGACAGGAACATATTTACTGGGTGAAATATAATCATCCTGCTTTTCATCACTAAAACCGCAGATAAGCCTTCCTTGCCCCGGCAGCTGGCCTTATGGTCAGATGGTTTTTTCAACAAATCTGACAATTAAAAGTTTGAACATACTCCCTACCAATAGGCTGAGATTCTCA
2,1,1,ATCCAACAAGAGACAGGAACATATTTACTGGGTGAAATATAATCATCCTGCTTTTCATCACTAAAACCGCAGATAAGCCTTCCTTGCCCCGGCAGCTGGCCTTATGGTCAGATGGTTTTTTCAACAAATCTGACAATTAAAAGTTTGAACATACTCCCTACTTAGCTGATAGTAAGAAGA
1,1,0,ATCCAACAAGAGACAGGAACATATTTACTGGGTGAAATATAATCATCCTGCTTTTCATCACTAAAACCGCAGATAAGCCTTCCTTGCCCCGGCAGCTGGCCTTATGGTCAGATGGTTTTTTCAACAAATCTGACAATTAAAAGTTTGAACATACTCCCTATCCATCAGGGTAGGGGGTTT
1,0,1,ATCCAACAAGAGACAGGAACATATTTACTGGGTGAAATATAATCATCCTGCTTTTCATCACTAAAACCGCAGATAAGCCTTCCTTGCCCCGGCAGCTGGCCTTATGGTCAGATGGTTTTTTCAACAAATCTGACAATTAAAAGTTTGAACATACTCCCTATGTGACAAGTTACGTCCTAG
9,5,4,ATCCAACAATAGACAGGAACGTCCTTACTCGGTTAAATATAATCATCCTGCTTTTCACCACAAAAACCGGAGATAATCCTTTCTTTCCCCGGCAGCTGGCGTTATGGTCAGATGGTTATCGCAACAAATCTCACATTAAAAAGTTTCAACCTACTGACTAACAGATGCGCGAGGGATGTG
13,7,6,ATCCAACAATAGACAGGAACGTCCTTACTCGGTTAAATATAATCATCCTGCTTTTCACCACAAAAACCGGAGATAATCCTTTCTTTCCCCGGCAGCTGGCGTTATGGTCAGATGGTTATCGCAACAAATCTCACATTAAAAAGTTTCAACCTACTGACTAACATTTCCTAGAGCATGAGG
3,2,1,ATCCAACAATAGACAGGAACGTCCTTACTCGGTTAAATATAATCATCCTGCTTTTCACCACAAAAACCGGAGATAATCCTTTCTTTCCCCGGCAGCTGGCGTTATGGTCAGATGGTTATCGCAACAAATCTCACATTAAAAAGTTTCAACCTACTGACTAAGGCACGTATAGAAGGATTT
18,4,14,ATCCAACAATAGACAGGAACGTCCTTACTCGGTTAAATATAATCATCCTGCTTTTCACCACAAAAACCGGAGATAATCCTTTCTTTCCCCGGCAGCTGGCGTTATGGTCAGATGGTTATCGCAACAAATCTCACATTAAAAAGTTTCAACCTACTGACTAATGGTTGAGGTGCATTGTTA
6,5,1,ATCCAACAATAGACAGGAACGTCCTTACTCGGTTAAATATAATCATCCTGCTTTTCACCACAAAAACCGGAGATAATCCTTTCTTTCCCCGGCAGCTGGCGTTATGGTCAGATGGTTATCGCAACAAATCTCACATTAAAAAGTTTCAACCTACTGACTACGCGTGTATGAAGCACTACC
8,1,7,ATCCAACAATAGACAGGAACGTCCTTACTCGGTTAAATATAATCATCCTGCTTTTCACCACAAAAACCGGAGATAATCCTTTCTTTCCCCGGCAGCTGGCGTTATGGTCAGATGGTTATCGCAACAAATCTCACATTAAAAAGTTTCAACCTACTGACTATAGAGTGATCCAGGCTCCCG
8,5,3,ATCCAACAATAGACAGGAACGTCCTTACTCGGTTAAATATAATCATCCTGCTTTTCACCACAAAAACCGGAGATAATCCTTTCTTTCCCCGGCAGCTGGCGTTATGGTCAGATGGTTATCGCAACAAATCTCACATTAAAAAGTTTCAACCTACTGACTATAGCTTATTACGAGTGATCC
2,2,0,ATCCAACAATAGACAGGAACGTCCTTACTCGGTTAAATATAATCATCCTGCTTTTCACCACAAAAACCGGAGATAATCCTTTCTTTCCCCGGCAGCTGGCGTTATGGTCAGATGGTTATCGCAACAAATCTCACATTAAAAAGTTTCAACCTACTGACTATCCACTTTAGACCATAATGA
6,4,2,ATCCAACAATAGACAGGAACGTCCTTACTCGGTTAAATATAATCATCCTGCTTTTCACCACAAAAACCGGAGATAATCCTTTCTTTCCCCGGCAGCTGGCGTTATGGTCAGATGGTTATCGCAACAAATCTCACATTAAAAAGTTTCAACCTACTGACTATGCAAGGGTTATTCAAAGTG
6,3,3,ATCCAACAATAGACAGGAACGTCCTTACTCGGTTAAATATAATCATCCTGCTTTTCACCACAAAAACCGGAGATAATCCTTTCTTTCCCCGGCAGCTGGCGTTATGGTCAGATGGTTATCGCAACAAATCTCACATTAAAAAGTTTCAACCTACTGACTATTAATTAGGTCTTATCGATC
18,11,7,ATCCAACAATAGACAGGAACGTCCTTACTCGGTTAAATATAATCATCCTGCTTTTCACCACAAAAACCGGAGATAATCCTTTCTTTCCCCGGCAGCTGGCGTTATGGTCAGATGGTTATCGCAACAAATCTCACATTAAAAAGTTTCAACCTACTGACTATTGTTGAAACCGAGGCGTCA
1,1,0,ATCCAAGAAATGACAGGAACGTATTTACTGGGTTCAATATAATCATCCTGTTTTTCATCATAAAAACCGCAATTAATCCTTCCGTTCCCCGGCTGCTGGCGTTCTGGTCAGATGGTTTTTGCAACAAATCTCACAATAAAAAGTTTCAACATACTGACGAAACAATTGAATGCATCCGCG
5,5,0,ATCCAAGAAATGACAGGAACGTATTTACTGGGTTCAATATAATCATCCTGTTTTTCATCATAAAAACCGCAATTAATCCTTCCGTTCCCCGGCTGCTGGCGTTCTGGTCAGATGGTTTTTGCAACAAATCTCACAATAAAAAGTTTCAACATACTGACGAATTAAATGATCTATGGCGAC
1,1,0,ATCCAAGAAATGACAGGAACGTATTTACTGGGTTCAATATAATCATCCTGTTTTTCATCATAAAAACCGCAATTAATCCTTCCGTTCCCCGGCTGCTGGCGTTCTGGTCAGATGGTTTTTGCAACAAATCTCACAATAAAAAGTTTCAACATACTGACGAATTCGGTCCAGTATCCCGCA
1,1,0,ATCCAAGAAATGACAGGAACGTATTTACTGGGTTCAATATAATCATCCTGTTTTTCATCATAAAAACCGCAATTAATCCTTCCGTTCCCCGGCTGCTGGCGTTCTGGTCAGATGGTTTTTGCAACAAATCTCACAATAAAAAGTTTCAACATACTGACGAGCTGATCAGGCATCCGCGCT
2,2,0,ATCCAAGAAATGACAGGAACGTATTTACTGGGTTCAATATAATCATCCTGTTTTTCATCATAAAAACCGCAATTAATCCTTCCGTTCCCCGGCTGCTGGCGTTCTGGTCAGATGGTTTTTGCAACAAATCTCACAATAAAAAGTTTCAACATACTGACGATCGCTTATGATGTGAGCTCA
3,3,0,ATCCAAGAAATGACAGGAACGTATTTACTGGGTTCAATATAATCATCCTGTTTTTCATCATAAAAACCGCAATTAATCCTTCCGTTCCCCGGCTGCTGGCGTTCTGGTCAGATGTTTTTTGCAACAAATCTCACAATAAAAAGTTTCAACATACTGACGATTCATACATCCCCCGCTCAG
79,7,72,ATCCAATAAAAGAAAGTAACATATTTACTGGGGTAAATCTAGTCACCCTGCTTGACATCACAAAAACCGAAGATTATCTTTCCTTTCGCCGGCAGCTGGCGTTATGTTCACTTGGTTTTTGCAACAAATCTCACAATAAAATGTATCAACATATTGACTAAAAATGATTGCGGTTCGGTC
8,0,8,ATCCAATAAAAGAAAGTAACATATTTACTGGGGTAAATCTAGTCACCCTGCTTGACATCACAAAAACCGAAGATTATCTTTCCTTTCGCCGGCAGCTGGCGTTATGTTCACTTGGTTTTTGCAACAAATCTCACAATAAAATGTATCAACATATTGACTAAGGTGTATTTATGTTGCATA
9,0,9,ATCCAATAAAAGAAAGTAACATATTTACTGGGGTAAATCTAGTCACCCTGCTTGACATCACAAAAACCGAAGATTATCTTTCCTTTCGCCGGCAGCTGGCGTTATGTTCACTTGGTTTTTGCAACAAATCTCACAATAAAATGTATCAACATATTGACTACGATTCCAATTTGCGTTCAT
58,4,54,ATCCAATAAAAGAAAGTAACATATTTACTGGGGTAAATCTAGTCACCCTGCTTGACATCACAAAAACCGAAGATTATCTTTCCTTTCGCCGGCAGCTGGCGTTATGTTCACTTGGTTTTTGCAACAAATCTCACAATAAAATGTATCAACATATTGACTACGCGTTATTCTTCGACGAAA
2,0,2,ATCCAATAAAAGAAAGTAACATATTTACTGGGGTAAATCTAGTCACCCTGCTTGACATCACAAAAACCGAAGATTATCTTTCCTTTCGCCGGCAGCTGGCGTTATGTTCACTTGGTTTTTGCAACAAATCTCCCAATAAAATGTATCAACATATTGACTAGCAGCTTAAGGCACGAGGCC
8,2,6,ATCCACAAAAAGACAGGAACTTATTTACTGGGTTAACTATACTCAGCCTGGTTTTCATCACAAAAACCGAACATTATCCTTCCTTTCCTGGGCAGCGGCAGTTATGCTCTGATGGTTTTTGCAACCAATCTCACAATAAAAAGTTTCAACATACTGACTAACTCTGATAGCGAACGTTTG
18,4,14,ATCCACAAAAAGACAGGAACTTATTTACTGGGTTAACTATACTCAGCCTGGTTTTCATCACAAAAACCGAACATTATCCTTCCTTTCCTGGGCAGCGGCAGTTATGCTCTGATGGTTTTTGCAACCAATCTCACAATAAAAAGTTTCAACATACTGACTACAGCCGTCGCTCTACAGACG
15,9,6,ATCCAGAAAAAAACTGGTACGTATTGACTGGGTCAAATATAACCATCTCCCGTTTCATCACAAAAACCGCAGAAAACCCTTCCTTTCACCGGCTGCCGGCGTTATAGTCATATGCTTTTTGCAACAAATCGCACAATATAAAGCTCCTACATATTGACTGCCCCAACCTATTGACATCTA
5,3,2,ATCCAGAAAAAAACTGGTACGTATTGACTGGGTCAAATATAACCATCTCCCGTTTCATCACAAAAACCGCAGAAAACCCTTCCTTTCACCGGCTGCCGGCGTTATGGTCATATGCTTTTTGCAACAAATCGCACAATATAAAGCTCCTACATATTGACTGCCGATATATTCGGGTTCTAC
3,1,2,ATCCAGAAAAAAACTGGTACGTATTGACTGGGTCAAATATAACCATCTCCCGTTTCATCACAAAAACCGCAGAAAACCCTTCCTTTCACCGGCTGCCGGCGTTATGGTCATATGCTTTTTGCAACAAATCGCACAATATAAAGCTCCTACATATTGACTGTGACCCACCCCAGCGCTGGC
12,7,5,ATCCAGAAAAAAACTGGTACGTATTGACTGGGTCAAATATAACCATCTCCCGTTTCATCACAAAAACCGCAGAAAACCCTTCCTTTCATCGGCTGCCGGCGTTATGGTCATATGCTTTTTGCAACAAATCGCACAATATAAAGCTCCTACATATTGACTGGAAATGCTCTTAGTCCATGT
15,12,3,ATCCAGAAAAAGAAAGGAACGTATTTACTGGGTTAAATCTAATCTCCCTGCTTTACATCACAAAAACCGCAGATAATCCTTCCTTCCCCCGGCTGCTGGCGTTATGGCCAGAAGGTTTTTGCAACAACTCTCATAATAAAAAGTTTCAACATACTTACTAGCCCGTTATCGTATACCTGT
12,12,0,ATCCAGAAAAAGAAAGGAACGTATTTACTGGGTTAAATCTAATCTCCCTGCTTTACATCACAAAAACCGCAGATAATCCTTCCTTCCCCCGGCTGCTGGCGTTATGGCCAGAAGGTTTTTGCAACAACTCTCATAATAAAAAGTTTCAACATACTTACTAGCCTAGGAGACACACCTTCG
1,1,0,ATCCAGAAAAAGAAAGGAACGTATTTACTGGGTTAAATCTAATCTCCCTGCTTTACATCACAAAAACCGCAGATAATCCTTCCTTCCCCCGGCTGCTGGCGTTATGGCCAGAAGGTTTTTGCAACAACTCTCATAATAAAAAGTTTCAACATACTTACTATACGGTGTCAGCCACCGTGG
2,2,0,ATCCAGAAAAAGAAAGGAACGTATTTACTGGGTTAAATCTAATCTCCCTGCTTTACATCACAAAAACCGCAGATAATCCTTCCTTCCCCCGGCTGCTGGCGTTATGGCCAGAAGGTTTTTGCAACAACTCTCATAATAAAAAGTTTCAACATACTTACTATCATCCCATCTTGGTCTGTT
8,8,0,ATCCAGAAAAAGAAAGGAACGTATTTACTGGGTTAAATCTAATCTCCCTGCTTTACATCACAAAAACCGCAGATAATCCTTCCTTCCCCCGGCTGCTGGCGTTATGGCCAGAAGGTTTTTGCAACAACTCTCATAATAAAAAGTTTCAACATACTTACTATTATGCTACGGCAGATACTC
31,22,9,ATCCAGAAAAAGACACCAACGTATTTACTGGGTTAAATATACTCATCCTGCTTTTAATCACAAGACCCGCCGATAATCCTTCCTTTCCCCGGCAGCAGGCGTTATGGTCAGATGGCTTTCGCAACAATTAACACAATAAAAAGTTTCAACATACCGACTAGTATGAACGTCGCAGCTTAA
4,4,0,ATCCAGAATAAGACAGGAACGTGGTTACTGGGTTAAATATGACCATCATGCTTTTCATCAGAATAACCGTAGATAATCCTTCCTTTGCCCGGCAGCTAGCGTTAGGGTCAGATGGTTATTGCAACAAATCTCTCAATAAAGAGTTTCAACATACTGACTACGGTTGGGTGAGACTTTTGC
1,1,0,ATCCAGAATAAGACAGGAACGTGGTTACTGGGTTAAATATGACCATCATGCTTTTCATCAGAATAACCGTAGATAATCCTTCCTTTGCCCGGCAGCTGGCGTTAGGGTCAGATGGTTATTGCAACAAATCTCTCAATAAAGAGTTTCAACATACTGACTACCGTGTGCGCCGCTCCTTCT
3,3,0,ATCCAGAATAAGACAGGAACGTGGTTACTGGGTTAAATATGACCATCATGCTTTTCATCAGAATAACCGTAGATAATCCTTCCTTTGCCCGGCAGCTGGCGTTAGGGTCAGATGGTTATTGCAACAAATCTCTCAATAAAGAGTTTCAACATACTGACTATAAGGTGTTTCGATTGAATC
1,1,0,ATCCAGAATAAGACAGGAACGTGGTTACTGGGTTAAATATGACCATCATGCTTTTCATCAGAATAACCGTAGATAATCCTTCCTTTGCCCGGCAGCTGGCGTTAGGGTCAGATGGTTATTGCAACAAATCTCTCAATAAAGAGTTTCAACATACTGACTATCTTTGGCACGCAGGCATAT
3,3,0,ATCCATGAAAAGACAGGGACGTCTTTACTGGGTGAAATATAATTATCCTGCTTTCCATCACAAAAACCGCAGACAATTTTTCCTTTCTCCGGCAGCGGGCGTTATGGTCAGGTGGTTTCTGCAACAAAGCTCACAATAAAAAGTTTCAATAATCTAACTAATTTCATTGGATAATCATTT
4,2,2,ATCCATGAAAAGACAGGGACGTCTTTACTGGGTGAAATATAATTATCCTGCTTTCCATCACAAAAACCGCAGACAATTTTTCCTTTCTCCGGCAGCGGGCGTTATGGTCAGGTGGTTTCTGCAACAAAGCTCACAATAAAAAGTTTCAATAATCTAACTACTAGTATGAACGTTTCATAA
1,1,0,ATCCCAAAAAAAACAGGAACGTATTTACTGGCTTAAATATAATCATCCAGCTTCTCAGGACAACAACCGCAGTAAATCCATCTTCTCCCCTGCAGCTGGCGTTATGCTTAGAGGGTTTTTGGTACAAATCTCATACGAAAAAGTTTCAACATTTTAACTACCAGAACTTGTCACGGTGGC
8,8,0,ATCCCAAAAAAAACAGGAACGTATTTACTGGCTTAAATATAATCATCCAGCTTCTCAGGACAACAACCGCAGTAAATCCATCTTCTCCCCTGCAGCTGGCGTTATGCTTAGAGGGTTTTTGGTACAAATCTCATACGAAAAAGTTTCAACATTTTAACTAGACCTTGGCGTAGATCAGGC
10,7,3,ATCCTAAAAAAGACAGGAACGTATTTACTGGGTTAAATATAATGATCCTGCTTTTCATCACAAAAGCCGCAGATAATCCTCCCTTTCCCCGGCAGATGGCGTTATGGTCAGATGGTTTTAGAAACAAATCTCACAACAAAAAGTTTCAACGGACTGACTGCATGTTTCCGGAACTCGTCC
12,5,7,ATCCTAAAAAAGACAGGAACGTATTTACTGGGTTAAATATAATGATCCTGCTTTTCATCACAAAAGCCGCAGATAATCCTCCCTTTCCCCGGCAGATGGCGTTATGGTCAGATGGTTTTAGAAACAAATCTCACAACAAAAAGTTTCAACGGACTGACTGGACACACTTCTCGGTTAGAG
1,0,1,ATCCTAAAAAAGACAGGAACGTATTTACTGGGTTAAATATAATGATCCTGCTTTTCATCACAAAAGCCGCAGATAATCCTCCCTTTCCCCGGCAGATGGCGTTATGGTCAGATGGTTTTAGAAACAAATCTCACAACAAAAAGTTTCAACGGACTGACTGGTTATTTCCACCAGTTCGCT
13,6,7,ATCCTAAAAAAGACAGGAACGTATTTACTGTGTTAAATATAATGATCCTGCTTTTCATCACAAAAGCCGCAGATAATCCTCCCTTTCCCCGGCAGATGGCGTTATGGTCAGATGGTTTTAGAAACAAATCTCACAACAAAAAGTTTCAACGGACTGACTGATAATACTGAGAGACATCAT
2,2,0,ATCCTAAAAAAGACAGGAACGTATTTAGTGGGCTAAATATAATCCTCCTCCTATTCATCACAAAAGCCGCCGCTATTCATTCCTTTCCCCGTCAGCGGGCGCTGCGGTCAGACGGTATGTGCAACCAATCTCACAATAAAAAGTGTCAACAGACTGACGAACTTCACTCCATAGGTGAAG
9,9,0,ATCCTAAAAAAGACAGGAACGTATTTAGTGGGCTAAATATAATCCTCCTCCTATTCATCACAAAAGCCGCCGCTATTCATTCCTTTCCCCGTCAGCGGGCGCTGCGGTCAGACGGTATGTGCAACCAATCTCACAATAAAAAGTGTCAACAGACTGACGAGAAATCCTGGCTTTGGAGAG
5,5,0,ATCCTAAAAAAGACAGGAACGTATTTAGTGGGCTAAATATAATCCTCCTCCTATTCATCACAAAAGCCGCCGCTATTCATTCCTTTCCCCGTCAGCGGGCGCTGCGGTCAGACGGTATGTGCAACCAATCTCACAATAAAAAGTGTCAACAGACTGACGAGAGGAAACAAGCGTAATGAC
2,2,0,ATCCTAAAAAAGACAGGAACGTATTTAGTGGGCTAAATATAATCCTCCTCCTATTCATCACAAAAGCCGCCGCTATTCATTCCTTTCCCCGTCAGCGGGCGCTGCGGTCAGACGGTATGTGCAACCAATCTCACAATAAAAAGTGTCAACAGACTGACGAGGGCCCTGGTTCGGCTTATT
1,1,0,ATCCTAAAAAAGACAGGAACGTATTTAGTGGGCTAAATATAATCCTCCTCCTATTCATCACAAAAGCCGCCGCTATTCATTCCTTTCCCCGTCAGCGGGCGCTGCGGTCAGACGGTATGTGCAACCAATCTCACAATAAAAAGTGTCAACAGACTGACGATAGCTACTTGTTATTAGTAT
2,2,0,ATCCTAAAAAAGACAGGAACGTATTTAGTGGGCTAAATATAATCCTCCTCCTATTCATCACAAAAGCCGCCGCTATTCATTCCTTTCCCCGTCAGCGGGCGCTGCGGTCAGACGGTATGTGCAACCAATCTCACAATAAAAAGTGTCAACAGACTGACGATAGTATTGCATTTCAGCAAC
1,1,0,ATCCTAAAAAAGACAGGAACGTATTTAGTGGGCTAAATATAATCCTCCTCCTATTCATCACAAAAGCCGCCGCTATTCATTCCTTTCCCCGTCAGCGGGCGCTGCGGTCAGACGGTATGTGCAACCAATCTCACAATAAAAAGTGTCAACAGACTGACGATCTTGGGGTTACATGAGGAC
2,2,0,ATCCTAAAAAAGACAGGAACGTATTTAGTGGGCTAAATATAATCCTCCTCCTATTCATCACAAAAGCCGCCGCTATTCATTCCTTTCCCCGTCAGCGGGCGCTGCGGTCAGACGGTATGTGCAACCAATCTCACAATAAAAAGTGTCAACAGACTGACGATGGGTATGTCTGCGTTGGTA
2,2,0,ATCTAAAATAAGACAGGTACGTATTAAGTGGGTTCCATCCAATCATCCTGCTTTTCATCACAGAAACAGTAGCTAACCCTTACTTTCCCCTGCAGCTGGCGTCATTGTCAGATAGTTCTTGCACCAAATCTCCCAATAAAAAGTCTCAACATACTTACTGCATATACGGACCCTAATGCC
2,2,0,ATGAAAAAGAAGACCGGAACGAATTTACTGGGTTAAATATAATCATCCTGCTTTTCAGCACAAAAACCCCAGATAGTCCTTCCTCTCCCCGGCAGCTGGCGTGATTGTCAGATGGTTTTTGCAATCAATCTCACACTAAAAAGTTTCAACATACGGACTATAAGAGGTAAATACTCGTTG
3,1,2,ATGCAAAAAAACACACGATCGTATTTACTGGGTTAAATATAATGATCCTGGTTTTCATCACAACAACCGCATATAATCCTTCCTTTTCCGGTCAGCTGGCGTTAATGTCGGAGAGTTTATGCAACAAATCTCACTATAGAAATTTTTAACATACCGACGAACTATTAGTTAGCAATGGGC
13,5,8,ATGCAAAAAAACACACGATCGTATTTACTGGGTTAAATATAATGATCCTGGTTTTCATCACAACAACCGCATATAATCCTTCCTTTTCCGGTCAGCTGGCGTTAATGTCGGAGAGTTTATGCAACAAATCTCACTATAGAAATTTTTAACATACCGACGAATACTAAATTCGTGTGATAA
35,12,23,ATGCAAAAAAACACACGATCGTATTTACTGGGTTAAATATAATGATCCTGGTTTTCATCACAACAACCGCATATAATCCTTCCTTTTCCGGTCAGCTGGCGTTAATGTCGGAGAGTTTATGCAACAAATCTCACTATAGAAATTTTTAACATACCGACGAGTTCCGCTGACTTCACGAGT
30,5,25,ATGCAAAAAAACACACGATCGTATTTACTGGGTTAAATATAATGATCCTGGTTTTCATCACAACAACCGCATATAATCCTTCCTTTTCCGGTCAGCTGGCGTTAATGTCGGAGAGTTTATGCAACAAATCTCACTATAGAAATTTTTAACATACCGACGATGCGAACGCTCTGTAATCTG
11,2,9,ATGCAAAAAAACACACGATCGTATTTACTGGGTTAAATATAATGATCCTGGTTTTCATCACAACAACCGCATATAATCCTTCCTTTTCCGGTCAGCTGGCGTTAATGTCGGAGAGTTTATGCAACAAATCTCACTATAGAAATTTTTAACATACCGACGATTTTGTTATTACTTCTGTTA
2,2,0,ATGCAAAAAAACACAGGTACGTATTGGCCGGGATAAATAAAATCATCGTGCTTTTCATCACGAAAACAGCAGATAACCGTTCCATTCCCCGGCACCTGACGCCATGGTCAGATGGTTTCAGCATCAATTCTCTCAATAAAATGTTGCAACATCCTAACTCAGAAGCATAAGTGAATTATC
9,9,0,ATGCAAAAAAACACAGGTACGTATTGGCCGGGATAAATAAAATCATCGTGCTTTTCATCACGAAAACAGCAGATAACCGTTCCATTCCCCGGCACCTGACGCCATGGTCAGATGGTTTCAGCATCAATTCTCTCAATAAAATGTTGCAACATCCTAACTCGATCTGAACAATATCGTCCC
5,5,0,ATGCAAAAAAACACAGGTACGTATTGGCCGGGATAAATAAAATCATCGTGCTTTTCATCACGAAAACAGCAGATAACCGTTCCATTCCCCGGCACCTGACGCCATGGTCAGATGGTTTCAGCATCAATTCTCTCAATAAAATGTTGCAACATCCTAACTCGCATTGCACTTCAGGTGCTG
5,5,0,ATGCAAAAAAACACAGGTACGTATTGGCCGGGATAAATAAAATCATCGTGCTTTTCATCACGAAAACAGCAGATAACCGTTCCATTCCCCGGCACCTGACGCCATGGTCAGATGGTTTCAGCATCAATTCTCTCAATAAAATGTTGCAACATCCTAACTCGGCTTTACAATGTGCCTTCG
1,1,0,ATGCAAAAAAACACAGGTACGTATTGGCCGGGATAAATAAAATCATCGTGCTTTTCATCACGAAAACAGCAGATAACCGTTCCATTCCCCGGCACCTGACGCCATGGTCAGATGGTTTCAGCATCAATTCTCTCAATAAAATGTTGCAACATCCTAACTCTATATTTAAAGTTACACTCA
1,1,0,ATGCAAAAAAACACAGGTACGTATTGGCCGGGATAAATAAAATCATCGTGCTTTTCATCACGAAAACAGTAGATAACCGTTCCATTCCCCGGCACCTGACGCCATGGTCAGATGGTTTCAGCATCAATTCTCTCAATAAAATGTTGCAACATCCTAACTCACAACCTTCGCCTCGCTAAA
7,2,5,ATGCAAAAAAAGAAAGGAACCCATTTACCGGGTTAAATGTAATGATCCTGCTTTTCATCACAAAAACCGCCGTTGATCCTTCCTTTCCCCGGCAGCTGGCTTTATGGTCAGATTTTTTTTGCAACAAATCTCACTATAAAAAGTGACAACTTACTGACTAAAGCCGTAGTAATACTAGAG
19,8,11,ATGCAAAAAAAGAAAGGAACCCATTTACCGGGTTAAATGTAATGATCCTGCTTTTCATCACAAAAACCGCCGTTGATCCTTCCTTTCCCCGGCAGCTGGCTTTATGGTCAGATTTTTTTTGCAACAAATCTCACTATAAAAAGTGACAACTTACTGACTAATCCAATGCTGATTGTGAAT
9,9,0,ATGCAAAAAAAGAAAGGAACCCATTTACCGGGTTAAATGTAATGATCCTGCTTTTCATCACAAAAACCGCCGTTGATCCTTCCTTTCCCCGGCAGCTGGCTTTATGGTCAGATTTTTTTTGCAACAAATCTCACTATAAAAAGTGACAACTTACTGACTAGTATTAACATACCTAGTTGT
3,3,0,ATGCAAAAAAAGAAAGGAACCCATTTACCGGGTTAAATGTAATGATCCTGCTTTTCATCACAAAAACCGCCGTTGATCCTTCCTTTCCCCGGCAGCTGGCTTTATGGTCAGATTTTTTTTGCAACAAATCTCACTATAAAAAGTGACAACTTACTGACTATCGACGATCTCGTATGTGGG
1,1,0,ATGCAAAAAAAGAAAGGAACCCATTTACCGGGTTAAATGTAATGATCCTGCTTTTCATCACAAAAACCGCCGTTGATCCTTCCTTTCCCCGGCAGCTGGCTTTATGGTCAGATTTTTTTTGCAACAAATCTCACTATAAAAAGTGACAACTTACTGACTATTATATGGGGCAAACACGGT
2,2,0,ATGCAAAAAAAGACACGAACGTATTTACTGAGTTACTTATATTAATCCTGATTTTCATCAAAAAAACCGCAGATAATCTTTCTTTTACCCGGCAGCTGGCGTTATGGTCATATGGCTTTTGCTAGAAATCTCACAATAAAAAGTTTGAACATACTGACTAATTTGATTCGCCATTTTGTC
9,6,3,ATGCAAAAAAAGACACGAACGTATTTACTGAGTTACTTATATTAATCCTGATTTTCATCAAAAAAACCGCAGATAATCTTTCTTTTACCCGGCAGCTGGCGTTATGGTCATATGGCTTTTGCTAGAAATCTCACAATAAAAAGTTTGAACATACTGACTATTAATCGCCGGATCTCAATA
2,1,1,ATGCAAAAAAAGACACGAACGTATTTACTGAGTTACTTATATTAATCCTGATTTTCATCAAAAAAACCGCAGATAATCTTTCTTTTACCCGGCAGCTGGCGTTATGGTCATATGGCTTTTGCTAGAAATCTCACAATAAAAAGTTTGAACATACTGACTATTGTCGGTATATATTCGGAA
5,5,0,ATGCAAAAAAAGACACGACAGTATTTAATGGGTTAAACAGAATGCTCCTGCTTGTCATCACAAAAACCGCAGATAATCCTTCGCTTCCCCATCAGCTGGCGTTATGGTCAGCTTGTTTTTCCCACAAATTTCACAAGCAAAAGTTTCAACATACTGACAACGATATACACGATGCAGCAG
1,1,0,ATGCAAAAAAAGACACGACAGTATTTAGTGGGTTAAACAGAATGCTCCTGCTTGTCATCACAAAAACCGCAGATAATCCTTCGCTTCCCCATCAGCTGGCGTTATGGTCAGCTTGTTTTTCCCACAAATTTCACAAGCAAAAGTTTCAACATACTGACAAGGATTAGTTGAACGTTTCGT
20,14,6,ATGCAAAAAAAGACACGACAGTATTTAGTGGGTTAAACAGAATGCTCCTGCTTGTCATCACAAAAACCGCAGATAATCCTTCGCTTCCCCATCAGCTGGCGTTATGGTCAGCTTGTTTTTCCCACAAATTTCACAAGCAAAAGTTTCAACATACTGACAATACAGGTATCTCGCATCTTG
2,2,0,ATGCAAAAAAAGACAGAAACGTATTTACTGGGTTAAATATACTTATCCTGCTGTTCGTCACAAAAACCGCAGATAATCCGTCCTTTCCCCGGCAACTGGCGCTATGGTCAGATGGTTTTTGCAACAAATCTCACAATAAAAAGTTTCAACGTGCTGACTACATTGTCGATCGTGGTCTTG
1,1,0,ATGCAAAAAAAGACAGAAACGTATTTACTGGGTTAAATATACTTATCCTGCTGTTCGTCACAAAAACCGCAGATAATCCGTCCTTTCCCCGGCAACTGGCGCTATGGTCAGATGGTTTTTGCAACAAATCTCACAATAAAAAGTTTCAACGTGCTGACTACGCTTTATAGGTACAACGAA
4,2,2,ATGCAAAAAAAGACAGAAACGTATTTACTGGGTTAAATATACTTATCCTGCTGTTCGTCACAAAAACCGCAGATAATCCGTCCTTTCCCCGGCAACTGGCGCTATGGTCAGATGGTTTTTGCAACAAATCTCACAATAAAAAGTTTCAACGTGCTGACTATTGTGAGCTGAATTACGCGA
27,6,21,ATGCAAAAAAAGACAGGAACGTATCTATTGGGTTAAATATAATCATCCTTCTTTTCATCACAAAAACCGCAGATAATCCTTCCTTTCGCCGGCAGCTGGCGTTATGGTGAGGACGTTTTTGCAACAAGTTTCACAATAAACAGTCTCAACATACTGACGAACGGCGCAGGTATCGTTGGT
2,1,1,ATGCAAAAAAAGACAGGAACGTATCTATTGGGTTAAATATAATCATCCTTCTTTTCATCACAAAAACCGCAGATAATCCTTCCTTTCGCCGGCAGCTGGCGTTATGGTGAGGACGTTTTTGCAACAAGTTTCACAATAAACAGTCTCAACATACTGACGACAATCGAGACTATTTTGCAG
4,1,3,ATGCAAAAAAAGACAGGAACGTATCTATTGGGTTAAATATAATCATCCTTCTTTTCATCACAAAAACCGCAGATAATCCTTCCTTTCGCCGGCAGCTGGCGTTATGGTGAGGACGTTTTTGCAACAAGTTTCACAATAAACAGTCTCAACATACTGACGAGACTCGTTGGATCCAATTGG
9,3,6,ATGCAAAAAAAGACAGGAACGTATCTATTGGGTTAAATATAATCATCCTTCTTTTCATCACAAAAACCGCAGATAATCCTTCCTTTCGCCGGCAGCTGGCGTTATGGTGAGGACGTTTTTGCAACAAGTTTCACAATAAACAGTCTCAACATACTGACGATCCGGCACATTTGGGTCATT
42,6,36,ATGCAAAAAAAGACAGGAACGTATCTATTGGGTTAAATATAATCATCCTTCTTTTCATCACAAAAACCGCAGATAATCCTTCCTTTCGCCGGCAGCTGGCGTTATGGTGAGGACGTTTTTGCAACAAGTTTCACAATACACAGTCTCAACATACTGACGAAACACAAGTCCTGTTATGAG
2,0,2,ATGCAAAAAAAGACAGGAACGTATTGAGTGGGTTAAATATATTCATCCTGCTTTTCATCCGAAAAACCGGAGAAAATACTTCCTTTCCCCGGCATCTGGCGTGAAGGTCAGAGCGATTTTCCAATAAGACTCATAATAATAAGGTTCAACATACTGACTAAGATACTAAGACATTTAGTG
4,2,2,ATGCAAAAAAAGACAGGAACGTATTGAGTGGGTTAAATATATTCATCCTGCTTTTCATCCGAAAAACCGGAGAAAATACTTCCTTTCCCCGGCATCTGGCGTGAAGGTCAGAGCGATTTTCCAATAAGACTCATAATAATAAGGTTCAACATACTGACTAATGCTTTTCATATAAATCGG
1,1,0,ATGCAAAAAAAGACAGGAACGTATTGAGTGGGTTAAATATATTCATCCTGCTTTTCATCCGAAAAACCGGAGAAAATACTTCCTTTCCCCGGCATCTGGCGTGAAGGTCAGAGCGATTTTCCAATAAGACTCATAATAATAAGGTTCAACATACTGACTACGTTTCCAGTAGTAGTGTCT
7,7,0,ATGCAAAAAAAGACAGGAACGTATTGAGTGGGTTAAATATATTCATCCTGCTTTTCATCCGAAAAACCGGAGAAAATACTTCCTTTCCCCGGCATCTGGCGTGAAGGTCAGAGCGATTTTCCAATAAGACTCATAATAATAAGGTTCAACATACTGACTAGCCAGATGCGGCGCCTCTCG
1,1,0,ATGCAAAAAAAGACAGGAACGTATTGAGTGGGTTAAATATATTCATCCTGCTTTTCATCCGAAAAACCGGAGAAAATACTTCCTTTCCCCGGCATCTGGCGTGAAGGTCAGAGCGATTTTCCAATAAGACTCATAATAATAAGGTTCAACATACTGACTAGTCGGTGATTGTATTCCGAA
34,6,28,ATGCAAAAAAAGACAGGAACGTATTTACTGACTTAAATATATTCATCCGGCTTTTCATCACAAAAACCGCAGATAATCCTTCCTCTCACCGGCAGCTTGCCTTATGGTTAGATGGTCTTTGCAAGCAATCTACCAATAAAATGTTTGAACATACCAACTAATTGGTGCAGTCGCTTCCTT
72,7,65,ATGCAAAAAAAGACAGGAACGTATTTACTGACTTAAATATATTCATCCGGCTTTTCATCACAAAAACCGCAGATAATCCTTCCTCTCACCGGCAGCTTGCCTTATGGTTAGATGGTCTTTGCAAGCAATCTACCAATAAAATGTTTGAACATACCAACTACCAAAGTAAGCACACGCGTG
16,0,16,ATGCAAAAAAAGACAGGAACGTATTTACTGACTTAAATATATTCATCCGGCTTTTCATCACAAAAACCGCAGATAATCCTTCCTCTCACCGGCAGCTTGCCTTATGGTTAGATGGTCTTTGCAAGCAATCTACCAATAAAATGTTTGAACATACCAACTACTGGTCTACGGAGAGTCATT
28,2,26,ATGCAAAAAAAGACAGGAACGTATTTACTGACTTAAATATATTCATCCGGCTTTTCATCACAAAAACCGCAGATAATCCTTCCTCTCACCGGCAGCTTGCCTTATGGTTAGATGGTCTTTGCAAGCAATCTACCAATAAAATGTTTGAACATACCAACTACTTGCGAGTAGATATTCAAG
93,4,89,ATGCAAAAAAAGACAGGAACGTATTTACTGACTTAAATATATTCATCCGGCTTTTCATCACAAAAACCGCAGATAATCCTTCCTCTCACCGGCAGCTTGCCTTATGGTTAGATGGTCTTTGCAAGCAATCTACCAATAAAATGTTTGAACATACCAACTAGGTGCGGATGGGACCAACCA
1,1,0,ATGCAAAAAAAGACAGGAACGTATTTACTGACTTAAATATATTCATCCGGCTTTTCATCACAAAAACCGCAGATAATCCTTCCTCTCACCGGCAGCTTGCCTTATGGTTAGATGGTCTTTGCAAGCAATCTACCAATAAAATGTTTGAACATACCAACTATATACTCGATTTCGCTTCTC
12,1,11,ATGCAAAAAAAGACAGGAACGTATTTACTGACTTAAATATATTCATCCGGCTTTTCATCACAAAAACCGCAGATAATCCTTCCTCTCACCGGCAGCTTGCCTTATGGTTAGATGGTCTTTGCAAGCAATCTACCAATAAAATGTTTGAACATACCAACTATGGATGGCCGGGGACGCATA
4,3,1,ATGCAAAAAAAGACAGGAACGTATTTACTGGGTGAAATATAATCATCCTGCTTTTCATCACAAAAACCACAGATAATCTCTCCTTTCCTCGGCAGTTGACGTTATAGTCAGATGGTTTATGCAACAAATCTGAAAATGAAAAGTTTCAACATACTGACTACGCCATTCGAACCGACTACT
3,2,1,ATGCAAAAAAAGACAGGAACGTATTTACTGGGTGAAATATAATCATCCTGCTTTTCATCACAAAAACCACAGATAATCTCTCCTTTCCTCGGCAGTTGGCGTTATAGTCAGATGGTTTATGCAACAAATCTGAAAATGAAAAGTTTCAACATACTGACTACAACGCGTGCTGGCCAGTCC
1,1,0,ATGCAAAAAAAGACAGGAACGTATTTACTGGGTGAAATATAATCATCCTGCTTTTCATCACAAAAACCACAGATAATCTCTCCTTTCCTCGGCAGTTGGCGTTATAGTCAGATGGTTTATGCAACAAATCTGAAAATGAAAAGTTTCAACATACTGACTACCTGGTCTGTTTCGACCGTA
4,4,0,ATGCAAAAAAAGACAGGAACGTATTTACTGGGTTAAATACAATGGTGCTGCTCTTCATCACCAAAACCCCAGATAATGCTTCCTTTCCCCGGCTGCTAGCGGTATGGTCCGATGGTTTTTGCAGCAAATCTTACAATATAAAGTTTCAACGTACTGACTAAAATCGCCGTACGAACAGTC
1,1,0,ATGCAAAAAAAGACAGGAACGTATTTACTGGGTTAAATACAATGGTGCTGCTCTTCATCACCAAAACCCCAGATAATGCTTCCTTTCCCCGGCTGCTAGCGGTATGGTCCGATGGTTTTTGCAGCAAATCTTACAATATAAAGTTTCAACGTACTGACTAAACACGATAACCCAGCATTA
1,1,0,ATGCAAAAAAAGACAGGAACGTATTTACTGGGTTAAATACAATGGTGCTGCTCTTCATCACCAAAACCCCAGATAATGCTTCCTTTCCCCGGCTGCTAGCGGTATGGTCCGATGGTTTTTGCAGCAAATCTTACAATATAAAGTTTCAACGTACTGACTAACGGCGATTCCGGCGAAACA
1,1,0,ATGCAAAAAAAGACAGGAACGTATTTACTGGGTTAAATACAATGGTGCTGCTCTTCATCACCAAAACCCCAGATAATGCTTCCTTTCCCCGGCTGCTAGCGGTATGGTCCGATGGTTTTTGCAGCAAATCTTACAATATAAAGTTTCAACGTACTGACTAATTATAGGTGAGGTCATGCC
11,6,5,ATGCAAAAAAAGACAGGAACGTATTTACTGGGTTAAATACAATGGTGCTGCTCTTCATCACCAAAACCCCAGATAATGCTTCCTTTCCCCGGCTGCTAGCGGTATGGTCCGATGGTTTTTGCAGCAAATCTTACAATATAAAGTTTCAACGTACTGACTACTCCGGGGACGACAATTAGA
2,2,0,ATGCAAAAAAAGACAGGAACGTATTTACTGGGTTAAATACAATGGTGCTGCTCTTCATCACCAAAACCCCAGATAATGCTTCCTTTCCCCGGCTGCTAGCGGTATGGTCCGATGGTTTTTGCAGCAAATCTTACAATATAAAGTTTCAACGTACTGACTAGAGGTTATGGGTATCATTCC
1,1,0,ATGCAAAAAAAGACAGGAACGTATTTACTGGGTTAAATACAATGGTGCTGCTCTTCATCACCAAAACCCCAGATAATGCTTCCTTTCCCCGGCTGCTAGCGGTATGGTCCGATGGTTTTTGCAGCAAATCTTACAATATAAAGTTTCAACGTACTGACTAGATCACCGGTATAGGAAGGA
32,15,17,ATGCAAAAAAAGACAGGAACGTCTTTACTGGGTTAAATATAATCATCCCGCTTTTCCTCACAAAAACCGCAGATAATCCTTCCTTTCCCCGGCAGCTGGCGTTATGGTCAGATGCTTTTTGCAACAAATCTCACGATAACACGCATCCGCATACTGTCTAAGCTGTTGGGTAGCATCACA
13,4,9,ATGCAAAAAAAGACAGGAACGTCTTTACTGGGTTAAATATAATCATCCCGCTTTTCCTCACAAAAACCGCAGATAATCCTTCCTTTCCCCGGCAGCTGGCGTTATGGTCAGATGCTTTTTGCAACAAATCTCACGATAACACGCATCCGCATACTGTCTAATTCGGAACACTACAGTACG
10,7,3,ATGCAAAAAAAGACAGGAACGTCTTTACTGGGTTAAATATAATCATCCCGCTTTTCCTCACAAAAACCGCAGATAATCCTTCCTTTCCCCGGCAGCTGGCGTTATGGTCAGATGCTTTTTGCAACAAATCTCACGATAACACGCATCCGCATACTGTCTACATAGGTGACTGCCTATGAT
5,3,2,ATGCAAAAAAAGACAGGAACGTCTTTACTGGGTTAAATATAATCATCCCGCTTTTCCTCACAAAAACCGCAGATAATCCTTCCTTTCCCCGGCAGCTGGCGTTATGGTCAGATGCTTTTTGCAACAAATCTCACGATAACACGCATCCGCATACTGTCTACATATACTAGTGACTGTCGT
3,0,3,ATGCAAAAAAAGACAGGAACGTCTTTACTGGGTTAAATATAATCATCCCGCTTTTCCTCACAAAAACCGCAGATAATCCTTCCTTTCCCCGGCAGCTGGCGTTATGGTCAGATGCTTTTTGCAACAAATCTCACGATAACACGCATCCGCATACTGTCTACGTCTGCTTGACCCAGCCTT
3,1,2,ATGCAAAAAAAGACAGGAACGTCTTTACTGGGTTAAATATAATCATCCCGCTTTTCCTCACAAAAACCGCAGATAATCCTTCCTTTCCCCGGCAGCTGGCGTTATGGTCAGATGCTTTTTGCAACAAATCTCACGATAACACGCATCCGCATACTGTCTAGGATATCAATTGCTGCCAAT
8,3,5,ATGCAAAAAAAGACAGGAACGTCTTTACTGGGTTAAATATAATCATCCCGCTTTTCCTCACAAAAACCGCAGATAATCCTTCCTTTCCCCGGCAGCTGGCGTTATGGTCAGATGCTTTTTGCAACAAATCTCACGATAACACGCATCCGCATACTGTCTAGTCGAATACTACAGTAAGTT
2,2,0,ATGCAAAAAAAGACAGGAACGTCTTTACTGGGTTAAATATAATCATCCCGCTTTTCCTCACAAAAACCGCAGATAATCCTTCCTTTCCCCGGCAGCTGGCGTTATGGTCAGATGCTTTTTGCAACAAATCTCACGATAACACGCATCCGCATACTGTCTATCGAATATTGTTGTTGGTGG
13,8,5,ATGCAAAAAAAGACAGGAACGTCTTTACTGGGTTAAATATAATCATCCCGCTTTTCCTCACAAAAACCGCAGATAATCCTTCCTTTCCCCGGCAGCTGGCGTTATGGTCAGATGCTTTTTGCAACAAATCTCACGATAACACGCATCCGCATACTGTCTATGAAAGAACAGTTTGTCTCA
10,10,0,ATGCAAAAAAAGACAGGAACGTTCGAAGTAGGTGAAATATAATCATCCTGCTTTTGATCACAATAACCGCAGATAATCCTGCCTGTCCCCGGCAGCTGGGGTTATGGTCAGATGGTTTTTGCAATAAATTTCACAATAAAAAGCTTCCACATACTCACTCAAAAATGTCAACCAGATTGA
1,1,0,ATGCAAAAAAAGACAGGAACGTTCGAAGTAGGTGAAATATAATCATCCTGCTTTTGATCACAATAACCGCAGATAATCCTGCCTGTCCCCGGCAGCTGGGGTTATGGTCAGATGGTTTTTGCAATAAATTTCACAATAAAAAGCTTCCACATACTCACTCACCGTTCGCTTGACTCTACT
9,8,1,ATGCAAAAAAAGACAGGAACGTTCGAAGTAGGTGAAATATAATCATCCTGCTTTTGATCACAATAACCGCAGATAATCCTGCCTGTCCCCGGCAGCTGGGGTTATGGTCAGATGGTTTTTGCAATAAATTTCACAATAAAAAGCTTCCACATACTCACTCCGATCCCGCCAGTAAGAAAG
2,2,0,ATGCAAAAAAAGACAGGAACGTTCGAAGTAGGTGAAATATAATCATCCTGCTTTTGATCACAATAACCGCAGATAATCCTGCCTGTCCCCGGCAGCTGGGGTTATGGTCAGATGGTTTTTGCAATAAATTTCACAATAAAAAGCTTCCACATACTCACTCCTCTAAGGGTAAAGTGTGAC
1,1,0,ATGCAAAAAAAGACAGGAACGTTCGAAGTAGGTGAAATATAATCATCCTGCTTTTGATCACAATAACCGCAGATAATCCTGCCTGTCCCCGGCAGCTGGGGTTATGGTCAGATGGTTTTTGCAATAAATTTCACAATAAAAAGCTTCCACATACTCACTCGAATTTGTGTCCACAAGCAG
1,1,0,ATGCAAAAAAAGACAGGAACGTTCGAAGTAGGTGAAATATAATCATCCTGCTTTTGATCACAATAACCGCAGATAATCCTGCCTGTCCCCGGCAGCTGGGGTTATGGTCAGATGGTTTTTGCAATAAATTTCACAATAAAAAGCTTCCACATACTCACTCTGAGTCCTCGCATGTTATGG
17,16,1,ATGCAAAAAAAGACAGGAACGTTCGAAGTAGGTGAAATATAATCATCCTGCTTTTGATCACAATAACCGCAGATAATCCTGCCTGTCCCCGGCAGCTGGGGTTATGGTCAGATGGTTTTTGCAATAAATTTCACAATAAAAAGCTTCCACATACTCACTCTTAATTGGTCGCTTACTTAA
72,3,69,ATGCAAAAAAAGACAGGCACGTATCTACTGGGTTAAATATAATCATCTTGCTTTTCATCAAAAAAACCGCATATAATCTTTCCTTACCCCGGCAGGTGGAGCTATGGTCAGATGGTTTTTGCAACAACTCACACAATAAAAATTATCTACATACTGAGTATCCCGAATTAATCGTTACTT
19,0,19,ATGCAAAAAAAGACAGGCACGTATCTACTGGGTTAAATATAATCATCTTGCTTTTCATCAAAAAAACCGCATATAATCTTTCCTTACCCCGGCAGGTGGAGCTATGGTCAGATGGTTTTTGCAACAACTCACACAATAAAAATTATCTACATACTGAGTATGGGTCTTTGTCTATAATCG
6,0,6,ATGCAAAAAAAGACAGGCACGTATCTACTGGGTTAAATATAATCATCTTGCTTTTCATCAAAAAAACCGCATATAATCTTTCCTTACCCCGGCAGGTGGAGCTATGGTCAGATGGTTTTTGCAACAACTCACACAATAAAAATTATCTACATACTGAGTATGTGATATAGCGTCCGTAGG
2,2,0,ATGCAAAAAAAGACAGGTACGTATTTACCCGGTTAAATACAATCATCCGGCTTTTCATCGCTAAAACCGCAGATAATCCTTCCTTTCCCCGCCAGCTGGCTTTATGGTCGGATGGTCTTTGCAACAAATCTTACAATAAAAAGTTTCAACATACTGTCTAAACATTTATGCTTAATCGAG
3,3,0,ATGCAAAAAAAGACAGGTACGTATTTACCCGGTTAAATACAATCATCCGGCTTTTCATCGCTAAAACCGCAGATAATCCTTCCTTTCCCCGCCAGCTGGCTTTATGGTCGGATGGTCTTTGCAACAAATCTTACAATAAAAAGTTTCAACATACTGTCTATCCACCTAGGTGGTACCACC
2,2,0,ATGCAAAAAAAGACAGGTACGTATTTACCCGGTTAAATACAATCATCCGGCTTTTCATCGCTAAAACCGCAGATAATCCTTCCTTTCCCCGCCAGCTGGCTTTATGGTCGGATGGTCTTTGCAACAAATCTTACAATAAAAAGTTTCAACATACTGTCTATGCTAATTCTAGGCGTCAAG
3,3,0,ATGCAAAAAAAGCCAGGAACGTATTTACTGGGTTAAAGATAATCATCGTGCTTTACACCACAGAAACCTCAGAGAAGCCTGCCTTTCCCCGGCAGCTGGCGTTAGGGTCAGATCGTTTTTGCAACAAATGTCACAATAAAAAGTTTCATCATACTGACTCCCACCCCAACCCTAGCGACT
8,8,0,ATGCAAAAAAAGCCAGGAACGTATTTACTGGGTTAAAGATAATCATCGTGCTTTACACCACAGAAACCTCAGAGAAGCCTGCCTTTCCCCGGCAGCTGGCGTTAGGGTCAGATCGTTTTTGCAACAAATGTCACAATAAAAAGTTTCATCATACTGACTCCGAGTCTAAGCGCTTGGATA
5,5,0,ATGCAAAAAAAGCCAGGAACGTATTTACTGGGTTAAAGATAATCATCGTGCTTTACACCACAGAAACCTCAGAGAAGCCTGCCTTTCCCCGGCAGCTGGCGTTAGGGTCAGATCGTTTTTGCAACAAATGTCACAATAAAAAGTTTCATCATACTGACTCCGGATCTTGGTGTTGAATCA
9,9,0,ATGCAAAAAAAGCCAGGAACGTATTTACTGGGTTAAAGATAATCATCGTGCTTTACACCACAGAAACCTCAGAGAAGCCTGCCTTTCCCCGGCAGCTGGCGTTAGGGTCAGATCGTTTTTGCAACAAATGTCACAATAAAAAGTTTCATCATACTGACTCCTGAATGCATACGACCTTCA
1,1,0,ATGCAAAAAAAGCCAGGAACGTATTTACTGGGTTAAAGATAATCATCGTGCTTTACACCACAGAAACCTCAGAGAAGCCTGCCTTTCCCCGGCAGCTGGCGTTAGGGTCAGATCGTTTTTGCAACAAATGTCACAATAAAAAGTTTCATCATACTGACTCCTTGGCTCCACACCGGTTCT
2,2,0,ATGCAAAAAAAGCCAGGAACGTATTTACTGGGTTAAAGATAATCATCGTGCTTTACACCACAGAAACCTCAGAGAAGCCTGCCTTTCCCCGGCAGCTGGCGTTAGGGTCAGATCGTTTTTGCAACAAATGTCACAATAAAAAGTTTCATCATACTGACTCTTTCCTGTAGAGCCTTCAAG
3,3,0,ATGCAAAAAAAGCCAGGAACGTATTTACTGGGTTAAATATAGTCATCCTGCTTTTCGTCACAAAGACCGCAGATAATCTTTCCTTTCCCCGGCAACTGCCGATATGGTCAGATGGTTTTTGCAGCAAATCTCATAACAAAATGTTTCTACATACTGTCTAAACCAGGTCGCACGCCATGT
6,6,0,ATGCAAAAAAAGCCAGGAACGTATTTACTGGGTTAAATATAGTCATCCTGCTTTTCGTCACAAAGACCGCAGATAATCTTTCCTTTCCCCGGCAACTGCCGATATGGTCAGATGGTTTTTGCAGCAAATCTCATAACAAAATGTTTCTACATACTGTCTAAACGCAATAAGGGACCTGAT
14,11,3,ATGCAAAAAAAGCCAGGAACGTATTTACTGGGTTAAATATAGTCATCCTGCTTTTCGTCACAAAGACCGCAGATAATCTTTCCTTTCCCCGGCAACTGCCGATATGGTCAGATGGTTTTTGCAGCAAATCTCATAACAAAATGTTTCTACATACTGTCTAAATCGTAGCTAGCTAACTCG
14,8,6,ATGCAAAAAAAGCCAGGAACGTATTTACTGGGTTAAATATAGTCATCCTGCTTTTCGTCACAAAGACCGCAGATAATCTTTCCTTTCCCCGGCAACTGCCGATATGGTCAGATGGTTTTTGCAGCAAATCTCATAACAAAATGTTTCTACATACTGTCTAATGGCGACACCTGCAATAGG
5,5,0,ATGCAAAAAAAGCCAGGAACGTATTTACTGGGTTAAATATAGTCATCCTGCTTTTCGTCACAAAGACCGCAGATAATCTTTCCTTTCCCCGGCAACTGCCGATATGGTCAGATGGTTTTTGCAGCAAATCTCATAACAAAATGTTTCTACATACTGTCTACATCCTCAAGATTCGCACTA
2,2,0,ATGCAAAAAAAGCCAGGAACGTATTTACTGGGTTAAATATAGTCATCCTGCTTTTCGTCACAAAGACCGCAGATAATCTTTCCTTTCCCCGGCAACTGCCGATATGGTCAGATGGTTTTTGCAGCAAATCTCATAACAAAATGTTTCTACATACTGTCTACGGAACGTCCCTACGTAAAT
3,3,0,ATGCAAAAAAAGCCAGGAACGTATTTACTGGGTTAAATATAGTCATCCTGCTTTTCGTCACAAAGACCGCAGATAATCTTTCCTTTCCCCGGCAACTGCCGATATGGTCAGATGGTTTTTGCAGCAAATCTCATAACAAAATGTTTCTACATACTGTCTACTAGCCTCGCTGGCGTCCTC
1,1,0,ATGCAAAAAAAGCCAGGAACGTATTTACTGGGTTAAATATAGTCATCCTGCTTTTCGTCACAAAGACCGCAGATAATCTTTCCTTTCCCCGGCAACTGCCGATATGGTCAGATGGTTTTTGCAGCAAATCTCATAACAAAATGTTTCTACATACTGTCTAGATATGTTATGCTATCCCGC
3,3,0,ATGCAAAAAAAGCCAGGAACGTATTTACTGGGTTAAATATAGTCATCCTGCTTTTCGTCACAAAGACCGCAGATAATCTTTCCTTTCCCCGGCAACTGCCGATATGGTCAGATGGTTTTTGCAGCAAATCTCATAACAAAATGTTTCTACATACTGTCTAGCATCAAAACCTAGTTGGTA
8,4,4,ATGCAAAAAAAGCCAGGAACGTATTTACTGGGTTAAATATAGTCATCCTGCTTTTCGTCACAAAGACCGCAGATAATCTTTCCTTTCCCCGGCAACTGCCGATATGGTCAGATGGTTTTTGCAGCAAATCTCATAACAAAATGTTTCTACATACTGTCTAGCGCAATGGTTTCCCGGTGC
2,2,0,ATGCAAAAAAAGCCAGGAACGTATTTACTGGGTTAAATATAGTCATCCTGCTTTTCGTCACAAAGACCGCAGATAATCTTTCCTTTCCCCGGCAACTGCCGATATGGTCAGATGGTTTTTGCAGCAAATCTCATAACAAAATGTTTCTACATACTGTCTATCTTCTTGAGTTTCGTGGCT
3,3,0,ATGCAAAAAAAGCCAGGAACGTATTTACTGGGTTAAATATAGTCATCCTGCTTTTCGTCACAAAGACCGCAGATAATCTTTCCTTTCCCCGGCAACTGCCGATATGGTCAGATGGTTTTTGCAGCAAATCTCATAACAAAATGTTTCTACATACTGTCTATTCTATTTGCCGCCTGACCA
7,7,0,ATGCAAAAAAAGCCAGGAACGTATTTACTGGGTTAAATATAGTCATCCTGCTTTTCGTCACAAAGACCGCAGATAATCTTTCCTTTCCCCGGCAACTGCCGATATGGTCAGATGGTTTTTGCAGCAAATCTCATAACAAAATGTTTCTACATACTGTCTATTTATGGGGTCAAGTGGAGT
10,5,5,ATGCAAAAAAAGGCAGGAACGTATGTACTGGGTTAACTATAATCATCCTGCTTTTCATCACAAAAACCGCAGATTCTCCTTCCTTACCCCGGCAGCTGGCGTTATGGTCAGATGGTTTTTGCAACAAATCTCAAAATAAAAAACTTGAACATACTGGCTACCTCTTCTGAGCGTCCTATA
21,3,18,ATGCAAAAAAAGGCAGGAACGTATGTACTGGGTTAACTATAATCATCCTGCTTTTCATCACAAAAACCGCAGATTCTCCTTCCTTACCCCGGCAGCTGGCGTTATGGTCAGATGGTTTTTGCAACAAATCTCAAAATAAAAAACTTGAACATACTGGCTACGAAGCTCACACTGACGCGA
5,2,3,ATGCAAAAAAAGGCAGGAACGTATGTACTGGGTTAACTATAATCATCCTGCTTTTCATCACAAAAACCGCAGATTCTCCTTCCTTACCCCGGCAGCTGGCGTTATGGTCAGATGGTTTTTGCAACAAATCTCAAAATAAAAAACTTGAACATACTGGCTACTTTTTTAGTCCCCACCTGG
10,0,10,ATGCAAAAAAAGGCAGGAACGTATGTACTGGGTTAACTATAATCATCCTGCTTTTCATCACAAAAACCGCAGATTCTCCTTCCTTACCCCGGCAGCTGGCGTTATGGTCAGATGGTTTTTGCAACAAATCTCAAAATAAAAAACTTGAACATACTGGCTATTCGAAAGCACAGGCACAGA
1,1,0,ATGCAAAAAAAGTCAGGAACGTAGTTACTCGATTTAGCATAATGGTCCTGCTTTTCATCACAAGAACCGCAGATAATCCCTCCTTTCCCCGGCAGCGGGAGTTATGGTCAGATGGTTTTTGCAACAAATCCTACAATAAAAAATTTTAACATCCTGACTACTATAGGCTTTAAGGTTAAG
8,8,0,ATGCAAAAAAAGTCAGGAACGTAGTTACTCGATTTAGCATAATGGTCCTGCTTTTCATCACAAGAACCGCAGATAATCCCTCCTTTCCCCGGCAGCGGGAGTTATGGTCAGATGGTTTTTGCAACAAATCCTACAATAAAAAATTTTAACATCCTGACTACTTTTTAGTACCGAATGCTT
3,3,0,ATGCAAAAAAAGTCAGGAACGTAGTTACTCGATTTAGCATAATGGTCCTGCTTTTCATCACAAGAACCGCAGATAATCCCTCCTTTCCCCGGCAGCGGGAGTTATGGTCAGATGGTTTTTGCAACAAATCCTACAATAAAAAATTTTAACATCCTGACTATACTAGTACATCCGTTACAC
2,2,0,ATGCAAAAAAAGTCAGGAACGTAGTTACTCGATTTAGCATAATGGTCCTGCTTTTCATCACAAGAACCGCAGATAATCCCTCCTTTCCCCGGCAGCGGGAGTTATGGTCAGATGGTTTTTGCAACAAATCCTACAATAAAAAATTTTAACATCCTGACTATTATTTGTGTGGGTAAATAC
15,2,13,ATGCAAAAAAATACAGGAACGTATTTTCTGGGTTAGATATATTCATCCTGCTTTTCATCACAAAAACCGCAGATAATTCTTCCTTTCCCCGGCAGCTGGCGTTATGGTCCGATGGGTTTTGCAACAAATCTCACAATAAAGAGTTTCAACATACTGACCAACGTCAACCATTTCTCGCGA
4,3,1,ATGCAAAAAAATACAGGAACGTATTTTCTGGGTTAGATATATTCATCCTGCTTTTCATCACAAAAACCGCAGATAATTCTTCCTTTCCCCGGCAGCTGGCGTTATGGTCCGATGGGTTTTGCAACAAATCTCACAATAAAGAGTTTCAACATACTGACCAAGTTTCAATTGACGCACATC
21,1,20,ATGCAAAAAAATACAGGAACGTATTTTCTGGGTTAGATATATTCATCCTGCTTTTCATCACAAAAACCGCAGATAATTCTTCCTTTCCCCGGCAGCTGGCGTTATGGTCCGATGGGTTTTGCAACAAATCTCACAATAAAGAGTTTCAACATACTGACCACAGTCCTGCTTCACGTTTTT
21,1,20,ATGCAAAAAAATACAGGAACGTATTTTCTGGGTTAGATATATTCATCCTGCTTTTCATCACAAAAACCGCAGATAATTCTTCCTTTCCCCGGCAGCTGGCGTTATGGTCCGATGGGTTTTGCAACAAATCTCACAATAAAGAGTTTCAACATACTGACCAGCTGAGGGACTATTAGAATT
11,4,7,ATGCAAAAAAATACAGGAACGTATTTTCTGGGTTAGATATATTCATCCTGCTTTTCATCACAAAAACCGCAGATAATTCTTCCTTTCCCCGGCAGCTGGCGTTATGGTCCGATGGGTTTTGCAACAAATCTCACAATAAAGAGTTTCAACATACTGACCATGTTAGCGTGGCAATTTCCT
1,1,0,ATGCAAAAAACGACCGGAACGTATTTACTGTGTGACTTATAATCATCCTGCTTTTCATCTCAACAACAGCACATAATCCTTCCTGTCCCCGGCAGCGGACGTTATGGTCAGATGGTTGTTGCTACAAATCTCGTAATAAAAAGTTTCAACATACAGACTAGAAAGCGTCCCAATGGAGTC
18,13,5,ATGCAAAAATAGACAGGACCGTATTTACTGGCTTAAGTATAATCATCCTACTTTTCATCACAAAAACCGCACATAATCTTTCCTATCCCCGGCAGCTGGCGTTATGGTCACATGGTTTTTGCAACAAATCCCACATTCAAAAGGTTCAACATACTGACTAACATAGAATGGTTAAATCCG
1,1,0,ATGCAAAATAAGACAGGGACATATTTACTGGGTTAAATATGATCGTCCTGCTTTTCATCACAAAAACCGAAGATAATCCTTTCTTCCCCCGGCAGCTGGCGTTAGGGTCAGATGGGCTTTGCAACAAATCTCACAATAAAAAGTTACAACATGCTGACTAACCCCCACTATTAACCAACT
17,9,8,ATGCAAAATAAGACAGGGACATATTTACTGGGTTAAATATGATCGTCCTGCTTTTCATCACAAAAACCGAAGATAATCCTTTCTTCCCCCGGCAGCTGGCGTTAGGGTCAGATGGGCTTTGCAACAAATCTCACAATAAAAAGTTACAACATGCTGACTAATGAGATATGGCACCAACAG
1,1,0,ATGCAAAATAAGACAGGGACATATTTACTGGGTTAAATATGATCGTCCTGCTTTTCATCACAAAAACCGAAGATAATCCTTTCTTCCCCCGGCAGCTGGCGTTAGGGTCAGATGGGCTTTGCAACAAATCTCACAATAAAAAGTTACAACATGCTGACTACACGTCGGATGGGCTGGACG
4,3,1,ATGCAAAATAAGACAGGGACATATTTACTGGGTTAAATATGATCGTCCTGCTTTTCATCACAAAAACCGAAGATAATCCTTTCTTCCCCCGGCAGCTGGCGTTAGGGTCAGATGGGCTTTGCAACAAATCTCACAATAAAAAGTTACAACATGCTGACTAGTCTTTTGGGTTAGAACGCC
3,3,0,ATGCAAATAAACCCAGGAACGTAGTTGTTGAGTTAAGTATAATAATCCAGCTTTTCATCACAAATACCGCTTTTAATCCTGCCTTTCCTCGGCACGTGGCGTAGTGGTCATGTGGTTTTAGCAACAAATCTCACATTAAAAAGTTGCAGCATACTGACTAATAAACGTTTCGACTGGCTG
1,1,0,ATGCAAATAAACCCAGGAACGTAGTTGTTGAGTTAAGTATAATAATCCAGCTTTTCATCACAAATACCGCTTTTAATCCTGCCTTTCCTCGGCACGTGGCGTAGTGGTCATGTGGTTTTAGCAACAAATCTCACATTAAAAAGTTGCAGCATACTGACTACGTGGAAATCCGATTATCAA
6,6,0,ATGCAAATAAACCCAGGAACGTAGTTGTTGAGTTAAGTATAATAATCCAGCTTTTCATCACAAATACCGCTTTTAATCCTGCCTTTCCTCGGCACGTGGCGTAGTGGTCATGTGGTTTTAGCAACAAATCTCACATTAAAAAGTTGCAGCATACTGACTACTCAATTAATAGAATTCGGA
4,3,1,ATGCAAATAAACCCAGGAACGTAGTTGTTGAGTTAAGTATAATAATCCAGCTTTTCATCACAAATACCGCTTTTAATCCTGCCTTTCCTCGGCACGTGGCGTAGTGGTCATGTGGTTTTAGCAACAAATCTCACATTAAAAAGTTGCAGCATACTGACTACTGAATGATCCGAAAATAAT
11,10,1,ATGCAAATAAACCCAGGAACGTAGTTGTTGAGTTAAGTATAATAATCCAGCTTTTCATCACAAATACCGCTTTTAATCCTGCCTTTCCTCGGCACGTGGCGTAGTGGTCATGTGGTTTTAGCAACAAATCTCACATTAAAAAGTTGCAGCATACTGACTAGAATACTATACGTTCAACCA
7,7,0,ATGCAAATAAACCCAGGAACGTAGTTGTTGAGTTAAGTATAATAATCCAGCTTTTCATCACAAATACCGCTTTTAATCCTGCCTTTCCTCGGCACGTGGCGTAGTGGTCATGTGGTTTTAGCAACAAATCTCACATTAAAAAGTTGCAGCATACTGACTATATAGTTATCTTCAGATAGT
1,1,0,ATGCAAATAAACCCAGGAACGTAGTTGTTGAGTTAAGTATAATAATCCAGCTTTTCATCACAAATACCGCTTTTAATCCTGCCTTTCCTCGGCACGTGGCGTAGTGGTCATGTGGTTTTAGCAACAAATCTCACATTAAAAAGTTGCAGCATACTGACTATTGGTGAGTCTAAAATCGGT
7,7,0,ATGCAAATAAACCCAGGAACGTAGTTGTTGAGTTAAGTATAATAATCCAGCTTTTCATCACAAATACCGCTTTTAATCCTGCCTTTCCTCGGCACGTGGCGTAGTGGTCATGTGTTTTTAGCAACAAATCTCACATTAAAAAGTTGCAGCATACTGACTACGTTATATTCAATTCGCCCA
2,2,0,ATGCAACAAAAGACAGGAACGTATGTACTGTGTTAAATATAAGCATACTGCTTTTCATCACAAAAACCCCAGATAATCCGTCCTTTCCCCGGCAGCTGGCCGTATGCTCAGATGTCTTTTGTAACAAAACTATCAATAAAAAGTTTCATCATTCTGACAACCGAGGAGCCTTGTGGCGTA
4,4,0,ATGCAACAAAAGACAGGAACGTATGTACTGTGTTAAATATAAGCATACTGCTTTTCATCACAAAAACCCCAGATAATCCGTCCTTTCCCCGGTAGCTGGCCGTATGCTCAGATGTCTTTTGTAACAAAACTATCAATAAAAAGTTTCATCATTCTGACAATGCAAGTAGCCTCTCATAAA
11,1,10,ATGCAACAATAGTTAGGATCGTATTAACCGGGTTAAAAATTATCATCTCGCTTTTCATCACAAAAAGCGCAGATAATCCTTCCTTTCCCCGGCAGCTGGCGTTATGATCAGCTGGTTGTTGCAATAAATCTCCCAATAAAAAGTTTCAACATACTGACTAACCTCATTATGTTACGCGCA
8,0,8,ATGCAACAATAGTTAGGATCGTATTAACCGGGTTAAAAATTATCATCTCGCTTTTCATCACAAAAAGCGCAGATAATCCTTCCTTTCCCCGGCAGCTGGCGTTATGATCAGCTGGTTGTTGCAATAAATCTCCCAATAAAAAGTTTCAACATACTGACTAAGGCCATTGGCAGATCCTGG
58,1,57,ATGCAACAATAGTTAGGATCGTATTAACCGGGTTAAAAATTATCATCTCGCTTTTCATCACAAAAAGCGCAGATAATCCTTCCTTTCCCCGGCAGCTGGCGTTATGATCAGCTGGTTGTTGCAATAAATCTCCCAATAAAAAGTTTCAACATACTGACTACGACTATGAAGAGAAGATTA
27,2,25,ATGCAACAATAGTTAGGATCGTATTAACCGGGTTAAAAATTATCATCTCGCTTTTCATCACAAAAAGCGCAGATAATCCTTCCTTTCCCCGGCAGCTGGCGTTATGATCAGCTGGTTGTTGCAATAAATCTCCCAATAAAAAGTTTCAACATACTGACTAGCCTGACACGAGGTATGGTA
54,2,52,ATGCAACAATAGTTAGGATCGTATTAACCGGGTTAAAAATTATCATCTCGCTTTTCATCACAAAAAGCGCAGATAATCCTTCCTTTCCCCGGCAGCTGGCGTTATGATCAGCTGGTTGTTGCAATAAATCTCCCAATAAAAAGTTTCAACATACTGACTATCATCTGGGGTATCCGAGAA
4,1,3,ATGCAACAATAGTTAGGATCGTATTAACCGGGTTAAAAATTATCATCTCGCTTTTCATCACAAAAAGCGCAGATAATCCTTCCTTTCCCCGGCAGCTGGCGTTATGATCAGCTGGTTGTTGCAATAAATCTCCCAATAAAAAGTTTCAACATACTGACTATCTTCATGCCCAGAGAAAGT
14,1,13,ATGCAACAATAGTTAGGATCGTATTAACCGGGTTAAAAATTATCATCTCGCTTTTCATCACAAAAAGCGCAGATAATCCTTCCTTTCCCCGGCAGCTGGCGTTATGATCAGCTGGTTGTTGCAATAAATCTCCCAATAAAAAGTTTCAACATACTGACTATGATCATGGTTGCCGTGCTA
25,0,25,ATGCAACAATAGTTAGGATCGTATTAACCGGGTTAAAAATTATCATCTCGCTTTTCATCACAAAAAGCGCAGATAATCCTTCCTTTCCCCGGCAGCTGGCGTTATGATCAGCTGGTTGTTGCAATAAATCTCCCAATAAAAAGTTTCAACATACTGACTATTAATGCGATTGAGTTGAGC
42,2,40,ATGCAACAATAGTTAGGATCGTATTAACCGGGTTAAAAATTATCATCTCGCTTTTCATCACAAAAAGCGCAGATAATCCTTCCTTTCCCCGGCAGCTGGCGTTATGATCAGCTGGTTGTTGCAATAAATCTCCCAATAAAAAGTTTCAACATACTGACTATTGCTCGAATGGCTAACAAT
3,3,0,ATGCAATAAAAGACAGGCACGTATTCACTGGGTTAAAAATAATCATTGAGCTATTCATTACAAAAACCGCAGAAAATCCTTCCTTACCACGGCAGCCGGCGTTATGGTCAGATGGTTTTTGCAACAAATCTCACACTAAAAAGTTTCAATATACTGACTAGGTTTACCATTACAACCTAA
5,5,0,ATGCAATAAAAGCCAGGAACGTATATACTGGGTTACATATAATCATCCTTCGTTTCTTCACAACACCCCCAGATCATCAATGCTTTTCCCGGCAGCAGGCGTTATGGTTTGATAGTTTTGGTACCAAATCTCACATTAAAAAGTTTCAACATACTGACCACCCAGTATCCAAGGGGTAGC
91,3,88,ATGCAGAACAAGACAGGAGCGTATTTACTGGGTTAAATTTAATCATCCTGCTCTTGATCACAGAAACCGCAGATAATCCTTCCTTTCCCCGGCAACTGGCTTTATGATCTGAAGGCTTTTGCAACACATATGACAATAAAAAGTTTCAACATACTGACTAAACAGCGCTCGCGTTTTACA
29,0,29,ATGCAGAACAAGACAGGAGCGTATTTACTGGGTTAAATTTAATCATCCTGCTCTTGATCACAGAAACCGCAGATAATCCTTCCTTTCCCCGGCAACTGGCTTTATGATCTGAAGGCTTTTGCAACACATATGACAATAAAAAGTTTCAACATACTGACTAAAGTTGGGTGGTTTATATGG
65,3,62,ATGCAGAACAAGACAGGAGCGTATTTACTGGGTTAAATTTAATCATCCTGCTCTTGATCACAGAAACCGCAGATAATCCTTCCTTTCCCCGGCAACTGGCTTTATGATCTGAAGGCTTTTGCAACACATATGACAATAAAAAGTTTCAACATACTGACTAATCCTGTGTTCTATTTTTGG
136,3,133,ATGCAGAACAAGACAGGAGCGTATTTACTGGGTTAAATTTAATCATCCTGCTCTTGATCACAGAAACCGCAGATAATCCTTCCTTTCCCCGGCAACTGGCTTTATGATCTGAAGGCTTTTGCAACACATATGACAATAAAAAGTTTCAACATACTGACTAATGTTTACGTAGTCTTAAAC
127,6,121,ATGCAGAACAAGACAGGAGCGTATTTACTGGGTTAAATTTAATCATCCTGCTCTTGATCACAGAAACCGCAGATAATCCTTCCTTTCCCCGGCAACTGGCTTTATGATCTGAAGGCTTTTGCAACACATATGACAATAAAAAGTTTCAACATACTGACTAATTGTTTTCTGTACGAGACC
114,3,111,ATGCAGAACAAGACAGGAGCGTATTTACTGGGTTAAATTTAATCATCCTGCTCTTGATCACAGAAACCGCAGATAATCCTTCCTTTCCCCGGCAACTGGCTTTATGATCTGAAGGCTTTTGCAACACATATGACAATAAAAAGTTTCAACATACTGACTACGGCTTTAGCCGAGCTCGCA
67,2,65,ATGCAGAACAAGACAGGAGCGTATTTACTGGGTTAAATTTAATCATCCTGCTCTTGATCACAGAAACCGCAGATAATCCTTCCTTTCCCCGGCAACTGGCTTTATGATCTGAAGGCTTTTGCAACACATATGACAATAAAAAGTTTCAACATACTGACTATAATGCCGGACAGAGGCTAA
55,2,53,ATGCAGAACAAGACAGGAGCGTATTTACTGGGTTAAATTTAATCATCCTGCTCTTGATCACAGAAACCGCAGATAATCCTTCCTTTCCCCGGCAACTGGCTTTATGATCTGAAGGCTTTTGCAACACATATGACAATAAAAAGTTTCAACATACTGACTATCTAGCTTTCTACCTGAAGC
1,1,0,ATGCAGAGAACGATAGGAACGTATTTACGTTGTTAAATATAATCATCCTGCTTTTCATCACAAAGACCGCAGATAACCCTTCCTTTCCCCGGCGGCTGGCGTTAGGGAAATATGGTTTTTGCAACAGACCTCACACTAAATAGTATCAACATATTGACGACCTTGTATGTAAAGGACAGT
7,6,1,ATGCAGAGAACGATAGGAACGTATTTACGTTGTTAAATATAATCATCCTGCTTTTCATCACAAAGACCGCAGATAACCCTTCCTTTCCCCGGCGGCTGGCGTTAGGGAAATATGGTTTTTGCAACAGACCTCACACTAAATAGTATCAACATATTGACGACTATTGAGCCATTCATAATA
1,1,0,ATGCAGAGAACGATAGGAACGTATTTACGTTGTTAAATATAATCATCCTGCTTTTCATCACAAAGACCGCAGATAACCCTTCCTTTCCCCGGCGGCTGGCGTTAGGGAAATATGGTTTTTGCAACAGACCTCACACTAAATAGTATCAACATATTGACGATGTGATTATCAAGTTGATCA
4,4,0,ATGCCAAAAAAGACAGGAACGTCGATACTGGGTTTAATATGATCATCATGCTTTTCATCACCAAAACCACAGATAATCGTTCCTTTCCCCGGCACCTGGCGTTATGGTCAGATTGTTTTTGCAACCAATCTCACCATAAAAAGTTTCAACATACTGACTATTAGCGCTACATCTAGGCTC
12,12,0,ATGCCAAAAAAGACAGGAACGTCGATACTGGGTTTAATATGATCATCATGCTTTTCATCACCAAAACCGCAGATAATCGTTCCTTTCCCCGGCACCTGGCGTTATGGTCAGATTGTTTTTGCAACAAATCTCACCATAAAAAGTTTCAACATACTGACTAGGTGTGATACCGTCGTGCTA
19,19,0,ATGCCAAAAAAGACAGGAACGTCGATACTGGGTTTAATATGATCATCATTCTTTTCATCACCAAAACCGCAGATAATCGTTCCTTTCCCCGGCACCTGGCGTTATGGTCAGATTGTTTTTGCAACAAATCTCACCATAAAAAGTTTCAACATACTGACTATGCACATGTTTTCCTCAGAT
3,3,0,ATGGAAAATAAGACTGAAACGTATTTTCTGGGTTAAATATAGTCATCCTGCTTTTCATCACAAAAACCGCAAATAATCCTTCGTTGCACTGGCAGCTAGCGTTATGGTCAGATGGTTTTTGCAACAAACCTCACACTAAAAAGTTTCAACATACTGACTACATTTAGCTGCGCTGCCTGC
8,8,0,ATGGAAAATAAGACTGAAACGTATTTTCTGGGTTAAATATAGTCATCCTGCTTTTCATCACAAAAACCGCAAATAATCCTTCGTTGCACTGGCAGCTGGCGTTATGGTCAGATGGTTTTTGCAACAAACCTCACACTAAAAAGTTTCAACATACTGACTACGAGCGGAGTATTTCTTGTT
20,17,3,ATGGAAAATAAGACTGAAACGTATTTTCTGGGTTAAATATAGTCATCCTGCTTTTCATCACAAAAACCGCAAATAATCCTTCGTTGCACTGGCAGCTGGCGTTATGGTCAGATGGTTTTTGCAACAAACCTCACACTAAAAAGTTTCAACATACTGACTATATGACAACATTGTAGTCCG
1,1,0,ATGTAAAAAAGTACAGGACCGTATTTACTGGGTTAAATATAATCATCCTGCTTTTCATCACAAGATGCGGAGACAGTCCTTCCTTGCCCCGTCAGCTGGCGTTATGGTCAGATCGTTTTTGCAACCCATCTCACCACAATAACTTTCAACATACTGACTAACGCTGAGTCACGAATATTG
3,2,1,ATGTAAAAAAGTACAGGACCGTATTTACTGGGTTAAATATAATCATCCTGCTTTTCATCACAAGATGCGGAGACAGTCCTTCCTTGCCCCGTCAGCTGGCGTTATGGTCAGATCGTTTTTGCAACCCATCTCACCACAATAACTTTCAACATACTGACTAAGAATTCGAAGAAACGGGCT
2,2,0,ATGTAAAAAAGTACAGGACCGTATTTACTGGGTTAAATATAATCATCCTGCTTTTCATCACAAGATGCGGAGACAGTCCTTCCTTGCCCCGTCAGCTGGCGTTATGGTCAGATCGTTTTTGCAACCCATCTCACCACAATAACTTTCAACATACTGACTAAGTCCTTGCACGTGGTTATA
5,5,0,ATGTAAAAAAGTACAGGACCGTATTTACTGGGTTAAATATAATCATCCTGCTTTTCATCACAAGATGCGGAGACAGTCCTTCCTTGCCCCGTCAGCTGGCGTTATGGTCAGATCGTTTTTGCAACCCATCTCACCACAATAACTTTCAACATACTGACTAATAAGTAGCTTGGTTACACA
2,2,0,ATGTAAAAAAGTACAGGACCGTATTTACTGGGTTAAATATAATCATCCTGCTTTTCATCACAAGATGCGGAGACAGTCCTTCCTTGCCCCGTCAGCTGGCGTTATGGTCAGATCGTTTTTGCAACCCATCTCACCACAATAACTTTCAACATACTGACTAATTATAGGGCAGGCCAGGTG
3,3,0,ATGTAAAAAAGTACAGGACCGTATTTACTGGGTTAAATATAATCATCCTGCTTTTCATCACAAGATGCGGAGACAGTCCTTCCTTGCCCCGTCAGCTGGCGTTATGGTCAGATCGTTTTTGCAACCCATCTCACCACAATAACTTTCAACATACTGACTACATATTAGGATTGATTTACG
5,5,0,ATGTAAAAAAGTACAGGACCGTATTTACTGGGTTAAATATAATCATCCTGCTTTTCATCACAAGATGCGGAGACAGTCCTTCCTTGCCCCGTCAGCTGGCGTTATGGTCAGATCGTTTTTGCAACCCATCTCACCACAATAACTTTCAACATACTGACTACCCTATGTTTGCAGGCATTG
10,10,0,ATGTAAAAAAGTACAGGACCGTATTTACTGGGTTAAATATAATCATCCTGCTTTTCATCACAAGATGCGGAGACAGTCCTTCCTTGCCCCGTCAGCTGGCGTTATGGTCAGATCGTTTTTGCAACCCATCTCACCACAATAACTTTCAACATACTGACTACGAATACTAAACTGACATAC
3,3,0,ATGTAAAAAAGTACAGGACCGTATTTACTGGGTTAAATATAATCATCCTGCTTTTCATCACAAGATGCGGAGACAGTCCTTCCTTGCCCCGTCAGCTGGCGTTATGGTCAGATCGTTTTTGCAACCCATCTCACCACAATAACTTTCAACATACTGACTACTCACTTGAAGGGTATTACT
7,7,0,ATGTAAAAAAGTACAGGACCGTATTTACTGGGTTAAATATAATCATCCTGCTTTTCATCACAAGATGCGGAGACAGTCCTTCCTTGCCCCGTCAGCTGGCGTTATGGTCAGATCGTTTTTGCAACCCATCTCACCACAATAACTTTCAACATACTGACTAGATGTACGGGTCACACTCTA
3,3,0,ATGTAAAAAAGTACAGGACCGTATTTACTGGGTTAAATATAATCATCCTGCTTTTCATCACAAGATGCGGAGACAGTCCTTCCTTGCCCCGTCAGCTGGCGTTATGGTCAGATCGTTTTTGCAACCCATCTCACCACAATAACTTTCAACATACTGACTAGGTTACGCTCCGCAGCTTCC
1,1,0,ATGTAAAAAAGTACAGGACCGTATTTACTGGGTTAAATATAATCATCCTGCTTTTCATCACAAGATGCGGAGACAGTCCTTCCTTGCCCCGTCAGCTGGCGTTATGGTCAGATCGTTTTTGCAACCCATCTCACCACAATAACTTTCAACATACTGACTAGTAGTCGCTCCGTACGACGG
10,8,2,ATGTAAAAAAGTACAGGACCGTATTTACTGGGTTAAATATAATCATCCTGCTTTTCATCACAAGATGCGGAGACAGTCCTTCCTTGCCCCGTCAGCTGGCGTTATGGTCAGATCGTTTTTGCAACCCATCTCACCACAATAACTTTCAACATACTGACTATACAACGACAGTAGAACGAG
1,1,0,ATGTAAAAAAGTACAGGACCGTATTTACTGGGTTAAATATAATCATCCTGCTTTTCATCACAAGATGCGGAGACAGTCCTTCCTTGCCCCGTCAGCTGGCGTTATGGTCAGATCGTTTTTGCAACCCATCTCACCACAATAACTTTCAACATACTGACTATAGATAGTTATTGTTTGTAG
2,2,0,ATGTAAAAAAGTACAGGACCGTATTTACTGGGTTAAATATAATCATCCTGCTTTTCATCACAAGATGCGGAGACAGTCCTTCCTTGCCCCGTCAGCTGGCGTTATGGTCAGATCGTTTTTGCAACCCATCTCACCACAATAACTTTCAACATACTGACTATAGCATCATGTGTCATTTAC
2,2,0,ATGTAAAAAAGTACAGGACCGTATTTACTGGGTTAAATATAATCATCCTGCTTTTCATCACAAGATGCGGAGACAGTCCTTCCTTGCCCCGTCAGCTGGCGTTATGGTCAGATCGTTTTTGCAACCCATCTCACCACAATAACTTTCAACATACTGACTATCCAAAAAATTTAGTACACC
9,9,0,ATGTAAAAAAGTACAGGACCGTATTTACTGGGTTAAATATAATCATCCTGCTTTTCATCACAAGATGCGGAGACAGTCCTTCCTTGCCCCGTCAGCTGGCGTTATGGTCAGATCGTTTTTGCAACCCATCTCACCACAATAACTTTCAACATACTGACTATCTGCGAACATTTCTCTCGG
8,7,1,ATGTAAAACAAGAGAGGAGCGTATTTTCTGGGTTAAATACAATCATTCTGATTTTCATAACAACAACCGCAGATATTCCTTCCTTTCACCGGCAGCTGGCGTTACGGTCAGATGGTTTTTGCAACACATCTCACAATAAAAAGTTTCAACACACTGACTAAACGTCATAATTCTGGCCGC
1,1,0,ATGTAAAACAAGAGAGGAGCGTATTTTCTGGGTTAAATACAATCATTCTGATTTTCATAACAACAACCGCAGATATTCCTTCCTTTCACCGGCAGCTGGCGTTACGGTCAGATGGTTTTTGCAACACATCTCACAATAAAAAGTTTCAACACACTGACTACACGCTTGCGCATGTTGGAC
9,9,0,ATGTAAAACAAGAGAGGAGCGTATTTTCTGGGTTAAATACAATCATTCTGATTTTCATAACAACAACCGCAGATATTCCTTCCTTTCACCGGCAGCTGGCGTTACGGTCAGATGGTTTTTGCAACACATCTCACAATAAAAAGTTTCAACACACTGACTACTTGCTGCCTTAGCTGCATC
1,1,0,ATGTAAAACAAGAGAGGAGCGTATTTTCTGGGTTAAATACAATCATTCTGATTTTCATAACAACAACCGCAGATATTCCTTCCTTTCACCGGCAGCTGGCGTTACGGTCAGATGGTTTTTGCAACACATCTCACAATAAAAAGTTTCAACACACTGACTAGCGCTTAGGAGCCAAGGTAA
2,2,0,ATGTAAAACAAGAGAGGAGCGTATTTTCTGGGTTAAATACAATCATTCTGATTTTCATAACAACAACCGCAGATATTCCTTCCTTTCACCGGCAGCTGGCGTTACGGTCAGATGGTTTTTGCAACACATCTCACAATAAAAAGTTTCAACACACTGACTAGGACCATTTCCGTTATCCAG
1,1,0,ATGTAAAACAAGAGAGGAGCGTATTTTCTGGTTTAAATACAATCATTCTGATTTTCATAACAACAACCGCAGATATTCCTTCCTTTCACCGGCAGCTGGCGTTACGGTCAGATGGTTTTTGCAACACATCTCACAATAAAAAGTTTCAACACACTGACTATATGGTCACAGGTGCGCTCT
5,5,0,ATGTAAAACAAGAGAGGAGCGTATTTTCTGTGTTAAATACAATCATTCTGATTTTCATAACAACAACCGCAGATATTCCTTCCTTTCACCGGCAGCTGGCGTTACGGTCAGATGGTTTTTGCAACACATCTCACAATAAAAAGTTTCAACACACTGACTAGCGAGTGCTCGTTACCTCCT
3,3,0,ATTAAAAAAAATACAGAACCTTATTTACTGGGTCAAATGTAATCACCCTGCTCTTCTAGCCTAAAACCGCAGATAATCCTTCCTTTCCCCGGAAGCAGGTGCAATGGTCAGATGCTTTTTGCAACAGATCTCACAATAATACGTTTCAACATACTAACTACTACAAAAATCGTGTTTGCT
5,5,0,ATTAAAAAAAATACAGAACCTTATTTACTGGGTCAAATGTAATCACCCTGCTCTTCTAGCCTAAAACCGCAGATAATCCTTCCTTTCCCCGGAAGCAGGTGCAATGGTCAGATGCTTTTTGCAACAGATCTCACAATAATACGTTTCAACATACTAACTATACTAGGTACGGTATCAACT
21,2,19,ATTCAAAAAAACACAGGAACGTACTTACTGGGTTAAATATAATCATCCTGCTTTTCATCACAAAAACCGCAAATAATCCTTCCTTTCCCCGGCCGCTGGCGTTACGGTCATATGGTTTTTGCAACAAATCTCAGAATAAAAAGTTTCAACTTACTGACTAAGTCTGTCTTAGAAGTTGAA
45,13,32,ATTCAAAAAAACACAGGAACGTACTTACTGGGTTAAATATAATCATCCTGCTTTTCATCACAAAAACCGCAAATAATCCTTCCTTTCCCCGGCCGCTGGCGTTACGGTCATATGGTTTTTGCAACAAATCTCAGAATAAAAAGTTTCAACTTACTGACTACTCCAAAGGAATTAGGCTTA
23,2,21,ATTCAAAAAAAGACAGGAACGTAATTACACGGTTAAATATAAGCAACCTACTTTTCAGCACAAAAACCACGGATAATCCTTCCTTTCCCCGGCAGGTGGCGTTATGATGAGATGGTTTTTGCAAGTGAACTCGCAATAAAATGTTTCAACTTACTAACTAATTATTCGGCAATCAGGTTG
5,1,4,ATTCAAAAAAAGACAGGAACGTAATTACACGGTTAAATATAAGCAACCTACTTTTCAGCACAAAAACCACGGATAATCCTTCCTTTCCCCGGCAGGTGGCGTTATGATGAGATGGTTTTTGCAAGTGAACTCGCAATAAAATGTTTCAACTTACTAACTATATAATTCCTGATTAAACTC
18,13,5,ATTCAAAAAAAGACAGGAACGTATTTACTAGGTTGAGTATAATCATCCTGCTTTTCATCACAAAAGCCGCAGATAATCCTTCCTTTCCCCGGTAGCTGTCGCTATGTTCAGATGGTTTTTGAAATAAATCTCACATTAAAAAGTTTCAACATAGTGACTATAAGCTCAAATTTACACGCA
25,6,19,ATTCAAAAAAAGACAGGAACGTATTTACTAGGTTGAGTATAATCATCCTGCTTTTCATCACAAAAGCCGCAGATAATCCTTCCTTTCCCCGGTAGCTGTCGCTATGTTCAGATGGTTTTTGAAATAAATCTCACATTAAAAAGTTTCAACATAGTGACTATTTGTTATCCATTGTGTCGG
16,8,8,ATTCAAAAAAAGACAGGAACGTATTTACTGGGCTAAATATAATCATCCTGATTTTCAACACAGAAAACGCAAATAATCCTTCCTTTCGCCGCCAGCTGGCGTTATGGTCAGAGCGTTTTTGCGACAAATCTGACAATTAAAAGTTTCAAGATACTGACTAACCCTAATAGTGATTAACCA
6,6,0,ATTCAAAAAAAGACAGGAACGTATTTACTGGGCTAAATATAATCATCCTGATTTTCAACACAGAAAACGCAAATAATCCTTCCTTTCGCCGCCAGCTGGCGTTATGGTCAGAGCGTTTTTGCGACAAATCTGACAATTAAAAGTTTCAAGATACTGACTAACCGCTTACCCAATATGAAC
7,7,0,ATTCAAAAAAAGACAGGAACGTATTTACTGGGCTAAATATAATCATCCTGATTTTCAACACAGAAAACGCAAATAATCCTTCCTTTCGCCGCCAGCTGGCGTTATGGTCAGAGCGTTTTTGCGACAAATCTGACAATTAAAAGTTTCAAGATACTGACTACCATTAGATTAGCCTTTATG
1,1,0,ATTCAAAAAAAGACAGGAACGTATTTACTGGGTTAAGTATAGTCGGCTTGCTCCTCATCACAAAAACCGCGCATACTGCTTCCTTACCGCGGCAGCCGGCTCTATGGTCAGATGGCTTTTGCCACAAAGCTCACAGTTAGAAGTTTCCACAAACTGACTAAAGTTTAAATTTGAATGGGC
8,3,5,ATTCAAAAAAAGACAGGAACGTATTTACTGGGTTAAGTATAGTCGGCTTGCTCCTCATCACAAAAACCGCGCATACTGCTTCCTTACCGCGGCAGCCGGCTCTATGGTCAGATGGCTTTTGCCACAAAGCTCACAGTTAGAAGTTTCCACAAACTGACTAACTGGATCACATACCTGAAC
19,16,3,ATTCAAAAAAAGACAGGAACGTATTTACTGGGTTAAGTATAGTCGGCTTGCTCCTCATCACAAAAACCGCGCATACTGCTTCCTTACCGCGGCAGCCGGCTCTATGGTCAGATGGCTTTTGCCACAAAGCTCACAGTTAGAAGTTTCCACAAACTGACTAAGCCAACAAGCGTCGTAGGA
13,12,1,ATTCAAAAAAAGACAGGAACGTATTTACTGGGTTAAGTATAGTCGGCTTGCTCCTCATCACAAAAACCGCGCATACTGCTTCCTTACCGCGGCAGCCGGCTCTATGGTCAGATGGCTTTTGCCACAAAGCTCACAGTTAGAAGTTTCCACAAACTGACTACGACAAAAATCTGCTAGGAT
1,1,0,ATTCAAAAAAAGACAGGAACGTATTTACTGGGTTAAGTATAGTCGGCTTGCTCCTCATCACAAAAACCGCGCATACTGCTTCCTTACCGCGGCAGCCGGCTCTATGGTCAGATGGCTTTTGCCACAAAGCTCACAGTTAGAAGTTTCCACAAACTGACTAGAGGTCCATTGAACCTATAT
4,2,2,ATTCAAAAAAAGACAGGAACGTATTTACTGGGTTAAGTATAGTCGGCTTGCTCCTCATCACAAAAACCGCGCATACTGCTTCCTTACCGCGGCAGCCGGCTCTATGGTCAGATGGCTTTTGCCACAAAGCTCACAGTTAGAAGTTTCCACAAACTGACTAGGCACTCTATCACTCGTCTT
6,5,1,ATTCAAAAAAAGACAGGAACGTATTTACTGGGTTAAGTATAGTCGGCTTGCTCCTCATCACAAAAACCGCGCATACTGCTTCCTTACCGCGGCAGCCGGCTCTATGGTCAGATGGCTTTTGCCACAAAGCTCACAGTTAGAAGTTTCCACAAACTGACTAGTATCCAATCTGATCCTTGA
19,8,11,ATTCAAAAAAAGACAGGAACGTGTTTACCGATTTAAATATAATCATCCTTCTTTTCATCGCAAAAACCGCGGATAATCCTTCCTTTCCCGGGCAGTTGGTGTTATGGTCAGATCGTTTTTGCAACAAATCTCACAATGAAAAGTTACAACATACTGACTAAAAATTAACTTTGCGCAACG
37,9,28,ATTCAAAAAAAGACAGGAACGTGTTTACCGATTTAAATATAATCATCCTTCTTTTCATCGCAAAAACCGCGGATAATCCTTCCTTTCCCGGGCAGTTGGTGTTATGGTCAGATCGTTTTTGCAACAAATCTCACAATGAAAAGTTACAACATACTGACTAACATCCTCCGCTGAGTCTGG
4,2,2,ATTCAAAAAAAGACAGGAACGTGTTTACCGATTTAAATATAATCATCCTTCTTTTCATCGCAAAAACCGCGGATAATCCTTCCTTTCCCGGGCAGTTGGTGTTATGGTCAGATCGTTTTTGCAACAAATCTCACAATGAAAAGTTACAACATACTGACTACGACACGCACGACGACGCTA
30,1,29,ATTCAAAAAAAGACAGGAACGTGTTTACCGATTTAAATATAATCATCCTTCTTTTCATCGCAAAAACCGCGGATAATCCTTCCTTTCCCGGGCAGTTGGTGTTATGGTCAGATCGTTTTTGCAACAAATCTCACAATGAAAAGTTACAACATACTGACTAGCCGGATCTGTTCAGCGCTA
27,7,20,ATTCAAAAAAAGACAGGAACGTGTTTACCGATTTAAATATAATCATCCTTCTTTTCATCGCAAAAACCGCGGATAATCCTTCCTTTCCCGGGCAGTTGGTGTTATGGTCAGATCGTTTTTGCAACAAATCTCACAATGAAAAGTTACAACATACTGACTAGGCCCCTCTCCGGAACCCCG
11,3,8,ATTCAAAAAAAGACAGGAACGTGTTTACCGATTTAAATATAATCATCCTTCTTTTCATCGCAAAAACCGCGGATAATCCTTCCTTTCCCGGGCAGTTGGTGTTATGGTCAGATCGTTTTTGCAACAAATCTCACAATGAAAAGTTACAACATACTGACTATACGCGCAGCCGTCCACATG
11,0,11,ATTCAAAAAAAGACAGGAACGTGTTTACCGATTTAAATATAATCATCCTTCTTTTCATCGCAAAAACCGCGGATAATCCTTCCTTTCCCGGGCAGTTGGTGTTATGGTCAGATCGTTTTTGCAACAAATCTCACAATGAAAAGTTACAACATACTGACTATGAAGGACGATAGTTGGTTC
5,1,4,ATTCAAAAAAAGACAGGCACGTGTATTCTAGGTTAAATTTAATCACCCTGCTTTTCATCACAAAAACCGCATATAAGCCTTCCTTTCCCCGGCAGCTGGCGTTATGGTCAGATGGTTTTTGCAACAAATCTCACAATACAAAGTGTCAAGATACTGACTAATATTCTCAGGGCCATATAT
16,2,14,ATTCAAAAAAAGACAGGCACGTGTATTCTAGGTTAAATTTAATCACCCTGCTTTTCATCACAAAAACCGCATATAAGCCTTCCTTTCCCCGGCAGCTGGCGTTATGGTCAGATGGTTTTTGCAACAAATCTCACAATACAAAGTGTCAAGATACTGACTAATCCCCGGGGATATCAGAAC
13,3,10,ATTCAAAAAAAGACAGGCACGTGTATTCTAGGTTAAATTTAATCACCCTGCTTTTCATCACAAAAACCGCATATAAGCCTTCCTTTCCCCGGCAGCTGGCGTTATGGTCAGATGGTTTTTGCAACAAATCTCACAATACAAAGTGTCAAGATACTGACTAATCGCTCCTTACCAACTAGA
8,4,4,ATTCAAAAAAAGACAGGCACGTGTATTCTAGGTTAAATTTAATCACCCTGCTTTTCATCACAAAAACCGCATATAAGCCTTCCTTTCCCCGGCAGCTGGCGTTATGGTCAGATGGTTTTTGCAACAAATCTCACAATACAAAGTGTCAAGATACTGACTAATTCAGTTTTACAGGCAGGG
11,2,9,ATTCAAAAAAAGACAGGCACGTGTATTCTAGGTTAAATTTAATCACCCTGCTTTTCATCACAAAAACCGCATATAAGCCTTCCTTTCCCCGGCAGCTGGCGTTATGGTCAGATGGTTTTTGCAACAAATCTCACAATACAAAGTGTCAAGATACTGACTACCTTATCAATCATCCGGGAG
1,0,1,ATTCAAAAAAAGACAGGCACGTGTATTCTAGGTTAAATTTAATCACCCTGCTTTTCATCACAAAAACCGCATATAAGCCTTCCTTTCCCCGGCAGCTGGCGTTATGGTCAGATGGTTTTTGCAACAAATCTCACAATACAAAGTGTCAAGATACTGACTACTCGTTTTATGGCTAGTGTA
6,0,6,ATTCAAAAAAAGACAGGCACGTGTATTCTAGGTTAAATTTAATCACCCTGCTTTTCATCACAAAAACCGCATATAAGCCTTCCTTTCCCCGGCAGCTGGCGTTATGGTCAGATGGTTTTTGCAACAAATCTCACAATACAAAGTGTCAAGATACTGACTAGATTTTTAAACAGTTCTACC
26,3,23,ATTCAAAAAAAGACGGGAACGTGTTTACCGATTTAAATATAATCATCCTTCTTTTCATCGCAAAAACCGCGGATAATCCTTCCTTTCCCGGGCAGTTGGTGTTATGGTCAGATCGTTTTTGCAACAAATCTCACAATGAAAAGTTACAACATACTGACTAAAACTGAAGTTATATCCGAT
20,1,19,ATTCAAAAAAAGAGCGGAAGGTCCTTATTGGGTTAAATATATTCATCCTGCTTGTCATCACAAAAACCGCAGATAATCCTTCCTTTCCCCGGCAGCTGGAGTTATGGTTAGATCGTTTTTGCAACAAATCTCCCAATAAGAAGTTTCAACATACTGACTAAATCTGTGGGTAACGCAAGG
13,8,5,ATTCAAAAAAAGAGCGGAAGGTCCTTATTGGGTTAAATATATTCATCCTGCTTGTCATCACAAAAACCGCAGATAATCCTTCCTTTCCCCGGCAGCTGGAGTTATGGTTAGATCGTTTTTGCAACAAATCTCCCAATAAGAAGTTTCAACATACTGACTAAGCATCAATTAGCGGGGGGC
88,3,85,ATTCAAAAAAAGAGCGGAAGGTCCTTATTGGGTTAAATATATTCATCCTGCTTGTCATCACAAAAACCGCAGATAATCCTTCCTTTCCCCGGCAGCTGGAGTTATGGTTAGATCGTTTTTGCAACAAATCTCCCAATAAGAAGTTTCAACATACTGACTAAGGCTTCCGGTCAAGGCATG
34,9,25,ATTCAAAAAAAGAGCGGAAGGTCCTTATTGGGTTAAATATATTCATCCTGCTTGTCATCACAAAAACCGCAGATAATCCTTCCTTTCCCCGGCAGCTGGAGTTATGGTTAGATCGTTTTTGCAACAAATCTCCCAATAAGAAGTTTCAACATACTGACTACAGCGTCCCCTTTTCGCGGT
1,0,1,ATTCAAAAAAAGAGCGGAAGGTCCTTATTGGGTTAAATATATTCATCCTGCTTGTCATCACAAAAACCGCAGATAATCCTTCCTTTCCCCGGCAGCTGGAGTTATGGTTAGATCGTTTTTGCAACAAATCTCCCAATAAGAAGTTTCAACATACTGACTACCGCTTATAGGCGTGGTCAC
6,4,2,ATTCAAAAAAAGAGCGGAAGGTCCTTATTGGGTTAAATATATTCATCCTGCTTGTCATCACAAAAACCGCAGATAATCCTTCCTTTCCCCGGCAGCTGGAGTTATGGTTAGATCGTTTTTGCAACAAATCTCCCAATAAGAAGTTTCAACATACTGACTACTGTGAGCAAAGAGCACACC
31,1,30,ATTCAAAAAAAGAGCGGAAGGTCCTTATTGGGTTAAATATATTCATCCTGCTTGTCATCACAAAAACCGCAGATAATCCTTCCTTTCCCCGGCAGCTGGAGTTATGGTTAGATCGTTTTTGCAACAAATCTCCCAATAAGAAGTTTCAACATACTGACTAGCTGCCACGTGAAAATTCAT
78,5,73,ATTCAAAAAAAGAGCGGAAGGTCCTTATTGGGTTAAATATATTCATCCTGCTTGTCATCACAAAAACCGCAGATAATCCTTCCTTTCCCCGGCAGCTGGAGTTATGGTTAGATCGTTTTTGCAACAAATCTCCCAATAAGAAGTTTCAACATACTGACTAGCTGGTGCTTAACGAACGGA
33,1,32,ATTCAAAAAAAGAGCGGAAGGTCCTTATTGGGTTAAATATATTCATCCTGCTTGTCATCACAAAAACCGCAGATAATCCTTCCTTTCCCCGGCAGCTGGAGTTATGGTTAGATCGTTTTTGCAACAAATCTCCCAATAAGAAGTTTCAACATACTGACTATCACGTAGCGCAGTCGTAAA
4,3,1,ATTCAAAAAAAGAGCGGAAGGTCCTTATTGGGTTAAATATATTCATCCTGCTTGTCATCACAAAAACCGCAGATAATCCTTCCTTTCCCCGGCAGCTGGAGTTATGGTTAGATCGTTTTTGCAACAAATCTCCCAATAAGAAGTTTCAACATACTGACTATCGCTCCCCAACCACCAGCC
27,6,21,ATTCAAAAAAAGAGCGGAAGGTCCTTATTGGGTTAAATATATTCATCCTGCTTGTCATCACAAAAACCGCAGATAATCCTTCCTTTCCCCGGCAGCTGGAGTTATGGTTAGATCGTTTTTGCAACAAATCTCCCAATAAGAAGTTTCAACATACTGACTATTAGCCGACTATACGTCGGG
26,3,23,ATTCAAAAAAAGAGCGGAAGGTCCTTATTGGGTTAAATATATTCATCCTGCTTGTCATCACAAAAACCGCAGATAATCCTTCCTTTCCCCGGCAGCTGGAGTTATGGTTAGATCGTTTTTGCAACAAATCTCCCAATAAGAAGTTTCAACATACTGACTATTCCCAGGTCTCTCATCTTG
22,4,18,ATTCAAAAAAAGAGCGGAAGGTCCTTATTGGGTTAAATATATTCATCCTGCTTGTCATCACAAAAACCGCAGATAATCCTTCCTTTCCCCGGCAGCTGGAGTTATGGTTAGATCGTTTTTGCAACAAATCTCCCAATAAGAAGTTTCAACATACTGACTATTCCTAAACGGTTCACATCG
1,0,1,ATTCAAAAAAAGATAGGAACGTATTTGCGGGGTTAAAGATAATCATCCTGCTTTTCATCACAAAAACCGCAGGTAATCCTTCGTTTCCCCGGCACCTTGGGTTATGGTCAGATGGTTTTTGCAACAAATCTTACGATAAAAAGTTTCAACATACTGACTAACAAGGCGTCCTAGGCACCC
24,4,20,ATTCAAAAAAAGATAGGAACGTATTTGCGGGGTTAAAGATAATCATCCTGCTTTTCATCACAAAAACCGCAGGTAATCCTTCGTTTCCCCGGCACCTTGGGTTATGGTCAGATGGTTTTTGCAACAAATCTTACGATAAAAAGTTTCAACATACTGACTAAGAACGTGGACACTCTTAAC
4,3,1,ATTCAAAAAAAGATAGGAACGTATTTGCGGGGTTAAAGATAATCATCCTGCTTTTCATCACAAAAACCGCAGGTAATCCTTCGTTTCCCCGGCACCTTGGGTTATGGTCAGATGGTTTTTGCAACAAATCTTACGATAAAAAGTTTCAACATACTGACTACGGTACTTGACGAGCCTGAA
7,0,7,ATTCAAAAAAAGATAGGAACGTATTTGCGGGGTTAAAGATAATCATCCTGCTTTTCATCACAAAAACCGCAGGTAATCCTTCGTTTCCCCGGCACCTTGGGTTATGGTCAGATGGTTTTTGCAACAAATCTTACGATAAAAAGTTTCAACATACTGACTATGCAAGGCTAGCTACCGATG
12,5,7,ATTCAAAAAAAGGCAGGAACGTAGTTACTGGGTTAAATATAATCATCCTCCTTTTCATCACAAAAATCGCAGATAAGCCTTCCTTTCGCGGTCAGCTGGTGTTACGGTCAGATGGTTTTTGCATCAAATCTCACGAGAAAAAGTTTCAACAAACTGACTACAGGCTAAATGTGTGTCGGG
7,4,3,ATTCAAAAAAAGGCAGGAACGTAGTTACTGGGTTAAATATAATCATCCTCCTTTTCATCACAAAAATCGCAGATAAGCCTTCCTTTCGCGGTCAGCTGGTGTTACGGTCAGATGGTTTTTGCATCAAATCTCACGAGAAAAAGTTTCAACAAACTGACTAGAACTGTAGCATTATTTAAT
4,3,1,ATTCAAAAAAAGGCAGGAACGTAGTTACTGGGTTAAATATAATCATCCTCCTTTTCATCACAAAAATCGCAGATAAGCCTTCCTTTCGCGGTCAGCTGGTGTTACGGTCAGATGGTTTTTGCATCAAATCTCACGAGAAAAAGTTTCAACAAACTGACTATTCATGTCACGGTTGACCGG
21,2,19,ATTCAAAAAAAGTCAAGAACGTATTTCCTGGGTTAATTATAATCATCCTGATTTTCATCACAAAAACCGCAGATAATCCTTCCTTTCCCCGGCAGCTGGCGCTATGGTCACAAGGTATTTGCAACAAATCTCACAATATAAAGTTTCAACATACTGACTAGATTCACAGAACAGGGTCCC
9,1,8,ATTCAAAAAAAGTCAAGAACGTATTTCCTGGGTTAATTATAATCATCCTGATTTTCATCACAAAAACCGCAGATAATCCTTCCTTTCCCCGGCAGCTGGCGCTATGGTCACAAGGTATTTGCAACAAATCTCACAATATAAAGTTTCAACATACTGACTATGTGTACATTCTCATCGACC
62,10,52,ATTCAAAAAAAGTCAAGAACGTATTTCCTGGGTTAATTATAATCATCCTGATTTTCATCACAAAAACCGCAGATAATCCTTCCTTTCCCCGGCAGCTGGCGCTATGGTCACAAGGTATTTGCAACAAATCTCACAATATAAAGTTTCAACATACTGACTATGTTAGGGACTTGAAGTACC
2,2,0,ATTCAAAAAAAGTCAGGAACGTCTTTACCGGGTTCAATATAATCATCCTGCTTTTCAACACAAAAACCGCAGGACATCCTTCCTTTCCCCGGCAGCTGGCGTTATGGTCCGATGCTTGTTTCAACAAATCTCACATTAAAAAGTTTCAACATACTGACTTCAATCTGGTGTGGGGCCTCT
2,2,0,ATTCAAAAAAAGTCAGGAACGTCTTTACCGGGTTCAATATAATCATCCTGCTTTTCAACACAAAAACCGCAGGACATCCTTCCTTTCCCCGGCAGCTGGCGTTATGGTCCGATGCTTGTTTCAACAAATCTCACATTAAAAAGTTTCAACATACTGACTTGCTTTCTTGGGTGGACATAT
3,3,0,ATTCAAAAAAAGTCAGGAACGTCTTTACCGGGTTCAATATAATCATCCTGCTTTTCAACACAAAAACCGCAGGACATCCTTCCTTTCCCCGGCAGCTGGCGTTATGGTCCGATGCTTGTTTCAACAAATCTCACATTAAAAAGTTTCAACATACTGACTTTCACCTCGATTGGATCACAA
1,1,0,ATTCAAAAAAAGTCAGGAACGTCTTTACCGGGTTCAATATAATCATCCTGCTTTTCAACACAAAAACCGCAGGACATCCTTCCTTTCCCCGGCAGCTGGCGTTATGGTCCGATGCTTGTTTCAACAAATCTCACATTAAAAAGTTTCAACATACTGACTTTGTCATTGGTATGGGAAAAT
22,3,19,ATTCAAAAAACGACAGGAACGTATTGATAGGGTTAAATATAATCATCCTGCCTTTCAACACAAAAGCCGCAGATAATCCTTGCTTTCCCCGGAAGCTGGCGTTATGGTCAGATGGTTTTTGCAACAAATCTAACTATAAAAAGCTTGAACATACTGACTTACGCCAATCCTACCAGGACC
31,3,28,ATTCAAAAAACGACAGGAACGTATTGATAGGGTTAAATATAATCATCCTGCCTTTCAACACAAAAGCCGCAGATAATCCTTGCTTTCCCCGGAAGCTGGCGTTATGGTCAGATGGTTTTTGCAACAAATCTAACTATAAAAAGCTTGAACATACTGACTTCGCGAGTACACAATAGTATT
5,0,5,ATTCAAAAAACGACAGGAACGTATTGATAGGGTTAAATATAATCATCCTGCCTTTCAACACAAAAGCCGCAGATAATCCTTGCTTTCCCCGGAAGCTGGCGTTATGGTCAGATGGTTTTTGCAACAAATCTAACTATAAAAAGCTTGAACATACTGACTTGAAAAATCGGTCTCGAGGTT
5,1,4,ATTCAAAAAACGACAGGAACGTATTGATAGGGTTAAATATAATCATCCTGCCTTTCAACACAAAAGCCGCAGATAATCCTTGCTTTCCCCGGAAGCTGGCGTTATGGTCAGATGGTTTTTGCAACAAATCTAACTATAAAAAGCTTGAACATACTGACTTGAAATCTAACCGCAGCCGGA
58,4,54,ATTCAAAAAACGACAGGAACGTATTGATAGGGTTAAATATAATCATCCTGCCTTTCAACACAAAAGCCGCAGATAATCCTTGCTTTCCCCGGAAGCTGGCGTTATGGTCAGATGGTTTTTGCAACAAATCTAACTATAAAAAGCTTGAACATACTGACTTGCTTGAGGGAGGCGGGTTAT
33,0,33,ATTCAAAAAACGACAGGAACGTATTGATAGGGTTAAATATAATCATCCTGCCTTTCAACACAAAAGCCGCAGATAATCCTTGCTTTCCCCGGAAGCTGGCGTTATGGTCAGATGGTTTTTGCAACAAATCTAACTATAAAAAGCTTGAACATACTGACTTTCTCGACCGTCGTTTAACCG
11,11,0,ATTCAAAAAAGGACGGGAACGTATTTATTCCGTTAAAGGTAATCATCCTGCTTTTCACCACAAAATCCGCAGCTAATCCGTCTCTTCCCATGCAGCTGGCATTATGGTCACATTGTTTTTGCAACAAATTTCACAATAAAAAGTTTCCACCTACTGACTAACTGCCCCAAGCGTCTTTTC
1,1,0,ATTCAAAAAAGGACGGGAACGTATTTATTCCGTTAAAGGTAATCATCCTGCTTTTCACCACAAAATCCGCAGCTAATCCGTCTCTTCCCATGCAGCTGGCATTATGGTCACATTGTTTTTGCAACAAATTTCACAATAAAAAGTTTCCACCTACTGACTAAGTGCTAGTACATCTGGTTC
6,6,0,ATTCAAAAAAGGACGGGAACGTATTTATTCCGTTAAAGGTAATCATCCTGCTTTTCACCACAAAATCCGCAGCTAATCCGTCTCTTCCCATGCAGCTGGCATTATGGTCACATTGTTTTTGCAACAAATTTCACAATAAAAAGTTTCCACCTACTGACTAGTGCACACTTCCTGGGAGGT
3,3,0,ATTCAAAAAAGGACGGGAACGTATTTATTCCGTTAAAGGTAATCATCCTGCTTTTCACCACAAAATCCGCAGCTAATCCGTCTCTTCCCATGCAGCTGGCATTATGGTCACATTGTTTTTGCAACAAATTTCACAATAAAAAGTTTCCACCTACTGACTATAAGGGTCGTCCATGTGTTT
2,2,0,ATTCAAAAAAGGACGGGAACGTATTTATTCCGTTAAAGGTAATCATCCTGCTTTTCACCACAAAATCCGCAGCTAATCCGTCTCTTCCCATGCAGCTGGCATTATGGTCACATTGTTTTTGCAACAAATTTCACAATAAAAAGTTTCCACCTACTGACTATGAAGCGCCGCCATATGCGT
3,3,0,ATTCAAAAAAGGACGGGAACGTATTTATTCCGTTAAAGGTAATCATCCTGCTTTTCACCACAAAATCCGCAGCTAATCCGTCTCTTCCCATGCAGCTGGCATTATGGTCACATTGTTTTTGCAACAAATTTCACAATAAAAAGTTTCCACCTACTGACTATTAAACTCATTTTGGTCTTG
12,12,0,ATTCAAAAAAGGACGGGAACGTATTTATTCCGTTAAAGGTAATCATCCTGCTTTTCACCACAAAATCCGCAGCTAATCCGTCTCTTCCCATGCAGCTGGCATTATGGTCACATTGTTTTTGCAACAAATTTCACAATAAAAAGTTTCCACCTACTGACTATTTAATGTAACTGCAACATA
4,4,0,ATTCAAAAAGAGACAAGAACGTATTTACTGGGTTGAATATAATCATCCTGCTTTTCATCACCAAAACCGCAGAATATCCTTCCTTTCCCCAGCAACCGGGGATATGGTCAGATGATTTTTGCAAAAAATCCCACAATATAAAGTTTCAACACACTGCCTAACGCACCAATCGATGGATAT
2,2,0,ATTCAAAAAGAGACAGGAACGTAATAACTGGGTTAAATACAATCATCCCGCTTTTCATCACAAACACCGCAGATATTCCTTTCTTTCCCGGGCAGCTGGCGCTGTGGTCAGATGGTTTTTGAAACAAATCTCACGATAAAAAGTGTCAACATACTGACTAACCAGGAGCAGTAAACAGTA
2,2,0,ATTCAAAAAGAGACAGGAACGTAATAACTGGGTTAAATACAATCATCCCGCTTTTCATCACAAACACCGCAGATATTCCTTTCTTTCCCGGGCAGCTGGCGCTGTGGTCAGATGGTTTTTGAAACAAATCTCACGATAAAAAGTGTCAACATACTGACTAAGTCCGTGTATGTAACAAAG
11,11,0,ATTCAAAAAGAGACAGGAACGTAATAACTGGGTTAAATACAATCATCCCGCTTTTCATCACAAACACCGCAGATATTCCTTTCTTTCCCGGGCAGCTGGCGCTGTGGTCAGATGGTTTTTGAAACAAATCTCACGATAAAAAGTGTCAACATACTGACTACCACAGTTGCTCACGAAATA
4,4,0,ATTCAAAAAGAGACAGGAACGTAATAACTGGGTTAAATACAATCATCCCGCTTTTCATCACAAACACCGCAGATATTCCTTTCTTTCCCGGGCAGCTGGCGCTGTGGTCAGATGGTTTTTGAAACAAATCTCACGATAAAAAGTGTCAACATACTGACTAGACACCGTATAACCTATCGT
22,6,16,ATTCAAAAAGAGACAGGAACGTAATAACTGGGTTAAATACAATCATCCCGCTTTTCATCACAAACACCGCAGATATTCCTTTCTTTCCCGGGCAGCTGGCGCTGTGGTCAGATGGTTTTTGAAACAAATCTCACGATAAAAAGTGTCAACATACTGACTAGATCTTAGTAGTCTCTGCCT
1,1,0,ATTCAAAAAGAGACAGGAACGTAATAACTGGGTTAAATACAATCATCCCGCTTTTCATCACAAACACCGCAGATATTCCTTTCTTTCCCGGGCAGCTGGCGCTGTGGTCAGATGGTTTTTGAAACAAATCTCACGATAAAAAGTGTCAACATACTGACTATGTTATACGTCGTGACGTTC
1,1,0,ATTCAAAACGAAACAGCCACGTATTTACTGGGACAAATATAATCATCCTGCTTTTCATCACAAAGACCGTAGATAATCGTTCCATTCTCCGGGAGCTGGCGTAATAGTCTGACGGTTTCTGCAACAAATCTCACAATACAAAGTTTCATCATGCTGACTAAATCCACATTCTGCGGTTTT
2,2,0,ATTCAAAAGAAGACAGGAACGTATTTACGGGGTTAAATATAATCATCCTGCATTTCATCACAAAAACCGCAGATAATCCTTCCTTTGCCCGGTCGCCGACGTTATGGTCAGATGGTTTTTGCAACTAATCTCACAATAATAAGTTTCAAAATACTGACTAAAGCAGGTACTCATTTCGAT
7,2,5,ATTCAAAAGAAGACAGGAACGTATTTACGGGGTTAAATATAATCATCCTGCATTTCATCACAAAAACCGCAGATAATCCTTCCTTTGCCCGGTCGCCGACGTTATGGTCAGATGGTTTTTGCAACTAATCTCACAATAATAAGTTTCAAAATACTGACTAACAGTCAAGTCAATAAAGGC
4,4,0,ATTCAAAAGAAGACAGGAACGTATTTACGGGGTTAAATATAATCATCCTGCATTTCATCACAAAAACCGCAGATAATCCTTCCTTTGCCCGGTCGCCGACGTTATGGTCAGATGGTTTTTGCAACTAATCTCACAATAATAAGTTTCAAAATACTGACTATCTCCGTCTTGCCTTTTTCT
2,0,2,ATTCAAAAGAAGACAGGAACGTATTTACGGGGTTAAATATAATCATCCTGCATTTCATCACAAAAACCGCAGATAATCCTTCCTTTGCCCGGTCGCCGACGTTATGGTCAGATGGTTTTTGCAACTAATCTCACAATAATAAGTTTCAAAATACTGACTATTATATTGTATTGCGGACAC
9,8,1,ATTCAAAAGCAGACAGGAACGTATTTACTGCGCCATATATACTCAAACTGCTTTTCATCACGAATACCGCAGATAATCCTTCCTTTCCCAGGCAGATGGCGTTGTGGTCACATGATTTTTTCAACAAATCTCATAAAAAAAAGTTTCAGTATACTGACTAATTCCACAAAAATTACAGTG
3,3,0,ATTCAAAAGCAGACAGGAACGTATTTACTGCGCCATATATACTCAAACTGCTTTTCATCACGAATACCGCAGATAATCCTTCCTTTCCCAGGCAGATGGCGTTGTGGTCACATGATTTTTTCAACAAATCTCATAAAAAAAAGTTTCAGTATACTGACTAGCAAATAAAGGCCTCTTACT
1,1,0,ATTCAAAAGCAGACAGGAACGTATTTACTGCGCCATATATACTCAAACTGCTTTTCATCACGAATACCGCAGATAATCCTTCCTTTCCCAGGCAGATGGCGTTGTGGTCACATGATTTTTTCAACAAATCTCATAAAAAAAAGTTTCAGTATACTGACTATGGAACAATTACTCTGGTTC
2,1,1,ATTCAAAATAAGACAGGAACGTATTTCCTCGGTTAAATATAATCATCCTGCTTTTCATGGCAAAAACCGCCGATAATCCGTCTTTTCCCCGGCATCTGGCGTTATGGGCAGATGGTTTTTGCATCAAATCTCACAATAAAAAGTTTCAACATACTTACTAGTAGACGAACGGCGGGGGAG
2,2,0,ATTCAAAATAAGACAGGAACGTATTTCCTCGGTTAAATATAATCATCCTGCTTTTCATGGCAAAAACCGCCGATAATCCGTCTTTTCCCCGGCATCTGGCGTTATGGGCAGATGGTTTTTGCATCAAATCTCACAATAAAAAGTTTCAACATACTTACTATTGTTTCCCTCAGCGTACTA
1,1,0,ATTCAAACAAAGACAGGAACGTATTTACTGAGTTGAATACAATCATCCTGCTTTTCATCACAAAAAATCCAGTTAGTCCTGCCTGTCCCCGGCGGCTGCCGTTATTGTCCCACGGTTTTTGCAACAAATCTGACAATAAAAAGTTTCAACATTCTCGCTAACATGGAGCTAGTTTAGTTC
6,6,0,ATTCAAACAAAGACAGGAACGTATTTACTGAGTTGAATACAATCATCCTGCTTTTCATCACAAAAAATCCAGTTAGTCCTGCCTGTCCCCGGCGGCTGCCGTTATTGTCCCACGGTTTTTGCAACAAATCTGACAATAAAAAGTTTCAACATTCTCGCTACGGAGCTGATTGTGTCAAAC
10,7,3,ATTCAAACAAAGACAGGAACGTATTTACTGAGTTGAATACAATCATCCTGCTTTTCATCACAAAAAATCCAGTTAGTCCTGCCTGTCCCCGGCGGCTGCCGTTATTGTCCCACGGTTTTTGCAACAAATCTGACAATAAAAAGTTTCAACATTCTCGCTAGAATTACAATCGGGCGTGCC
2,2,0,ATTCAAACAAAGACAGGAACGTATTTACTGAGTTGAATACAATCATCCTGCTTTTCATCACAAAAAATCCAGTTAGTCCTGCCTGTCCCCGGCGGCTGCCGTTATTGTCCCACGGTTTTTGCAACAAATCTGACAATAAAAAGTTTCAACATTCTCGCTAGGCGCCTGCTGCGTTTCCAA
10,10,0,ATTCAAACAAAGACAGGAACGTATTTACTGAGTTGAATACAATCATCCTGCTTTTCATCACAAAAAATCCAGTTAGTCCTGCCTGTCCCCGGCGGCTGCCGTTATTGTCCCACGGTTTTTGCAACAAATCTGACAATAAAAAGTTTCAACATTCTCGCTAGTTAGATTACCAGTTGTCCG
6,6,0,ATTCAAACAAAGACAGGAACGTATTTACTGAGTTGAATACAATCATCCTGCTTTTCATCACAAAAAATCCAGTTAGTCCTGCCTGTCCCCGGCGGCTGCCGTTATTGTCCCACGGTTTTTGCAACAAATCTGACAATAAAAAGTTTCAACATTCTCGCTATACACGCTGAGCACGGTTAA
11,11,0,ATTCAAACAAAGACAGGAACGTATTTACTGAGTTGAATACAATCATCCTGCTTTTCATCACAAAAAATCCAGTTAGTCCTGCCTGTCCCCGGCGGCTGCCGTTATTGTCCCACGGTTTTTGCAACAAATCTGACAATAAAAAGTTTCAACATTCTCGCTATATGGCATGGTCAGGGTGGG
1,1,0,ATTCAAACAAAGACAGGAACGTATTTACTGAGTTGAATACAATCATCCTGCTTTTCATCACAAAAAATCCAGTTAGTCCTGCCTGTCCCCGGCGGCTGCCGTTATTGTCCCACGGTTTTTGCAACAAATCTGACAATAAAAAGTTTCAACATTCTCGCTATATTTTGGTGATTATTTGGG
2,2,0,ATTCAAACAAAGACAGGAACGTATTTACTGAGTTGAATACAATCATCCTGCTTTTCATCACAAAAAATCCAGTTAGTCCTGCCTGTCCCCGGCGGCTGCCGTTATTGTCCCACGGTTTTTGCAACAAATCTGACAATAAAAAGTTTCAACATTCTCGCTATGATTAGACATTTACTGTAC
1,1,0,ATTCAAACAAAGACAGGAACGTATTTACTGAGTTGAATACAATCATCCTGCTTTTCATCACAAAAAATCCAGTTAGTCCTGCCTGTCCCCGGCGGCTGCCGTTATTGTCCCACGGTTTTTGCAACAAATCTGACAATAAAAAGTTTCAACATTCTCGCTATGTACACCTGTGTAGTACAT
5,5,0,ATTCAAACAAAGACAGGAACGTATTTACTGAGTTGAATACAATCATCCTGCTTTTCATCACAAAAAATCCAGTTAGTCCTGCCTGTCCCCGGCGGCTGCCGTTATTGTCCCACGGTTTTTGCAACAAATCTGACAATAAAAAGTTTCAACATTCTCGCTATGTGATGTATCAGTAAGGAC
1,1,0,ATTCAAACAAAGACAGGAACGTATTTACTGAGTTGAATACAATCATCCTGCTTTTCATCACAAAAAATCCAGTTAGTCCTGCCTGTCCCCGGCGGCTGCCGTTATTGTCCCACGGTTTTTGCAACAAATCTGACAATAAAAAGTTTCAACATTCTCGCTATGTGGCAATCAAACTTACTG
2,2,0,ATTCAAACAAAGACAGGAACGTATTTACTGAGTTGAATACAATCATCCTGCTTTTCATCACAAAAAATCCAGTTAGTCCTGCCTGTCCCCGGCGGCTGCCGTTATTGTCCCACGGTTTTTGCAACAAATCTGACAATAAAAAGTTTCAACATTCTCGCTATTCTGTCGCTAGGTTCTCTC
2,2,0,ATTCAAACAAAGACAGGAACGTATTTACTGAGTTGAATACAATCATCCTGCTTTTCATCACAAAAAATCCAGTTAGTCCTGCCTGTCCCCGGCGGCTGCCGTTATTGTCCCACGGTTTTTGCAACAAATCTGACAATAAAAAGTTTCAACATTCTCGCTATTTCAAGTATATTAATCAAC
6,6,0,ATTCAAACAAAGGCAGGAACGTATGTACTGGCTTAAATAGAATGATACTTCTTTTCATCACAAAAACTGCAGATAATCCTTCCTTACCCCGACAGCTGCCTTTAATGTCAGTTGGTTTTTTCAACACATCTCACAATAAAAAGTTTCAACATACTGACTATCTTGAGAAAGGCGAGGCCG
8,7,1,ATTCAACAAAAGACAGGAACGTTTTTACTGGGTTAAATATAATTATCCTGCTTTTCATCACAAAAACCCCAGATAATCGTTCATTTCCACGGAAGCTAGCGTTATGGTCAGATCGTTTTTGCAACAAATCTAACAATGAAAAGTTTTAACCTACTGACTAGTTCAGGCTTGCACCAATCA
8,8,0,ATTCAACAAAAGACAGGAACGTTTTTACTGGGTTAAATATAATTATCCTGCTTTTCATCACAAAAACCCCAGATAATCGTTCATTTCCACGGAAGCTAGCGTTATGGTCAGATCGTTTTTGCAACAAATCTAACAATGAAAAGTTTTAACCTACTGACTATCTAGTACGGGCGGGGGTAC
9,6,3,ATTCAAGAAAAGACAGGAACGTATTTACTGGGTTAAGTTTAATCATCCTGCTTTTTATCTCAAAAAACGCAGATAATCTATACCTTCCCCGACAGCTGGCGTTATGGTCAGATGGTTTTTGAAACAAATCTCACAATAAAAAGATTCAACATACTGACCAGCGGCGGGAGATCCATGTCT
17,2,15,ATTCAAGAAAAGACAGGAACGTATTTACTGGGTTAAGTTTAATCATCCTGCTTTTTATCTCAAAAAACGCAGATAATCTATACCTTCCCCGACAGCTGGCGTTATGGTCAGATGGTTTTTGAAACAAATCTCACAATAAAAAGATTCAACATACTGACCATTGTATTTTTCGATCATGGC
13,10,3,ATTCAAGAGAAGACAAGAACGTATTTAGTAGGTTAAACATAATCATCGCCCTTTTCATCACAAAAACCGCAGATAATCCTTCCATTGCCCGGCAGCTTGTGTTTTGGTCAGATGGTTTTTGCAACAAACCTCACAATAAAAAGTGTCAACTTACTGACTATCTCTGTAGTTGAACTAACG
5,5,0,ATTCAAGAGAAGACAGGAACGTATTTAGTAGGTTAAACATAATCATCGCCCTTTTCATCACAAAAACCGCAGATAATCCTTCCATTGCCCGGCAGCTTGTGTTTTGGTCAGATGGTTTTTGCAACAAACCTCACAATAAAAAGTGTCAACTTACTGACTACCCAAACTTATGAACATTCA
10,5,5,ATTCAATAAAAGACAGGAACGTAGGTACTGGGCCAAAAATCATCATCCTCCTTTTCATTACAAAAACGGCAGATAATCCTTGCAGTCCCCGGCAGCTGGCGTTAAGGTCAGTTGCATTTTGCAACAAATCTCACAATAAACAGTTTCAACAAACTGACTATTTTCGGCAACCGAACCGGC
10,1,9,ATTCACAAAAAGACAGAAACGTATATACTGGGCTAGGTATAATCGACCTGCTTTTCACCACAAAAACCGCAGATAATCCTTCCTTTCCCCGGCAGCTGGCGTTATGGTGAGGTGTTTTATGCAACAAATCTCACAATAAAAAGTTTCAACATACTGACTATAACATGGAATGCTTGATAG
7,3,4,ATTCACAAAAAGACAGAAACGTATATACTGGGCTAGGTATAATCGACCTGCTTTTCACCACAAAAACCGCAGATAATCCTTCCTTTCCCCGGCAGCTGGCGTTATGGTGAGGTGTTTTATGCAACAAATCTCACAATAAAAAGTTTCAACATACTGACTATTTATTTGGTCCGTGCGTTT
1,1,0,ATTCACAAAAAGACAGGAAGGAATCTACTGGGTTAATTATATTCATACTGCTTTTCATCTCAAAAGCCGCAGATAATCCTTCCATTCCCCGACAGATGGCGTTATGATAAGATGGTTTTTGTAACAAATCTCACTATAAAAAGTTTCAAAATAAGGACTACAGTTGGATTATTGCTTAAG
36,1,35,ATTCACAAAAAGACAGGAAGGAATCTACTGGGTTAATTATATTCATACTGCTTTTCATCTCAAAAGCCGCAGATAATCCTTCCATTCCCCGGCAGATGGCGTTATGATAAGATGGTTTTTGCAACAAATCTCACTATAAAAAGTTTCAAAATAAGGACTACAGTCCAGTTACCCCTCATC
24,2,22,ATTCACAAAAAGACAGGAAGGAATCTACTGGGTTAATTATATTCATACTGCTTTTCATCTCAAAAGCCGCAGATAATCCTTCCATTCCCCGGCAGATGGCGTTATGATAAGATGGTTTTTGCAACAAATCTCACTATAAAAAGTTTCAAAATAAGGACTACGTAGAATGGTGTCGACATC
2,2,0,ATTCACATACAGACAGGAACGTATTTACAGGGTTAGATATAATTATCCTACTTTTCATAACAAAAACCGCAGATAATCCTTCCTCTCCCCGGCAGCTGGCGTTATGGTCAGATGAGTGTAGCAACAGATCTCACAAAAGAAAGGTTGAACATACTGACTAGTTCTGGTAAGCGAGATTGT
2,0,2,ATTCACATACAGACAGGAACGTATTTACAGGGTTAGATATAATTATCCTGCTTTTCATAACAAAAACCGCAGATAATCCTTCCTCTCCCCGGCAGCTGGCGTTATGGTCAGATGAGTGTAGCAACAGATCTCACAAAAGAAAGGTTGAACATACTGACTAACAATAAAAGATTGCGCCTT
1,1,0,ATTCACATACAGACAGGAACGTATTTACAGGGTTAGATATAATTATCCTGCTTTTCATAACAAAAACCGCAGATAATCCTTCCTCTCCCCGGCAGCTGGCGTTATGGTCAGATGAGTGTAGCAACAGATCTCACAAAAGAAAGGTTGAACATACTGACTACAAAAACTTATGGCGTCACG
10,6,4,ATTCACATACAGACAGGAACGTATTTACAGGGTTAGATATAATTATCCTGCTTTTCATAACAAAAACCGCAGATAATCCTTCCTCTCCCCGGCAGCTGGCGTTATGGTCAGATGAGTGTAGCAACAGATCTCACAAAAGAAAGGTTGAACATACTGACTACACCGTGTAAATACTGTCGA
3,3,0,ATTCACATACAGACAGGAACGTATTTACAGGGTTAGATATAATTATCCTGCTTTTCATAACAAAAACCGCAGATAATCCTTCCTCTCCCCGGCAGCTGGCGTTATGGTCAGATGAGTGTAGCAACAGATCTCACAAAAGAAAGGTTGAACATACTGACTACGCGAATTAGCAGCACATAA
1,0,1,ATTCACATACAGACAGGAACGTATTTACAGGGTTAGATATAATTATCCTGCTTTTCATAACAAAAACCGCAGATAATCCTTCCTCTCCCCGGCAGCTGGCGTTATGGTCAGATGAGTGTAGCAACAGATCTCACAAAAGAAAGGTTGAACATACTGACTAGAGCCAGTAGACATGTTCAC
34,13,21,ATTCACATACAGACAGGAACGTATTTACAGGGTTAGATATAATTATCCTGCTTTTCATAACAAAAACCGCAGATAATCCTTCCTCTCCCCGGCAGCTGGCGTTATGGTCAGATGAGTGTAGCAACAGATCTCACAAAAGAAAGGTTGAACATACTGACTAGTTTGTTCAAGGTGGTTCAG
39,18,21,ATTCACATACAGACAGGAACGTATTTACAGGGTTAGATATAATTATCCTGCTTTTCATAACAAAAACCGCAGATAATCCTTCCTCTCCCCGGCAGCTGGCGTTATGGTCAGATGAGTGTAGCAACAGATCTCACAAAAGAAAGGTTGAACATACTGACTATTTGAAGGTTTGGTCGTTGG
4,4,0,ATTCAGACATAGTCAGGAACGGAGTTACTGGGTTAAATACATTCTTCCTGCTGTTAATCACAACAACCGCAGCTAATCCTTACTTTCGCCGGCGGCTGGCGTACTGGTCAGATGGTTTTTGCAACCAATGTCACAATAAAAAGTTTCAACATACTGACTAGTCCGATCATTATGCTCACT
1,1,0,ATTCAGACATAGTCAGGAACGGAGTTACTGGGTTAAATACATTCTTCCTGCTGTTAATCACAACAACCGCAGCTAATCCTTACTTTCGCCGGCGGCTGGCGTACTGGTCAGATGGTTTTTGCAACCAATGTCACAATAAAAAGTTTCAACATACTGACTATCACCGAAATTCAGTGACTG
6,6,0,ATTCAGACATAGTCAGGAACGGAGTTACTGGGTTAAATACATTCTTCCTGCTGTTAATCACAACAACCGCAGCTAATCCTTACTTTCGCCGGCGGCTGGCGTACTGGTCAGATGGTTTTTGCAACCAATGTCACAATAAAAAGTTTCAACATACTGACTATCGTTACCTTCTTGTTATTG
2,2,0,ATTCCAAAAAAGACAGGAACGTAGTTACTGTGTTAAATATAATCATGCTGCTTTTCATCACAAAAACCGAAGATAATCCCTCCTTTCCCACGCAGCTGGCGTTAAGGTCGGATAGGTTTTGTAACAAATCTCAGAACAAAAAATTTCAACATACTGGCTAAACAGGTCTGTCGCAGTTAG
30,23,7,ATTCCAAAAAAGACAGGAACGTAGTTACTGTGTTAAATATAATCATGCTGCTTTTCATCACAAAAACCGAAGATAATCCCTCCTTTCCCACGCAGCTGGCGTTAAGGTCGGATAGTTTTTGTAACAAATCTCAGAACAAAAAATTTCAACATACTGGCTAGAGACCCTGTGTCCGTCGCC
1,1,0,ATTCGAAAAAAGACGGGAACGTATTTACTGGGGTAAGTAGAATCATCCTGCTTTTCATCACAAAAACCCCAGATAATCCTTCCTTTCCCCGGCAACTGGCGACATGGTCAGATGGTTGTCGCAACATATCTCATATTCAATAGTTTCAACATACTGGCTATGATTATTCTGAATTCTCCT
4,4,0,ATTCGAAAAAAGACGGGAACGTATTTACTGGGGTAAGTAGAATCATCCTGCTTTTCATCACAAAAACCGCAGATAATCCTTCCTTTCCCCGGCAACTGGCGACATGGTCAGATGGTTGTCGCAACATATCTCATATTCAATAGTTTCAACATACTGGCTAACACCCTAGAAATCAGGTAA
1,1,0,ATTCGAAAAAAGACGGGAACGTATTTACTGGGGTAAGTAGAATCATCCTGCTTTTCATCACAAAAACCGCAGATAATCCTTCCTTTCCCCGGCAACTGGCGACATGGTCAGATGGTTGTCGCAACATATCTCATATTCAATAGTTTCAACATACTGGCTAACTACAATTCACTAATCGTT
1,1,0,ATTCGAAAAAAGACGGGAACGTATTTACTGGGGTAAGTAGAATCATCCTGCTTTTCATCACAAAAACCGCAGATAATCCTTCCTTTCCCCGGCAACTGGCGACATGGTCAGATGGTTGTCGCAACATATCTCATATTCAATAGTTTCAACATACTGGCTACGTTTAGTAAAGATATCCTC
2,2,0,ATTCGAAAAAAGACGGGAACGTATTTACTGGGGTAAGTAGAATCATCCTGCTTTTCATCACAAAAACCGCAGATAATCCTTCCTTTCCCCGGCAACTGGCGACATGGTCAGATGGTTGTCGCAACATATCTCATATTCAATAGTTTCAACATACTGGCTACTTTGGTCTATACATCACAG
2,1,1,ATTCGAAAAAAGACGGGAACGTATTTACTGGGGTAAGTAGAATCATCCTGCTTTTCATCACAAAAACCGCAGATAATCCTTCCTTTCCCCGGCAACTGGCGACATGGTCAGATGGTTGTCGCAACATATCTCATATTCAATAGTTTCAACATACTGGCTAGAACAAGTGTGTCCGGTCCT
7,5,2,ATTCGAAAAAAGACGGGAACGTATTTACTGGGGTAAGTAGAATCATCCTGCTTTTCATCACAAAAACCGCAGATAATCCTTCCTTTCCCCGGCAACTGGCGACATGGTCAGATGGTTGTCGCAACATATCTCATATTCAATAGTTTCAACATACTGGCTAGACAAAACTTTCTAGTATTA
1,1,0,ATTCGAAAAAAGACGGGAACGTATTTACTGGGGTAAGTAGAATCATCCTGCTTTTCATCACAAAAACCGCAGATAATCCTTCCTTTCCCCGGCAACTGGCGACATGGTCAGATGGTTGTCGCAACATATCTCATATTCAATAGTTTCAACATACTGGCTAGGAAAAGGTCGGTGTCAATA
100,12,88,ATTCGAAAGAAGACAGGACAGTATTCACTCGGGTAAATATAATCATCCTGCTTGTCATCACAAAACCCGCATAAAATCCTTCGCTTCCCCGGCAGCTGGCGTTATGGTCAGATGGTTGTTGCAACAAATGTCAAAATACAAAGTTTCAACATACTGACTTAGCCCGCTCGGACCCATACG
32,4,28,ATTCTAAAAAACACAGGCACGTATTTACTGGGTTAAATACAATCACCCTGCTGTTCATCACAAAAACGGCAAATAATCCTTCCTTCCCCCGGCAGCTGGTGTTATGGTCAGATGGTATTTGCAACAAATATCACAATAAAACGTTTCAACCTACTCACTACCATTTTAGAAGGACTATTC
16,2,14,ATTCTAAAAAACACAGGCACGTATTTACTGGGTTAAATACAATCACCCTGCTGTTCATCACAAAAACGGCAAATAATCCTTCCTTCCCCCGGCAGCTGGTGTTATGGTCAGATGGTATTTGCAACAAATATCACAATAAAACGTTTCAACCTACTCACTACGCTATCATGACTGAAGAGG
72,3,69,ATTCTAAAAAACACAGGCACGTATTTACTGGGTTAAATACAATCACCCTGCTGTTCATCACAAAAACGGCAAATAATCCTTCCTTCCCCCGGCAGCTGGTGTTATGGTCAGATGGTATTTGCAACAAATATCACAATAAAACGTTTCAACCTACTCACTAGGACCGGACATGCGTTTAGA
5,3,2,ATTCTAAAAAAGACAGGAACATATTAACGGGATTAACTATAATCATCGTGCTTTTCCTCGCGAACACCGCATACAATCCTTTCCTTCCCCGGCAGCTGGGGTTATGGTCAGATGGTTTTTGCCACAAATCTCACAATAATATGTTTCAACATACTGACTACCAAGGAACTCCCTTGATTC
7,6,1,ATTCTAAAAAAGACAGGAACATATTAACGGGATTAACTATAATCATCGTGCTTTTCCTCGCGAACACCGCATACAATCCTTTCCTTCCCCGGCAGCTGGGGTTATGGTCAGATGGTTTTTGCCACAAATCTCACAATAATATGTTTCAACATACTGACTACTCGTGGACTGCTCGGCTTG
4,4,0,ATTCTAAAAAAGACAGGAACATATTAACGGGATTAACTATAATCATCGTGCTTTTCCTCGCGAACACCGCATACAATCCTTTCCTTCCCCGGCAGCTGGGGTTATGGTCAGATGGTTTTTGCCACAAATCTCACAATAATATGTTTCAACATACTGACTACTGAAGGACGTTATCGTGAT
9,8,1,ATTCTAAAAAAGACAGGAACATATTAACGGGATTAACTATAATCATCGTGCTTTTCCTCGCGAACACCGCATACAATCCTTTCCTTCCCCGGCAGCTGGGGTTATGGTCAGATGGTTTTTGCCACAAATCTCACAATAATATGTTTCAACATACTGACTACTGGATGATTCGTTCCACAC
1,1,0,ATTCTAAAAAAGACAGGAACATATTAACGGGATTAACTATAATCATCGTGCTTTTCCTCGCGAACACCGCATACAATCCTTTCCTTCCCCGGCAGCTGGGGTTATGGTCAGATGGTTTTTGCCACAAATCTCACAATAATATGTTTCAACATACTGACTACTTTCTTTTGGGCCAAGTTA
3,3,0,ATTCTAAAAAAGACAGGAACATATTAACGGGATTAACTATAATCATCGTGCTTTTCCTCGCGAACACCGCATACAATCCTTTCCTTCCCCGGCAGCTGGGGTTATGGTCAGATGGTTTTTGCCACAAATCTCACAATAATATGTTTCAACATACTGACTAGTTCATACGGCAATCCACTT
2,1,1,ATTCTAAAAAAGACAGGAACATATTAACGGGATTAACTATAATCATCGTGCTTTTCCTCGCGAACACCGCATACAATCCTTTCCTTCCCCGGCAGCTGGGGTTATGGTCAGATGGTTTTTGCCACAAATCTCACAATAATATGTTTCAACATACTGACTATGCAGTATTCTTAGGTGTCG
20,10,10,ATTCTAAAAAAGACAGGAACATATTAACGGGATTAACTATAATCATCGTGCTTTTCCTCGCGAACACCGCATACAATCCTTTCCTTCCCCGGCAGCTTGGGTTATGGTCAGATGGTTTTTGCCACAAATCTCACAATAATATGTTTCAACATACTGACTAGGAAGCTACGCACTTCCGCC
2,1,1,ATTTATAAAAATAGACGAACGTATTAACTTGGTTAAATATAATAATCCTGCTTTTCACCACAAAAACCGCAGATAAACCTTCCGTTCCCCGGCAGCTGGCGTTATGGTCAGATGGTTTTTGCAACAAATCTCACAATAAAAAGTTTCAACATACTGACTAACGGTTATGCAATTTTCCCT
1,1,0,CAACAAAAAAAGTCCGGAACGGATTTACTGGGTTAAATATAATCATCCTGCTTTGCATCACAAATACGGCAGATAAGCCTTCCCTTCCCCGGCAGCTTGAGTTCTCGTCAGATGGTGGTTGCAACAAGTCTCACAATATAACTTTTCAACATACTGACTAACGCCGTGATTTTTTGTTGT
4,4,0,CAACAAAAAAAGTCCGGAACGGATTTACTGGGTTAAATATAATCATCCTGCTTTGCATCACAAATACGGCAGATAAGCCTTCCCTTCCCCGGCAGCTTGAGTTCTCGTCAGATGGTGGTTGCAACAAGTCTCACAATATAACTTTTCAACATACTGACTAGCCGAGCGATATAACTTCTA
14,14,0,CAACAAAAAAAGTCCGGAACGGATTTACTGGGTTAAATATAATCATCCTGCTTTGCATCACAAATACGGCAGATAAGCCTTCCCTTCCCCGGCAGCTTGAGTTCTCGTCAGATGGTGGTTGCAACAAGTCTCACAATATAACTTTTCAACATACTGACTATGGACAAGTCCCTAGTAGGG
5,5,0,CAACAAAAAAAGTCCGGAACGGATTTACTGGGTTAAATATAATCATCCTGCTTTGCATCACAAATACGGCAGATAAGCCTTCCCTTCCCCGGCAGCTTGAGTTCTCGTCAGATGGTGGTTGCAACAAGTCTCACAATATAACTTTTCAACATACTGACTATTGTTGACCATAGTAATGCG
6,2,4,CAACAAAACAAGAAAGGAACGTATCTACTGGGTTAAATATTATCATCTTGCTTTTCATCACAAAAGCCGCAGATAATCCTTCCGTTCCCCAGCAGCTGGCGTTATGGTCAGATTGTTTTCGCAACAAATCTCACAATTAAAAGTTTCAACATACTGACTCCTTTTAGTTTCTCTCAGTTA
4,3,1,CAACAAAACAAGAAAGGAACGTATCTACTGGGTTAAATATTATCATCTTGCTTTTCATCACAAAAGCCGCAGATAATCCTTCCGTTCCCCAGCAGCTGGCGTTATGGTCAGATTGTTTTCGCAACAAATCTCACAATTAAAAGTTTCAACATACTGACTCGCAGTCTGGCAATTTCCAAG
6,0,6,CAACAAAACAAGAAAGGAACGTATCTACTGGGTTAAATATTATCATCTTGCTTTTCATCACAAAAGCCGCAGATAATCCTTCCGTTCCCCAGCAGCTGGCGTTATGGTCAGATTGTTTTCGCAACAAATCTCACAATTAAAAGTTTCAACATACTGACTCGCGAATTGATTACCATGTTT
16,6,10,CAACAAAACAAGAAAGGAACGTATCTACTGGGTTAAATATTATCATCTTGCTTTTCATCACAAAAGCCGCAGATAATCCTTCCGTTCCCCAGCAGCTGGCGTTATGGTCAGATTGTTTTCGCAACAAATCTCACAATTAAAAGTTTCAACATACTGACTCTATGCCGTGCCGAAGTTCAG
9,4,5,CAAGAAAAAAGGACAGCAATGTATTAACTGGTTTAAATATAATCATCCTGCTTTTCATCACAAAAACCGCACATAATCCTTCCTTTCCCCGGGAGCTGGAGTTATGGTCAGATGGTTTTTGCCACAAATCTCACAGTATAAAGTTCCACCATACGCACTAGCCCCACCTATGCTTCAAAG
15,5,10,CAAGAAAAAAGGACAGCAATGTATTAACTGGTTTAAATATAATCATCCTGCTTTTCATCACAAAAACCGCACATAATCCTTCCTTTCCCCGGGAGCTGGAGTTATGGTCAGATGGTTTTTGCCACAAATCTCACAGTATAAAGTTCCACCATACGCACTAGGACAGTTTTGTCGTGTCTG
13,1,12,CAAGAAAAAAGGACAGCAATGTATTAACTGGTTTAAATATAATCATCCTGCTTTTCATCACAAAAACCGCACATAATCCTTCCTTTCCCCGGGAGCTGGAGTTATGGTCAGATGGTTTTTGCCACAAATCTCACAGTATAAAGTTCCACCATACGCACTATCAGAATTACCTGGTGAGGG
62,22,40,CCACAAAACAAGACAGGAACCTATTTCCTGGGTTAAATATAATCATCCTCCTCTTCATCACAAAAACCGCAGATACTCCTTCCTTTCCAACGCAGCTTGCGTTATGGTCAAATGGTTTGTCCAACAAATCTCACAATCAAAAGTTCCAACATACTGGCTAACACGGAACGTATTAGTCGC
22,5,17,CCACAAAACAAGACAGGAACCTATTTCCTGGGTTAAATATAATCATCCTCCTCTTCATCACAAAAACCGCAGATACTCCTTCCTTTCCAACGCAGCTTGCGTTATGGTCAAATGGTTTGTCCAACAAATCTCACAATCAAAAGTTCCAACATACTGGCTACATCCGGAGCTTATGGGCCG
11,1,10,CCACAAAACAAGACAGGAACCTATTTCCTGGGTTAAATATAATCATCCTCCTCTTCATCACAAAAACCGCAGATACTCCTTCCTTTCCAACGCAGCTTGCGTTATGGTCAAATGGTTTGTCCAACAAATCTCACAATCAAAAGTTCCAACATACTGGCTACCGGTGGATGGAATTGTTTT
8,2,6,CCACAAAACAAGACAGGAACCTATTTCCTGGGTTAAATATAATCATCCTCCTCTTCATCACAAAAACCGCAGATACTCCTTCCTTTCCAACGCAGCTTGCGTTATGGTCAAATGGTTTGTCCAACAAATCTCACAATCAAAAGTTCCAACATACTGGCTACGATATGCCTGCCCTAAACG
7,3,4,CCACAAAACAAGACAGGAACCTATTTCCTGGGTTAAATATAATCATCCTCCTCTTCATCACAAAAACCGCAGATACTCCTTCCTTTCCAACGCAGCTTGCGTTATGGTCAAATGGTTTGTCCAACAAATCTCACAATCAAAAGTTCCAACATACTGGCTACGCATACAGCGATCGCCCGA
19,2,17,CCACAAAACAAGACAGGAACCTATTTCCTGGGTTAAATATAATCATCCTCCTCTTCATCACAAAAACCGCAGATACTCCTTCCTTTCCAACGCAGCTTGCGTTATGGTCAAATGGTTTGTCCAACAAATCTCACAATCAAAAGTTCCAACATACTGGCTACTCTAGGTGCAAGTTTCTCT
1,0,1,CCACAAAACAAGACAGGAACCTATTTCCTGGGTTAAATATAATCATCCTCCTCTTCATCACAAAAACCGCAGATACTCCTTCCTTTCCAACGCAGCTTGCGTTATGGTCAAATGGTTTGTCCAACAAATCTCACAATCAAAAGTTCCAACATACTGGCTAGAACAAGGTACGCGTTTGGC
10,3,7,CCACAAAACAAGACAGGAACCTATTTCCTGGGTTAAATATAATCATCCTCCTCTTCATCACAAAAACCGCAGATACTCCTTCCTTTCCAACGCAGCTTGCGTTATGGTCAAATGGTTTGTCCAACAAATCTCACAATCAAAAGTTCCAACATACTGGCTAGAGTGGGAGCCATCAGGCCT
6,5,1,CCACAAAACAAGACAGGAACCTATTTCCTGGGTTAAATATAATCATCCTCCTCTTCATCACAAAAACCGCAGATACTCCTTCCTTTCCAACGCAGCTTGCGTTATGGTCAAATGGTTTGTCCAACAAATCTCACAATCAAAAGTTCCAACATACTGGCTAGCTATAATTGTAGCCATCCG
15,5,10,CCACAAAACAAGACAGGAACCTATTTCCTGGGTTAAATATAATCATCCTCCTCTTCATCACAAAAACCGCAGATACTCCTTCCTTTCCAACGCAGCTTGCGTTATGGTCAAATGGTTTGTCCAACAAATCTCACAATCAAAAGTTCCAACATACTGGCTAGCTCGCATGCAGGTGCATTG
9,7,2,CCACAAAACAAGACAGGAACCTATTTCCTGGGTTAAATATAATCATCCTCCTCTTCATCACAAAAACCGCAGATACTCCTTCCTTTCCAACGCAGCTTGCGTTATGGTCAAATGGTTTGTCCAACAAATCTCACAATCAAAAGTTCCAACATACTGGCTAGGAAAGTTTTATTTTCTCGG
5,1,4,CCACAAAACAAGACAGGAACCTATTTCCTGGGTTAAATATAATCATCCTCCTCTTCATCACAAAAACCGCAGATACTCCTTCCTTTCCAACGCAGCTTGCGTTATGGTCAAATGGTTTGTCCAACAAATCTCACAATCAAAAGTTCCAACATACTGGCTAGTAAATGGGGCGCACGTTCT
9,4,5,CCACAAAACAAGACAGGAACCTATTTCCTGGGTTAAATATAATCATCCTCCTCTTCATCACAAAAACCGCAGATACTCCTTCCTTTCCAACGCAGCTTGCGTTATGGTCAAATGGTTTGTCCAACAAATCTCACAATCAAAAGTTCCAACATACTGGCTATATCAAGGCCATAATACGAG
18,0,18,CCACAAAACAAGACAGGAACCTATTTCCTGGGTTAAATATAATCATCCTCCTCTTCATCACAAAAACCGCAGATACTCCTTCCTTTCCAACGCAGCTTGCGTTATGGTCAAATGGTTTGTCCAACAAATCTCACAATCAAAAGTTCCAACATACTGGCTATCTCGGTTCGCCAACCTAGG
7,2,5,CGAAAAAAAAAGACAGGAACGTCTTTACTGGGTTAAATATAATCTTCCTGCTCTTCATCACAAAAACCGCAGATAATCCTTCCTTTGCCGAGCAGCTCGCGTGATAGTCAGATGGTTATTGCAACAAAGTTGACACGAAAAAGTTTCAACAAATTGGCAACCTCTTTATCGTTTTTTGCA
6,2,4,CGAAAAAAAAAGACAGGAACGTCTTTACTGGGTTAAATATAATCTTCCTGCTCTTCATCACAAAAACCGCAGATAATCCTTCCTTTGCCGAGCAGCTCGCGTGATAGTCAGATGGTTATTGCAACAAAGTTGACACGAAAAAGTTTCAACAAATTGGCAAGGGTGTTTCAATACACCAGG
5,1,4,CGAAAAAAAAAGACAGGAACGTCTTTACTGGGTTAAATATAATCTTCCTGCTCTTCATCACAAAAACCGCAGATAATCCTTCCTTTGCCGAGCAGCTCGCGTGATAGTCAGATGGTTATTGCAACAAAGTTGACACGAAAAAGTTTCAACAAATTGGCAATGCTACAGCTCCTCAAGAAT
3,2,1,CGAAAAAAAAAGACAGGAACGTCTTTACTGGGTTAAATATAATCTTCCTGCTCTTCATCACAAAAACCGCAGATAATCCTTCCTTTGCCGAGCAGCTCGCGTGATAGTCAGATGGTTATTGCAACAAAGTTGACACGAAAAAGTTTCAACAAATTGGCAATTTATTCCGGACGCTTAAGC
1,1,0,CGACAAAAAAAGACAGGGACGAATTTACTGGGTTAAATATAATCATCCAGCATTTCATGGCAAAAACCGCAGATGACCCTTCTTTTCCCCGGCAGCTGTCTTTATGGTCAGATGGTTTTTGCAACAACTCAGACATTAAAAAGTTTCAAGATACTGACTACCCGGACCCTGAGTTCCCAA
1,1,0,CGACAAAAAAAGACAGGGACGAATTTACTGGGTTAAATATAATCATCCAGCATTTCATGGCAAAAACCGCAGATGACCCTTCTTTTCCCCGGCAGCTGTCTTTATGGTCAGATGGTTTTTGCAACAACTCAGACATTAAAAAGTTTCAAGATACTGACTAGGTATCGTGGTCGTATTTAT
8,0,8,CGACAAAAAAAGACTGGAACGTATTAACTGGATTAAATATACTCATCCTGCTTTTCATCACAAAAACCTCAGATAATCCTTCCTTTCCCCGGCAACAGGCGTTAAGGTCAGATGGTTTTTGCAACAAATATCACAGTACAAAGTTTTAACATACTGCCTAAGTTGAGGCCTTGTACAAAA
21,3,18,CGATAAAACAAGACAGAACCGTATTTACTGGGGTGACTATAATCATCCTGCTTGTGATCACAAAATCCGCAGATAATCCTTCCTATCCCCGTCAGCTAGCGTTATGGTCAGATGGTTTTTGCAACAAATCTCACAATTAAGAGTTTCATCATACTGACTAAATGTCCTAGGTCAACGAGT
26,1,25,CGATAAAACAAGACAGAACCGTATTTACTGGGGTGACTATAATCATCCTGCTTGTGATCACAAAATCCGCAGATAATCCTTCCTATCCCCGTCAGCTAGCGTTATGGTCAGATGGTTTTTGCAACAAATCTCACAATTAAGAGTTTCATCATACTGACTAACCTATCACAAGTATCTATG
77,10,67,CGATAAAACAAGACAGAACCGTATTTACTGGGGTGACTATAATCATCCTGCTTGTGATCACAAAATCCGCAGATAATCCTTCCTATCCCCGTCAGCTAGCGTTATGGTCAGATGGTTTTTGCAACAAATCTCACAATTAAGAGTTTCATCATACTGACTAGGCGCGTGCTGTGTACGTCG
28,0,28,CGATAAAACAAGACAGAACCGTATTTACTGGGGTGACTATAATCATCCTGCTTGTGATCACAAAATCCGCAGATAATCCTTCCTATCCCCGTCAGCTAGCGTTATGGTCAGATGGTTTTTGCAACAAATCTCACAATTAAGAGTTTCATCATACTGACTATGGACGTATTGTGCATTATT
3,3,0,CTAAAAGCAAAGACATAATCGTATGTACTGGGTTAAATATAATCATCCTGCTTTTGATCTCCAAAACCGCATCTAATGCTTCCTTTCCCCGGCAGCTGTCGATAGGGTCATATGGTTTTTGCAACATATCTCACAATAAAAAGTCGCAACATACTGACTAATCAGTTAGATAGTGCCTGT
1,1,0,CTAAAAGCAAAGACATAATCGTATGTACTGGGTTAAATATAATCATCCTGCTTTTGATCTCCAAAACCGCATCTAATGCTTCCTTTCCCCGGCAGCTGTCGATAGGGTCATATGGTTTTTGCAACATATCTCACAATAAAAAGTCGCAACATACTGACTACATTATAATATCCAAGTATC
1,1,0,CTAAAAGCAAAGACATAATCGTATGTACTGGGTTAAATATAATCATCCTGCTTTTGATCTCCAAAACCGCATCTAATGCTTCCTTTCCCCGGCAGCTGTCGATAGGGTCATATGGTTTTTGCAACATATCTCACAATAAAAAGTCGCAACATACTGACTAGCGCATTCTCGTTAGAGACA
3,3,0,CTAAAAGCAAAGACATAATCGTATGTACTGGGTTAAATATAATCATCCTGCTTTTGATCTCCAAAACCGCATCTAATGCTTCCTTTCCCCGGCAGCTGTCGATAGGGTCATATGGTTTTTGCAACATATCTCACAATAAAAAGTCGCAACATACTGACTATATATAACTATCTTATCATT
1,1,0,CTAAAAGCAAAGACATAATCGTATGTACTGGGTTAAATATAATCATCCTGCTTTTGATCTCCAAAACCGCATCTAATGCTTCCTTTCCCCGGCAGCTGTCGATAGGGTCATATGGTTTTTGCAACATATCTCACAATAAAAAGTCGCAACATACTGACTATCCGGTTGATTATCAGGGGC
6,6,0,CTAAAAGCAAAGACATAATCGTATGTACTGGGTTAAATATAATCATCCTGCTTTTGATCTCCAAAACCGCATCTAATGCTTCCTTTCCCCGGCAGCTGTCGATAGGGTCATATGGTTTTTGCAACATATCTCACAATAAAAAGTCGCAACATACTGACTATTTAGGCGTCGGTGTTACCT
4,2,2,CTACAAAAAAAAACAGGGACGTATTTATTGGGTGAACTATAATCATCCAGCTTTTCATCACAAAAACCGCAGATAATCTTTCCTGTCCCCGGCAGCTGGCGTTATGGTCATATGTGTTTTGCAACAAGTCTCACGATAAAAAGTCTCAACATAATGACTAATGTGCGCCTTCGGTTCTTC
1,1,0,CTACAAAAAAAAACAGGGACGTATTTATTGGGTGAACTATAATCATCCAGCTTTTCATCACAAAAACCGCAGATAATCTTTCCTGTCCCCGGCAGCTGGCGTTATGGTCATATGTGTTTTGCAACAAGTCTCACGATAAAAAGTCTCAACATAATGACTAATTTGTAAGTACGCGAGTCC
19,12,7,CTACAAAAAAAAACAGGGACGTATTTATTGGGTGAACTATAATCATCCAGCTTTTCATCACAAAAACCGCAGATAATCTTTCCTGTCCCCGGCAGCTGGCGTTATGGTCATATGTGTTTTGCAACAAGTCTCACGATAAAAAGTCTCAACATAATGACTAGTGCACCATGTGTGGCTTTC
2,2,0,CTACAAAAAAAAACAGGGACGTATTTATTGGGTGAACTATAATCATCCAGCTTTTCATCACAAAAACCGCAGATAATCTTTCCTGTCCCCGGCAGCTGGCGTTATGGTCATATGTGTTTTGCAACAAGTCTCACGATAAAAAGTCTCAACATAATGACTATAGCTGCATCCGATGAGGGC
3,3,0,CTACAAAAAAAAACAGGGACGTATTTATTGGGTGAACTATAATCATCCAGCTTTTCATCACAAAAACCGCAGATAATCTTTCCTGTCCCCGGCAGCTGGCGTTATGGTCATATGTGTTTTGCAACAAGTCTCACGATAAAAAGTCTCAACATAATGACTATCTTGGGCTCCACGTTACCA
3,1,2,CTACAAAAAAAAACAGGGACGTATTTATTGGGTGAACTATAATCATCCAGCTTTTCATCACAAAAACCGCAGATAATCTTTCCTGTCCCCGGCAGCTGGCGTTATGGTCATATGTGTTTTGCAACAAGTCTCACGATAAAAAGTCTCAACATAATGACTATGGTTGCGATGTATGCTGTT
3,2,1,CTACAAAAAAACACACGCACGTCTTTACTGGGTTGAATATAATCGTCCTGGTTTTCCTCACAAGAACCCCTCATAATCCTTCCTTTACCCGGCACCAGGCGTTATCGTCAGATGGTTTTTGCAACAAATCTTACAATAAAAAGATTCAACAGGTTGACGAAAGACGGAATCACACAAGTT
1,1,0,CTACAAAAAAACACACGCACGTCTTTACTGGGTTGAATATAATCGTCCTGGTTTTCCTCACAAGAACCCCTCATAATCCTTCCTTTACCCGGCACCAGGCGTTATCGTCAGATGGTTTTTGCAACAAATCTTACAATAAAAAGATTCAACAGGTTGACGACATGCAAGACGTCTTCTGTT
1,1,0,CTACAAAAAAACACACGCACGTCTTTACTGGGTTGAATATAATCGTCCTGGTTTTCCTCACAAGAACCCCTCATAATCCTTCCTTTACCCGGCACCAGGCGTTATCGTCAGATGGTTTTTGCAACAAATCTTACAATAAAAAGATTCAACAGGTTGACGACCGATGAGATAACGTTCGAT
2,2,0,CTACAAAAAAACACACGCACGTCTTTACTGGGTTGAATATAATCGTCCTGGTTTTCCTCACAAGAACCCCTCATAATCCTTCCTTTACCCGGCACCAGGCGTTATCGTCAGATGGTTTTTGCAACAAATCTTACAATAAAAAGATTCAACAGGTTGACGAGCTTCGGTATGAAATCGCCG
6,4,2,CTACAAAAAAACACACGCACGTCTTTACTGGGTTGAATATAATCGTCCTGGTTTTCCTCACAAGAACCCCTCATAATCCTTCCTTTACCCGGCACCAGGCGTTATCGTCAGATGGTTTTTGCAACAAATCTTACAATAAAAAGATTCAACAGGTTGACGAGTAGTGCCAACACCACCACT
1,1,0,CTACAAAAAAACACACGCACGTCTTTACTGGGTTGAATATAATCGTCCTGGTTTTCCTCACAAGAACCCCTCATAATCCTTCCTTTACCCGGCACCAGGCGTTATCGTCAGATGGTTTTTGCAACAAATCTTACAATAAAAAGATTCAACAGGTTGACGATACCATTGGAGCCATAATTA
4,4,0,CTACAAAAAAACACACGCACGTCTTTACTGGGTTGAATATAATCGTCCTGGTTTTCCTCACAAGAACCCCTCATAATCCTTCCTTTACCCGGCACCAGGCGTTATCGTCAGATGGTTTTTGCAACAAATCTTACAATAAAAAGATTCAACAGGTTGACGATCACTTTGCTTTCATACAGT
2,2,0,CTACAAAAAAAGACACGAAAATATTTACTGGGTTACATATCATCATCCGTCCTTTCATCACACAAACCGCAGAAAATGCTTCCTTTCCCCGGCATCTGGCGGAATCGTCAGATGGTTTTTGCGACAAATCCGGCCATAAAAAGTTTCAACATAGTGACTAATTGCGCTGTATTCACCTAA
3,3,0,CTACAAAAAAAGACACGAAAATATTTACTGGGTTACATATCATCATCCGTCCTTTCATCACACAAACCGCAGAAAATGCTTCCTTTCCCCGGCATCTGGCGGAATCGTCAGATGGTTTTTGCGACAAATCCGGCCATAAAAAGTTTCAACATAGTGACTACGCATTTCGGAATGAGTGTT
8,8,0,CTACAAAAAAAGACACGAAAATATTTACTGGGTTACATATCATCATCCGTCCTTTCATCACACAAACCGCAGAAAATGCTTCCTTTCCCCGGCATCTGGCGGAATCGTCAGATGGTTTTTGCGACAAATCCGGCCATAAAAAGTTTCAACATAGTGACTATTGATTGTGGCTCTTCGGAA
3,3,0,CTACAAAAAAAGACAGCAACTTATTTACCGGGTTAAATATAATCATCCTGCTTTTCATCGGAAAAACGGCACATAATCCATCCTATCCCGGGCAGCTGGCGTTATGGTCAGATGGTTTCTGAAACAAATCTCACAATAAAACCTTTCAACATACTGACTAATCTTTGGGATTCGAAAACT
4,3,1,CTACAAAAAAAGACAGCAACTTATTTACCGGGTTAAATATAATCATCCTGCTTTTCATCGGAAAAACGGCACATAATCCATCCTATCCCGGGCAGCTGGCGTTATGGTCAGATGGTTTCTGAAACAAATCTCACAATAAAACCTTTCAACATACTGACTACATCTTGGTAAAAGATACCC
5,5,0,CTACAAAAAAAGACAGCAACTTATTTACCGGGTTAAATATAATCATCCTGCTTTTCATCGGAAAAACGGCACATAATCCATCCTATCCCGGGCAGCTGGCGTTATGGTCAGATGGTTTCTGAAACAAATCTCACAATAAAACCTTTCAACATACTGACTAGGAACTAGGGGACGAAGCAG
1,1,0,CTACAAAAAAAGACAGCAACTTATTTACCGGGTTAAATATAATCATCCTGCTTTTCATCGGAAAAACGGCACATAATCCATCCTATCCCGGGCAGCTGGCGTTATGGTCAGATGGTTTCTGAAACAAATCTCACAATAAAACCTTTCAACATACTGACTATGCTACGAAGAATTGTCTGG
4,4,0,CTACAAAAAAAGACAGCAACTTATTTACCGGGTTAAATATAATCATCCTGCTTTTCATCGGAAAAACGGCACATAATCCATCCTATCCCGGGCAGCTGGCGTTATGGTCAGATGGTTTCTGAAACAAATCTCACAATAAAACCTTTCAACATACTGACTATGGTCTGGCGAGTTTAATAG
7,7,0,CTACAAAAAAAGACAGGAACATATTTAATCGGTTAAATAGAATCATCCTCCTTTTCATCACAAAATTCGAGGATAATCCTTCCCTTCCCCGGCGGCAGGCGTTATGGCCAGATGGTGCTTTCTACACATCTCACACTGAAAAGTTTCAAAAGACTGTCCAAAGATGTAGTTGATCGCGTA
1,1,0,CTACAAAAAAAGACAGGAACATATTTAATCGGTTAAATAGAATCATCCTCCTTTTCATCACAAAATTCGAGGATAATCCTTCCCTTCCCCGGCGGCAGGCGTTATGGCCAGATGGTGCTTTCTACACATCTCACACTGAAAAGTTTCAAAAGACTGTCCAAATTGATGTTTTCATCGTGG
9,9,0,CTACAAAAAAAGACAGGAACATATTTAATCGGTTAAATAGAATCATCCTCCTTTTCATCACAAAATTCGAGGATAATCCTTCCCTTCCCCGGCGGCAGGCGTTATGGCCAGATGGTGCTTTCTACACATCTCACACTGAAAAGTTTCAAAAGACTGTCCAAGCTTATAGCCCTGGGTGTG
1,1,0,CTACAAAAAAAGACAGGAACGTAATTACTGGGTTAAATATCCTCAGCCTGCTTTTCTTCAGAAAAACCGCAGATACTCATTCCTTTCCCCGGGCGCTTGCGTTATGGTCGGATGGTTTTTCCTAAAAAACTCACAAGAAAAAGTGTCAACATACTAACTAGGGTGGCGGTCCATTATTTA
12,10,2,CTACAAAAAAAGACAGGAACGTAATTACTGGGTTAAATATCCTCAGCCTGCTTTTCTTCAGAAAAACCGCAGATACTCATTCCTTTCCCCGGGCGCTTGCGTTATGGTCGGATGGTTTTTCCTAAAAAACTCACAAGAAAAAGTGTCAACATACTAACTATAGATTGGGATGTTAGTAAT
9,9,0,CTACAAAAAAAGACAGGAACGTAATTACTGGGTTAAATATCCTCAGCCTGCTTTTCTTCAGAAAAACCGCAGATACTCATTCCTTTCCCCGGGCGCTTGCGTTATGGTCGGATGGTTTTTCCTAAAAAACTCACAAGAAAAAGTGTCAACATACTAACTATATGCCCGATGATGGTCCGT
1,1,0,CTACAAAAAAAGACAGGAACGTATTTACTGGGTTCAATATAATCTTCCTGGTTGTCATCACAAGAACCGCAGATAATCCTTCCCTTCCCCGGCAGCTTACTTTCTTGTCAGATGGTTTTTGCAACAAATCTCACAATAAAAAGTTTCAACATACTAACTAACTCAAACTGATGTTTTTAG
4,4,0,CTACAAAAAAAGACAGGAACGTATTTACTGGGTTCAATATAATCTTCCTGGTTGTCATCACAAGAACCGCAGATAATCCTTCCCTTCCCCGGCAGCTTACTTTCTTGTCAGATGGTTTTTGCAACAAATCTCACAATAAAAAGTTTCAACATACTAACTAATTGTGGCAATACGCCCCAC
6,6,0,CTACAAAAAAAGACAGGAACGTATTTACTGGGTTCAATATAATCTTCCTGGTTGTCATCACAAGAACCGCAGATAATCCTTCCCTTCCCCGGCAGCTTACTTTCTTGTCAGATGGTTTTTGCAACAAATCTCACAATAAAAAGTTTCAACATACTAACTAGGCTCCCCTACACCCGTAAG
8,3,5,CTACAAAAAAAGACAGGAACGTATTTATTGGGTTCAATATAATCATCCTGCTTTTCATCACAAAAACCGCAGATAATCCTTCCTTTCCCCGGCAGCTGGCGTTACGGTCAGATGGTTATTGCATCAAATCTCACAATAAAAAGATTCGACATACTGACTAGGCCAAGTCTTATACACACT
9,4,5,CTACAAAAAAAGACAGGAACGTATTTATTGGGTTCAATATAATCATCCTGCTTTTCATCACAAAAACCGCAGATAATCCTTCCTTTCCCCGGCAGCTGGCGTTACGGTCAGATGGTTATTGCATCAAATCTCACAATAAAAAGATTCGACATACTGACTAGTCGTAACTTCCGCGGGGTA
2,2,0,CTACAAAAAAAGACAGGAACGTATTTTCTGAGTTACAGATAATCTTCCTGCTTTTCATCACAGAAACCGCAGATAATGCTTCTTTTCCCCGGCTGCTGGCGTTATGGTCCGATGGTTTTTTCAACAAATATCACAATAAAAAGTTTCGACATACTGTCTACTATGACATACAGCGGTTCG
12,6,6,CTACAAAAAAAGACAGGAACGTATTTTCTGAGTTACAGATAATCTTCCTGCTTTTCATCACAGAAACCGCAGATAATGCTTCTTTTCCCCGGCTGCTGGCGTTATGGTCCGATGGTTTTTTCAACAAATATCACAATAAAAAGTTTCGACATACTGTCTAGAACCCCTGGGCAAAGTGTC
14,4,10,CTACAAAAAAAGACAGGAGCGTATTTTCCGGGCTAAATAAAATAATCCTGCTTTTCAGCACAAAAACCGCAGAGAAGCCTTCCTTTCCCCGGCAGCTGGAGTTATGGTCAGATGGTTTTTGCGAGTAATCTCACAATAACAAGTTTCAACATACTGGCGATTGAAGTTCATTGGCTTGTG
21,4,17,CTACAAAAAAAGACAGGAGCGTATTTTCCGGGCTAAATAAAATAATCCTGCTTTTCAGCACAAAAACCGCAGAGAAGCCTTCCTTTCCCCGGCAGCTGGAGTTATGGTCAGATGGTTTTTGCGAGTAATCTCACAATAACAAGTTTCAACATATTGGCGACCGATAGGCGGTGAGACATG
2,2,0,CTACAAAAAAAGACAGGAGCTTATTCACTGCGTTTAATATAATCATCCTGCATTCCATCACAAAAACGGCAGATAATCCTTCCTTTGCCCGGCAGCTTGCGTGATGGTCAGATGGTTTTTACAACAAATCTCACAATAAAAAGTTTCAACAGTCTGACTAAAGAGTCGGGGTGTCTGAAT
6,5,1,CTACAAAAAAAGACAGGAGCTTATTCACTGCGTTTAATATAATCATCCTGCATTCCATCACAAAAACGGCAGATAATCCTTCCTTTGCCCGGCAGCTTGCGTGATGGTCAGATGGTTTTTACAACAAATCTCACAATAAAAAGTTTCAACAGTCTGACTAACATCTTCAGAAAAAATTGT
2,2,0,CTACAAAAAAAGACAGGAGCTTATTCACTGCGTTTAATATAATCATCCTGCATTCCATCACAAAAACGGCAGATAATCCTTCCTTTGCCCGGCAGCTTGCGTGATGGTCAGATGGTTTTTACAACAAATCTCACAATAAAAAGTTTCAACAGTCTGACTACCAGGATATCCGTACGTACA
4,2,2,CTACAAAAAAAGACAGGAGCTTATTCACTGCGTTTAATATAATCATCCTGCATTCCATCACAAAAACGGCAGATAATCCTTCCTTTGCCCGGCAGCTTGCGTGATGGTCAGATGGTTTTTACAACAAATCTCACAATAAAAAGTTTCAACAGTCTGACTACGAGGCGAACCGCGCAAAAA
1,1,0,CTACAAAAAAAGACAGGAGCTTATTCACTGCGTTTAATATAATCATCCTGCATTCCATCACAAAAACGGCAGATAATCCTTCCTTTGCCCGGCAGCTTGCGTGATGGTCAGATGGTTTTTACAACAAATCTCACAATAAAAAGTTTCAACAGTCTGACTATCCCACGAGTATTCGGCTCC
2,2,0,CTACAAAAAAAGACATGAACGTATTTACTGGGTTAAATATAATCTACCTGCCCTTCAGCACAAAAACCTAGGATAATCCTTCCTTTCCCGGGCAGCTGGCGTCATGGTCAGATGATTTTTGTCACAAATCTCACAATAAAAAGGTTCAATATAATGATTGCCTGTAACCACGCGACTCAC
2,2,0,CTACAAAAAAAGCCCGGAACGTATTTACTGGGTTAAATATAATCATAATTCATTGCATCACAAAAACCGCAGATAATCCATCCTTCCCCCGGCAGCCGGTGTTATGGTCAGATAGTTTTTGCAACAAATCTCACAGTAAAAAGTTCCCACATACCGACTTTCATCTGTGTAGACCTCATG
5,5,0,CTACAAAAAAAGCCCGGAACGTATTTACTGGGTTAAATATAATCATAATTCATTGCATCACAAAAACCGCAGATAATCCATCCTTCCCCCGGCAGCCGGTGTTATGGTCAGATAGTTTTTGCAACAAATCTCACAGTAAAAAGTTCCCACATACCGACTTTGTCCACTAACACATCAAAT
8,3,5,CTACAAAAAAAGGCAGGAACGTATTTACTGTGTTAAATAGAATCATCCTGCTTTTCATCACAAAAACCGCAGATAATCCTTCCTTTCCCAGGCAGCTCGCGTTATGGTTAGATAGTTTTTGCAACGAATCTCACAATACAAAGTTTCAACAGACTGACTAACTGCTCCTCTCTAAAACCA
84,1,83,CTACAAAAAAAGGCAGGAACGTATTTACTGTGTTAAATAGAATCATCCTGCTTTTCATCACAAAAACCGCAGATAATCCTTCCTTTCCCAGGCAGCTCGCGTTATGGTTAGATAGTTTTTGCAACGAATCTCACAATACAAAGTTTCAACAGACTGACTAGAGAGTTTTGGACACTCGCA
13,2,11,CTACAAAAAAAGGCAGGAACGTATTTACTGTGTTAAATAGAATCATCCTGCTTTTCATCACAAAAACCGCAGATAATCCTTCCTTTCCCAGGCAGCTCGCGTTATGGTTAGATAGTTTTTGCAACGAATCTCACAATACAAAGTTTCAACAGACTGACTAGAGCCTCGCCCCTCTCAGTT
7,0,7,CTACAAAAAAAGGCAGGAACGTATTTACTGTGTTAAATAGAATCATCCTGCTTTTCATCACAAAAACCGCAGATAATCCTTCCTTTCCCAGGCAGCTCGCGTTATGGTTAGATAGTTTTTGCAACGAATCTCACAATACAAAGTTTCAACAGACTGACTATCACAACGCGCCACAGTCAT
4,0,4,CTACAAAAAAAGGCAGGAACGTATTTACTGTGTTAAATAGAATCATCCTGCTTTTCATCACAAAAACCGCAGATAATCCTTCCTTTCCCAGGCAGCTCGCGTTATGGTTAGATAGTTTTTGCAACGAATCTCACAATACAAAGTTTCAACAGACTGACTATGAGTTGGGAGGCCGAAACG
68,3,65,CTACAAAAAAAGGCAGGAACGTATTTACTGTGTTAAATAGAATCATCCTGCTTTTCATCACAAAAACCGCAGATAATCCTTCCTTTCCCAGGCAGCTCGCGTTATGTTTAGATAGTTTTTGCAACGAATCTCACAATACAAAGTTTCAACAGACTGACTATAAGGGCTGAGATTAGCTCG
2,2,0,CTACAAAAAACGACAGGAACGTTGTTACTTGGTTCAATATCATCATCCTGCTTTTCATCACAAAAACCTCAGATAAACCTTCCTTTCCCCGGCAGCTGGCCTTATGGTCCGATGGTTTTTGCAACAAATCTCTCAATAAAAGGGTTCAACATAGTGACTACGTATATTCTTGTTCGAGTT
13,7,6,CTACAAAAAACGACAGGAACGTTGTTACTTGGTTCAATATCATCATCCTGCTTTTCATCACAAAAACCTCAGATAAACCTTCCTTTCCCCGGCAGCTGGCCTTATGGTCCGATGGTTTTTGCAACAAATCTCTCAATAAAAGGGTTCAACATAGTGACTATGCATCGTTCAAAATGGTTG
2,2,0,CTACAAAAAAGAACCGGATCGTATTTACTGGGTTTAATGTAATGCTCCTGCTTTTCATCACAAAAACCGCGTATAATGCTTACTTTCCCCGGAGGATGGCGTAATGGTCAGATGTTTTTTGCAACAAATCTCACAATCAAAAGTTTCAAGCAACTGATTCAGATTTCTGATCGCGGGATC
1,0,1,CTACAAAAAAGAACCGGATCGTATTTACTGGGTTTAATGTAATGCTCCTGCTTTTCATCACAAAAACCGCGTATAATGCTTACTTTCCCCGGAGGATGGCGTAATGGTCAGATGTTTTTTGCAACAAATCTCACAATCAAAAGTTTCAAGCAACTGATTCTCCATCGACGTAGCGATGAG
10,3,7,CTACAAAAAGAGCCAGGAACGTATTTACTGGGTTAAATATAATCATCCTGCTTTTCATCGCAAAAGCCGCAGATAATCCTTCCTATCCTCGGCAGCTTGTGTTAGGGTGAGATGGTTTTTCCAACAAATCTCACAATAAAAAGTTTCAACATACTGACTATCTTAGCTCATACCAGTGCC
29,2,27,CTACAAAAAGAGCCAGGAACGTATTTACTGGGTTAAATATAATCATCCTGCTTTTCATCGCAAAAGCCGCAGATAATCCTTCCTATCCTCGGCAGCTTGTGTTAGGGTGAGATGGTTTTTCCAACAAATCTCACAATAAAAAGTTTCAACATACTGACTATGGCGTCACGAACTCTTGGG
5,5,0,CTACAAAAGAAGACAGGAACGTATTTACTGGCTTAAATATAATCACCCTGAGTGTCATCACAAAAACCGCACATAATCCTCCCTTTCCCCGGCAGTTGGCGTTATGGTCAGATGGTTTTTGCAACAAATCACACAATAAAAAGTTTCAGCAGACTAACAAGGGTATTCGACAAATACTGT
4,2,2,CTACAAAAGAAGACAGGAACGTATTTACTGGGTTAAATATAATCACCCTGAGTGTCATCACAAAAACCGCACATAATCCTCCCTTTCCCCGGCAGTTGGCGTTATGGTCAGATGGTTTTTGCAACAAATCACACAATAAAAAGTTTCAGCAGACTAACAAATATGTAACCATCGTTCGGC
1,1,0,CTACAAAAGAAGACAGGAACGTATTTACTTGGTTAAACATAATCATCCTGCTGTTCAGCACAAAAACCGCAGACAATCCTTCATTTCCCCGGCAGCCGGCGTTATGCTCAGATGGTTTTTGCAACAAATCTCACAATAAAATGGTTAAACTTACTGACTATTTCGTATAAATTTCCGTTT
1,1,0,CTACAAACAAAGACAGGAACGTATTTACTGGGATACATATAATCATCCTGTTTTTCATCAAAATAACCACAGATAATCTTTCCTTTCCCCGACAGATTGCGTTATGGTCAGATGGTTTTTGCAGCAAATCTCACAATAAAAAGTTTCAATGTAGTGGCTAAAACGGTCAATTATGGTCAG
1,1,0,CTACAAACAAAGACAGGAACGTATTTACTGGGATACATATAATCATCCTGTTTTTCATCAAAATAACCACAGATAATCTTTCCTTTCCCCGACAGATTGCGTTATGGTCAGATGGTTTTTGCAGCAAATCTCACAATAAAAAGTTTCAATGTAGTGGCTAAGGGCCGGATGCCAAGGAGA
6,3,3,CTACAAACAAAGACAGGAACGTATTTACTGGGATACATATAATCATCCTGTTTTTCATCAAAATAACCACAGATAATCTTTCCTTTCCCCGACAGATTGCGTTATGGTCAGATGGTTTTTGCAGCAAATCTCACAATAAAAAGTTTCAATGTAGTGGCTAGGTCCGTCCGTCATTTGGTG
3,1,2,CTACAAACAAAGACAGGAACGTATTTACTGGGATACATATAATCATCCTGTTTTTCATCAAAATAACCACAGATAATCTTTCCTTTCCCCGACAGATTGCGTTATGGTCAGATGGTTTTTGCAGCAAATCTCACAATAAAAAGTTTCAATGTAGTGGCTATCGCATCGGGTCCTAATTCT
4,0,4,CTACAAATAAAGAAAGGAACGATTTTAAGGGCTTAAATATAATCATCCCGCTTTTCGTCACAAAAACCGCAGATAATCCTTCCTTTCCCCGGCAGCTGGCGTTATGGTCAGATGGTTTTAACATCACCTCTCACAGTAGAAAGTTTCAACATACTCGCTAAAACTGTTACTTAGCTCTGT
18,2,16,CTACAAATAAAGAAAGGAACGATTTTAAGGGCTTAAATATAATCATCCCGCTTTTCGTCACAAAAACCGCAGATAATCCTTCCTTTCCCCGGCAGCTGGCGTTATGGTCAGATGGTTTTAACATCACCTCTCACAGTAGAAAGTTTCAACATACTCGCTAAGAACGCCTCGAGCTCGTTC
1,1,0,CTACAAATAAAGAAAGGAACGATTTTAAGGGCTTAAATATAATCATCCCGCTTTTCGTCACAAAAACCGCAGATAATCCTTCCTTTCCCCGGCAGCTGGCGTTATGGTCAGATGGTTTTAACATCACCTCTCACAGTAGAAAGTTTCAACATACTCGCTAAGAATGCGCACTCTTGGATT
4,3,1,CTACAAATAAAGAAAGGAACGATTTTAAGGGCTTAAATATAATCATCCCGCTTTTCGTCACAAAAACCGCAGATAATCCTTCCTTTCCCCGGCAGCTGGCGTTATGGTCAGATGGTTTTAACATCACCTCTCACAGTAGAAAGTTTCAACATACTCGCTAATAGTTAATGGTGTCGAATA
13,4,9,CTACAAATAAAGAAAGGAACGATTTTAAGGGCTTAAATATAATCATCCCGCTTTTCGTCACAAAAACCGCAGATAATCCTTCCTTTCCCCGGCAGCTGGCGTTATGGTCAGATGGTTTTAACATCACCTCTCACAGTAGAAAGTTTCAACATACTCGCTAATTCCAGGCAAATTGTTCCT
7,3,4,CTACAAATAAAGAAAGGAACGATTTTAAGGGCTTAAATATAATCATCCCGCTTTTCGTCACAAAAACCGCAGATAATCCTTCCTTTCCCCGGCAGCTGGCGTTATGGTCAGATGGTTTTAACATCACCTCTCACAGTAGAAAGTTTCAACATACTCGCTACGGTATCAATTCCTTTACGT
34,13,21,CTACAAATAAAGAAAGGAACGATTTTAAGGGCTTAAATATAATCATCCCGCTTTTCGTCACAAAAACCGCAGATAATCCTTCCTTTCCCCGGCAGCTGGCGTTATGGTCAGATGGTTTTAACATCACCTCTCACAGTAGAAAGTTTCAACATACTCGCTAGACGCCTAGGTGTCGCATGG
3,1,2,CTACAAATAAAGAAAGGAACGATTTTAAGGGCTTAAATATAATCATCCCGCTTTTCGTCACAAAAACCGCAGATAATCCTTCCTTTCCCCGGCAGCTGGCGTTATGGTCAGATGGTTTTAACATCACCTCTCACAGTAGAAAGTTTCAACATACTCGCTAGTGGCTACCACAGTCGATCG
8,1,7,CTACAAATAAAGAAAGGAACGATTTTAAGGGCTTAAATATAATCATCCCGCTTTTCGTCACAAAAACCGCAGATAATCCTTCCTTTCCCCGGCAGCTGGCGTTATGGTCAGATGGTTTTAACATCACCTCTCACAGTAGAAAGTTTCAACATACTCGCTAGTTTTAAGTGCTTAATAGTG
69,6,63,CTACAAATAAAGAAAGGAACGATTTTAAGGGCTTAAATATAATCATCCCGCTTTTCGTCACAAAAACCGCAGATAATCCTTCCTTTCCCCGGCAGCTGGCGTTATGGTCAGATGGTTTTAACATCACCTCTCACAGTAGAAAGTTTCAACATACTCGCTATAGTGCTTTTTCTGTAACTG
15,3,12,CTACAAATAAAGAAAGGAACGATTTTAAGGGCTTAAATATAATCATCCCGCTTTTCGTCACAAAAACCGCAGATAATCCTTCCTTTCCCCGGCAGCTGGCGTTATGGTCAGATGGTTTTAACATCACCTCTCACAGTAGAAAGTTTCAACATACTCGCTATTCTTGTTAGATTCATGCTA
14,5,9,CTACAAATAAAGAAAGGAACGATTTTAAGGGCTTAAATATAATCATCCCGCTTTTCGTCACAAAAACCGCAGATAATCCTTCCTTTCCCCGGCAGCTGGCGTTATGGTCAGATGGTTTTAACATCACCTCTCACAGTAGAAAGTTTCAACATACTCGCTATTGTTGCTGCTAATGAATTG
16,14,2,CTACAAATTAAGACTGGAACGCATTTACTGGGTAAAATACAATCAAGCTGCTTATCATCACCAAAACCGCTGATAAACCTTACTTCCCCCGTCTGCTAGCGTTATGGTCAGATGGTTTTTACAAAAAATCTCACAATAAAATGTTTCAAAATACTGACAAAGCGAGTCAACTGGGTTACA
15,15,0,CTACAAATTAAGACTGGAACGCATTTACTGGGTAAAATACAATCAAGCTGCTTATCATCACCAAAACCGCTGATAAACCTTACTTCCCCCGTCTGCTAGCGTTATGGTCAGATGGTTTTTGCAAAAAATCTCACAATAAAATGTTTCAAAATACTGACAAATCTTTCATATCTACCACCA
1,1,0,CTACAAATTAAGACTGGAACGCATTTACTGGGTAAAATACAATCAAGCTGCTTATCATCACCAAAACCGCTGATAAACCTTACTTCCCCCGTCTGCTAGCGTTATGGTCAGATGGTTTTTGCAAAAAATCTCACAATAAAATGTTTCAAAATACTGACAAGATCGGTCGTAACGTTAGAT
7,4,3,CTACAAATTAAGACTGGAACGCATTTACTGGGTAAAATACAATCAAGCTGCTTATCATCACCAAAACCGCTGATAAACCTTACTTCCCCCGTCTGCTAGCGTTATGGTCAGATGGTTTTTGCAAAAAATCTCACAATAAAATGTTTCAAAATACTGACAAGTCTGTTCTGATAGGGGTCC
2,0,2,CTACAACAAAAGTCATGAACGTATTTACTGGGTTAAATATAATCTTCCTGCTTTTCTTCACAAAAACCACAGATAATCCTCCTTTACCCCGGCAGCTAACGTTATGGTCAGATGATTTTTGCAACAAATCTGACAATAAAAAATTTCAACATACTGACTACCTCTGAATGTCGGCGGTAT
3,2,1,CTACAATAAAACACAGGAAGGTATATACTGGGTTAAATATAATCGTCCTGCTTCTCATCAGAAAAACCGCAGATAATCATTCATTTCCCCGGCAGCTGGTGTTATGGTCAGATGATTTTTGCGACAAATCACAGAATAAAAAGTTTCAACATACTGTCTAAACTCCTCACAACCCAGCGG
14,11,3,CTACAATTAAAGACAGGATCGTATTTACTGCGTTAAATATAATCACCCTGCTTATCATCATAAAAACCGCACATAAGCCTTCCTTTGCCCGGCAGCTGGCGTTATGGTCAGATGGTTGTTGCAACAAATGTCAGAATAAAAAGCTTCAACATACTGACTAATAGGATTTGGTCATTTTGA
6,3,3,CTACAATTAAAGACAGGATCGTATTTACTGCGTTAAATATAATCACCCTGCTTATCATCATAAAAACCGCACATAAGCCTTCCTTTGCCCGGCAGCTGGCGTTATGGTCAGATGGTTGTTGCAACAAATGTCAGAATAAAAAGCTTCAACATACTGACTAGCATGGAGATGTGCCGGAGT
1,1,0,CTACATAATAAGACAGAAATGTATTTACTGGATTAAATGTACTCATCCTGGTTTTCACTAGAAAAACCGCAGATAATCCTTCTTTTCCCCCGCAGCTGGCGTTATGGTCAGATGGTTTTTGCAACAAATCTCTCAATAGACCTTTTCAGTACACTGACTAACGGGTCTTCAAACCACATG
2,2,0,CTACATAATAAGACAGAAATGTATTTACTGGATTAAATGTACTCATCCTGGTTTTCACTAGAAAAACCGCAGATAATCCTTCTTTTCCCCCGCAGCTGGCGTTATGGTCAGATGGTTTTTGCAACAAATCTCTCAATAGACCTTTTCAGTACACTGACTAGCCCATCGTCGGTAAGAGGA
3,3,0,CTACATAATAAGACAGAAATGTATTTACTGGATTAAATGTACTCATCCTGGTTTTCACTAGAAAAACCGCAGATAATCCTTCTTTTCCCCCGCAGCTGGCGTTATGGTCAGATGGTTTTTGCAACAAATCTCTCAATAGACCTTTTCAGTACACTGACTAGCGACCGCTGGGGTCTCACA
5,5,0,CTACATAATAAGACAGAAATGTATTTACTGGATTAAATGTACTCATCCTGGTTTTCACTAGAAAAACCGCAGATAATCCTTCTTTTCCCCCGCAGCTGGCGTTATGGTCAGATGGTTTTTGCAACAAATCTCTCAATAGACCTTTTCAGTACACTGACTAGTACCACGCCAAACATGTCA
7,2,5,CTACCAAAAAAGGCAGGAACGTATTTACTGGGTTAAATACAATCCTCATGCATTTCATCACAAAAACCGGAGATATTCCTTCCTTTCCCCCGCAGCTGGGGTTATGGTCAGATGGCTTTTGCAACACATCTCACAATAAAAACTATCAACATACTGACTACAGGTAGGCGAGCTATAACA
11,5,6,CTACCAAAAAAGGCAGGAACGTATTTACTGGGTTAAATACAATCCTCATGCATTTCATCACAAAAACCGGAGATATTCCTTCCTTTCCCCCGCAGCTGGGGTTATGGTCAGATGGCTTTTGCAACACATCTCACAATAAAAACTATCAACATACTGACTACTGCCTTTGCGGGCTTTACG
5,2,3,CTACCAAAAAAGGCAGGAACGTATTTACTGGGTTAAATACAATCCTCATGCATTTCATCACAAAAACCGGAGATATTCCTTCCTTTCCCCCGCAGCTGGGGTTATGGTCAGATGGCTTTTGCAACACATCTCACAATAAAAACTATCAACATACTGACTAGTCGACTATATATATCTACG
4,4,0,CTACCAAAAAAGGCAGGAACGTATTTACTGGGTTAAATACAATCCTCATGCATTTCATCACAAAAACCGGAGATATTCCTTCCTTTCCCCCGCAGCTGGGGTTATGGTCAGATGGCTTTTGCAACACATCTCACAATAAAAACTATCAACATACTGACTATCCCTTTGCTTACATCTGCC
52,5,47,CTAGAAAAAAAGACAGTAACGTATTTACTTGGTTAGATATAATCGTCCTGCTTTTCATCACAAAAACCGCAGATTAACCTTCCTTTATCCTACAGCTGGCGTTATGGTCACATGGTTTGAGCAACAACTCTGACATTAATAATTTTCAACATACTGAGTAACGCACGGCGTCTCTGAATT
29,5,24,CTAGAAAAAAAGACAGTAACGTATTTACTTGGTTAGATATAATCGTCCTGCTTTTCATCACAAAAACCGCAGATTAACCTTCCTTTATCCTACAGCTGGCGTTATGGTCACATGGTTTGAGCAACAACTCTGACATTAATAATTTTCAACATACTGAGTACGCCCTGATCACTTACCAAC
16,3,13,CTAGAAAAAAAGACAGTAACGTATTTACTTGGTTAGATATAATCGTCCTGCTTTTCATCACAAAAACCGCAGATTAACCTTCCTTTATCCTACAGCTGGCGTTATGGTCACATGGTTTGAGCAACAACTCTGACATTAATAATTTTCAACATACTGAGTATCGTTCAATAGTTCTGTAAT
64,13,51,CTAGAAAAAAAGACAGTAACGTATTTACTTGGTTAGATATAATCGTCCTGCTTTTCATCACAAAAACCGCAGATTAACCTTCCTTTATCCTACAGCTGGCGTTATGGTCACATGGTTTGAGCAACAACTCTGACATTAATAATTTTCAACATACTGAGTATTTTCCCATACTGAAGGTTC
1,1,0,CTAGAAAACAAGGCAGGAGCGTATTTACTGGGTTAAATATAATCATCCTGCGTTTCATCACCAAACCCGGAGATAATCCTTGGTTCCCCGGCAGCTGGCGGTTAAGATCAGACGGTTTTGGCGACAAATCTCTCAATAACAAGTTTCAACACACTGACTAATTTGGCTATGAAGGATACT
2,2,0,CTAGAAAACAAGGCAGGAGCGTATTTACTGGGTTAAATATAATCATCCTGCGTTTCATCACCAAACCCGGAGATAATCCTTGGTTTCCCCGGCAGCTAGCGTTAAGATCAGACGGTTTTGGCGACAAATCTCTCAATAACAAGTTTCAACACACTGACTACGTTATGACGACCTGTACCT
9,5,4,CTAGAAAACAAGGCAGGAGCGTATTTACTGGGTTAAATATAATCATCCTGCGTTTCATCACCAAACCCGGAGATAATCCTTGGTTTCCCCGGCAGCTGGCGTTAAGATCAGACGGTTTTGGCGACAAATCTCTCAATAACAAGTTTCAACACACTGACTAAAGGCACACGGGCATGTCCA
8,4,4,CTAGAAAACAAGGCAGGAGCGTATTTACTGGGTTAAATATAATCATCCTGCGTTTCATCACCAAACCCGGAGATAATCCTTGGTTTCCCCGGCAGCTGGCGTTAAGATCAGACGGTTTTGGCGACAAATCTCTCAATAACAAGTTTCAACACACTGACTAGAACCAGGAGAGCTTAAAGC
5,2,3,CTAGAAAACAAGGCAGGAGCGTATTTACTGGGTTAAATATAATCATCCTGCGTTTCATCACCAAACCCGGAGATAATCCTTGGTTTCCCCGGCAGCTGGCGTTAAGATCAGACGGTTTTGGCGACAAATCTCTCAATAACAAGTTTCAACACACTGACTAGAATTTTATCTTGGCATACG
16,3,13,CTAGAAAACAAGGCAGGAGCGTATTTACTGGGTTAAATATAATCATCCTGCGTTTCATCACCAAACCCGGAGATAATCCTTGGTTTCCCCGGCAGCTGGCGTTAAGATCAGACGGTTTTGGCGACAAATCTCTCAATAACAAGTTTCAACACACTGACTATCGAATTAGTAGGGCCGCAC
12,9,3,CTAGAAAACAAGGCAGGAGCGTATTTACTGGGTTAAATATAATCATCCTGCGTTTCATCACCAAACCCGGAGATAATCCTTGGTTTCCCCGGCAGCTGGCGTTAAGATCAGACGGTTTTGGCGACAAATCTCTCAATAACAAGTTTCAACACACTGACTATTAGTATGATAGTATCAGGA
2,1,1,CTATAAAATAAGAAAGGATCGTATTTACTGGGTTAAATAGACTCATCCTGCTTTTCATCACTAAATCAGCAGAAAATGCTTACTTTCCCCGGCAGCTGGTGTTATGGTCAGATGGTTTTTGCAACGAATCTCACTAAAAAAAGTTTCTACATACTGTCTAATGGGTGCTTCCACTCCTAA
4,1,3,CTATAAAATAAGAAAGGATCGTATTTACTGGGTTAAATAGACTCATCCTGCTTTTCATCACTAAATCAGCAGAAAATGCTTACTTTCCCCGGCAGCTGGTGTTATGGTCAGATGGTTTTTGCAACGAATCTCACTAAAAAAAGTTTCTACATACTGTCTATCTCGGCAAGTTCCTTTTGT
18,5,13,CTATAAAATAAGAAAGGATCGTATTTACTGGGTTAAATAGACTCATCCTGCTTTTCATCACTAAATCAGCAGAAAATGCTTACTTTCCCCGGCAGCTGGTGTTATGGTCAGATGGTTTTTGCAACGAATCTCACTAAAAAAAGTTTCTACATACTGTCTATGGACCAAGTACTGCGAAAG
10,8,2,CTATAAAATAAGAAAGGATCGTATTTACTGGGTTAAATAGACTCATCCTGCTTTTCATCACTAAATCAGCAGAAAATGCTTACTTTCCCCGGCAGCTGGTGTTATGGTCAGATGGTTTTTGCAACGAATCTCACTAAAAAAAGTTTCTACATACTGTCTATGGGTATATAGAATACCCGT
5,5,0,CTCCAAAAAAAGACAGGAACGCATTTACCGGGTTAAATATAATCATCCTGCATTTTATCACAAAAACCGCAGATAATCCTTCCTTTCATGGGCAGCTGGCGTTGTGGTCAGGTGGTTTTTGCAACAAATCTCAGAATAAAAAGTTTGAACATACTGACTAAGAAGTTATTGTAGCTTCAA
3,3,0,CTCCAAAAAAAGACAGGAACGCATTTACCGGGTTAAATATAATCATCCTGCATTTTATCACAAAAACCGCAGATAATCCTTCCTTTCATGGGCAGCTGGCGTTGTGGTCAGGTGGTTTTTGCAACAAATCTCAGAATAAAAAGTTTGAACATACTGACTACGAAACTTTTAGGAGTTCCA
3,2,1,CTCCAAAAAAAGACAGGAACGCATTTACCGGGTTAAATATAATCATCCTGCATTTTATCACAAAAACCGCAGATAATCCTTCCTTTCATGGGCAGCTGGCGTTGTGGTCAGGTGGTTTTTGCAACAAATCTCAGAATAAAAAGTTTGAACATACTGACTACTCATAGTGTTCTGTTTTGG
1,1,0,CTCCAAAAAAAGACAGGAACGCATTTACCGGGTTAAATATAATCATCCTGCATTTTATCACAAAAACCGCAGATAATCCTTCCTTTCATGGGCAGCTGGCGTTGTGGTCAGGTGGTTTTTGCAACAAATCTCAGAATAAAAAGTTTGAACATACTGACTAGGCATTATTAACATGCAAGA
1,1,0,CTCCAAAAAAAGACAGGAACGCATTTACCGGGTTAAATATAATCATCCTGCATTTTATCACAAAAACCGCAGATAATCCTTCCTTTCATGGGCAGCTGGCGTTGTGGTCAGGTGGTTTTTGCAACAAATCTCAGAATAAAAAGTTTGAACATACTGACTATTTTCTTAGACGTTGCGCTG
2,2,0,CTCCAAAAAAAGACAGGAACGCATTTACCGGGTTAAATATAATCATCCTGCATTTTATCACAAAAACCGCAGATAATCCTTCCTTTCATGGGCAGTTGGCGTTGTGGTCAGGTGGTTTTTGCAACAAATCTCAGAATAAAAAGTTTGAACATACTGACTAGTAGCGAATAGACTTGCTAA
7,6,1,CTGCAAAAGAAGACAGCAACGTGTTTACTGGGTTAAATATAATCATCCAGCTTGTCATCACAAAAAACGGAGTTAATCATTCCTTTCGCCGGCTGCTGGCGTTATGGTCAGATGGTTTTTTCAACAAAACTCACATTAAAAAGTTTCAACGTACTGATTAACAACCAAGAATAAGAAATG
1,1,0,CTGCAAAAGAAGACAGCAACGTGTTTACTGGGTTAAATATAATCATCCAGCTTGTCATCACAAAAAACGGAGTTAATCATTCCTTTCGCCGGCTGCTGGCGTTATGGTCAGATGGTTTTTTCAACAAAACTCACATTAAAAAGTTTCAACGTACTGATTAAGTTTTGCTCAAATTAGTCG
2,0,2,CTGCAAAAGAAGACAGCAACGTGTTTACTGGGTTAAATATAATCATCCAGCTTGTCATCACAAAAAACGGAGTTAATCATTCCTTTCGCCGGCTGCTGGCGTTATGGTCAGATGGTTTTTTCAACAAAACTCACATTAAAAAGTTTCAACGTACTGATTAATGGTCAGCGGAGCCTACTA
9,6,3,CTGCAAAAGAAGACAGCAACGTGTTTACTGGGTTAAATATAATCATCCAGCTTGTCATCACAAAAAACGGAGTTAATCATTCCTTTCGCCGGCTGCTGGCGTTATGGTCAGATGGTTTTTTCAACAAAACTCACATTAAAAAGTTTCAACGTACTGATTATCAGCTATTCCTGTCGGTGA
9,2,7,CTGCAAAAGAAGACAGCAACGTGTTTACTGGGTTAAATATAATCATCCAGCTTGTCATCACAAAAAACGGAGTTAATCATTCCTTTCGCCGGCTGCTGGCGTTATGGTCAGATGGTTTTTTCAACAAAACTCACATTAAAAAGTTTCAACGTACTGATTATGTTCGTCAAAACCCGAGCC
12,6,6,GAACAAAAAAAGACAGCAACGAGTTTACCGGGTTAAATATGATGATCCTGCTTTTCATCACAACAACCGCCGATGATCGTTCCTTTCCCAGGTAGCTGGCGTTATGATCAGATGGTTTTTGCAACCAATCTCACAATAAAAAGTTTTAACATACTGACTAACTGCGGAGCTCCTGGATAT
2,2,0,GAACAAAAAAAGACAGCAACGAGTTTACCGGGTTAAATATGATGATCCTGCTTTTCATCACAACAACCGCCGATGATCGTTCCTTTCCCAGGTAGCTGGCGTTATGATCAGATGGTTTTTGCAACCAATCTCACAATAAAAAGTTTTAACATACTGACTAAGGATGAGTCTTCGTCATCC
13,4,9,GAACAAAAAAAGACAGCAACGAGTTTACCGGGTTAAATATGATGATCCTGCTTTTCATCACAACAACCGCCGATGATCGTTCCTTTCCCAGGTAGCTGGCGTTATGATCAGATGGTTTTTGCAACCAATCTCACAATAAAAAGTTTTAACATACTGACTAAGTCGCGCTTGTTTATCACG
7,4,3,GAACAAAAAAAGACAGCAACGAGTTTACCGGGTTAAATATGATGATCCTGCTTTTCATCACAACAACCGCCGATGATCGTTCCTTTCCCAGGTAGCTGGCGTTATGATCAGATGGTTTTTGCAACCAATCTCACAATAAAAAGTTTTAACATACTGACTACGATGTTTGTTCAGCATTAT
2,1,1,GAACAAAAAAAGACAGCAACGAGTTTACCGGGTTAAATATGATGATCCTGCTTTTCATCACAACAACCGCCGATGATCGTTCCTTTCCCAGGTAGCTGGCGTTATGATCAGATGGTTTTTGCAACCAATCTCACAATAAAAAGTTTTAACATACTGACTACGCTTTTGTGGCCGAGAGCC
17,2,15,GAACAAAAAAAGACAGCAACGAGTTTACCGGGTTAAATATGATGATCCTGCTTTTCATCACAACAACCGCCGATGATCGTTCCTTTCCCAGGTAGCTGGCGTTATGATCAGATGGTTTTTGCAACCAATCTCACAATAAAAAGTTTTAACATACTGACTACTGTGGGCGCCGTCTCTTCC
2,2,0,GAACAAAAAAAGACAGCAACGAGTTTACCGGGTTAAATATGATGATCCTGCTTTTCATCACAACAACCGCCGATGATCGTTCCTTTCCCAGGTAGCTGGCGTTATGATCAGATGGTTTTTGCAACCAATCTCACAATAAAAAGTTTTAACATACTGACTATGTCCAGCGTACTGCTATCA
14,6,8,GAACAAAAAAAGACAGCAACGAGTTTACCGGGTTAAATATGATGATCCTGCTTTTCATCACAACAACCGCCGATGATCGTTCCTTTCCCAGGTAGCTGGCGTTATGATCAGATGGTTTTTGCAACCAATCTCACAATAAAAAGTTTTAACATATTGACTACTTCTATTCCTCGGAGTTAG
10,8,2,GAACAAAAAAAGACAGCAACGAGTTTACCGGGTTAAATATGTTGATCCTGCTTTTCATCACAACAACCGCCGATGATCGTTCCTTTCCCAGGTAGCTGGCGTTATGATCAGATGGTTTTTGCAACCAATCTCACAATAAAAAGTTTTAACATACTGACTAACGTATTACGATCTGACGAT
11,0,11,GAACAAAAAAAGACAGGATAGAATTTACTGGGTTAAAAATAATCATCCTGCATTTCATCACAAAAACCGAAGCGAATCCTTTCTTTCCCCGGCAGCTGGCGTTATGGTCAGATGGTTTCTGCAACAAATCTCACAGTAAAAAGTTTAAACATACTGACTAGCTTTTCTTTTATACGTTAC
9,2,7,GAACAAAAAAAGACAGGATAGAATTTACTGGGTTAAAAATAATCATCCTGCATTTCATCACAAAAACCGAAGCGAATCCTTTCTTTCCCCGGCAGCTGGCGTTATGGTCAGATGGTTTCTGCAACAAATCTCACAGTAAAAAGTTTAAACATACTGACTAGGAATATGGCAGCTGAAGCC
2,2,0,GCACAAAAAAAGACAGCAACGTATTTACTGGCTTAAATATAAGCACGCTCCTTTTCATCAGAAGCACCCCAGGAAATACTTCCTTTCCCCGGCAGCTGGCGTTTGGGTCAGATGGTTTTTCCGTGACATCTCACAATAAAAAGTTTAAACATACTCGCTATAGTTCGCTTTCGCACAACA
4,4,0,GCACAAAAAAAGACAGGAACGTATTTAATGGGCTAAATATTAACATCCTGCTTTTCATCACAAAAACCGCAGCTAATCCCCCCTTTCCTTGGCAGCTGGCGTTATGGTCAGATGGTTTTTGCAACAAATCTCACAATAGAAAGTTTCAACATAATGACTACCGTATGACCTGTTCGCATT
9,7,2,GCACAAAAAAAGACAGGAACGTATTTAATGGGCTAAATATTAACATCCTGCTTTTCATCACAAAAACCGCAGCTAATCCCCCCTTTCCTTGGCAGCTGGCGTTATGGTCAGATGGTTTTTGCAACAAATCTCACAATAGAAAGTTTCAACATAATGACTACGCCTGCGTTACACTTGTTC
20,20,0,GCACAAAAAAAGACAGGAACGTATTTAATGGGCTAAATATTAACATCCTGCTTTTCATCACAAAAACCGCAGCTAATCCCCCCTTTCCTTGGCAGCTGGCGTTATGGTCAGATGGTTTTTGCAACAAATCTCACAATAGAAAGTTTCAACATAATGACTATAACATCGACTCGATGTCCG
31,2,29,GCACAAAAACAGACAGGACCGTAGTGACTGGGTTAAATATAGTCATCCTGCTTTACATCACAAAAACCCCAGATAATCCTTCCTTTACCCGGCAGCTTGCGTTATGCTCAGATGGGTTTTACAACAAATCTCATGATAAAAAGTTTCAACATACTGACTTCGCTCATATTAACTACTGCG
7,5,2,GGACAAAAAAAGACAGCAACGTATTTACTGGGTTAGATACTATCATCCTGCTTTTCATCACTAAAAGCGCAGATAATCCTTTCTTTCGCCCGCAGATGGCGTTATGGTCAGATGGTTTTTACAACAAATCTCACAATAAAAAGTTTCAACATACTGTGTACCGCTACACTAGACGGCGTG
34,7,27,GGACAAAAAAAGACAGCAACGTATTTACTGGGTTAGATACTATCATCCTGCTTTTCATCACTAAAAGCGCAGATAATCCTTTCTTTCGCCCGCAGATGGCGTTATGGTCAGATGGTTTTTACAACAAATCTCACAATAAAAAGTTTCAACATACTGTGTACGCTAAAAGAGCATGGCGCC
3,1,2,GGACAAAAAAAGACAGCAACGTATTTACTGGGTTAGATACTATCATCCTGCTTTTCATCACTAAAAGCGCAGATAATCCTTTCTTTCGCCCGCAGATGGCGTTATGGTCAGATGGTTTTTACAACAAATCTCACAATAAAAAGTTTCAACATACTGTGTATCCTGTAATTTTCCCGATAA
8,3,5,GGACAAAAAAAGACAGCAACGTATTTACTGGGTTAGATACTATCATCCTGCTTTTCATCACTAAAAGCGCAGATAATCCTTTCTTTCGCCCGCAGATGGCGTTATGGTCAGATGGTTTTTACAACAAATCTCACAATAAAAAGTTTCAACATACTGTGTATGTGTTTCACCCGCTGACAT
6,4,2,GGACAAAAAAAGACAGCAACGTATTTACTGGGTTAGATACTATCATCCTGCTTTTCATCACTAAAAGCGCAGATAATCCTTTCTTTCGCCCGCAGATGGCGTTATGGTCAGATGGTTTTTACAACAAATCTCACAATAAAAAGTTTCAACATACTGTGTATTTCACCGCCTTAATGTTCC
13,13,0,GGACGAAAAAAGATCGGAACGTATTTGCTGGGTTAAATATAAACATCGAGCTTTTCAACACAGAAACCGCAGATAATCCTTCCTTTCCCCGGCAGCTGGCGTTTTGGTCAGATGGTTTTTGCATCAAATCTCACACTAAGACGATTCAACATTCTGACTACTGTGGCCTCTTTGGTAAGG
7,7,0,GGACGAAAAAAGATCGGAACGTATTTGCTGGGTTAAATATAAACATCGAGCTTTTCAACACAGAAACCGCAGATAATCCTTCCTTTCCCCGGCAGCTGGCGTTTTGGTCAGATGGTTTTTGCATCAAATCTCACACTAAGACGATTCAACATTCTGACTAGAACATTCTTAGAAAACTCT
1,1,0,GGACGAAAAAAGATCGGAACGTATTTGCTGGGTTAAATATAAACATCGAGCTTTTCAACACAGAAACCGCAGATAATCCTTCCTTTCCCCGGCAGCTGGCGTTTTGGTCAGATGGTTTTTGCATCAAATCTCACACTAAGACGATTCAACATTCTGACTAGAAGTAATTTGATAACCACG
2,2,0,GGACGAAAAAAGATCGGAACGTATTTGCTGGGTTAAATATAAACATCGAGCTTTTCAACACAGAAACCGCAGATAATCCTTCCTTTCCCCGGCAGCTGGCGTTTTGGTCAGATGGTTTTTGCATCAAATCTCACACTAAGACGATTCAACATTCTGACTATTTGCAACTGCTCTTTGTCG
10,10,0,GGACGAAAAAAGATCGGAACGTATTTGCTGGGTTAAATATAAACATCGAGCTTTTCAACACAGAAACCGCAGATAATCCTTCCTTTCCCCGGCAGCTGGCGTTTTGGTCAGATGGTTTTTGCATCAAATCTCACACTAAGACTATTCAACATTCTGACTAACTGGTCGGCCCGGTGCTGG
2,1,1,GGTCAAAAAAAGACAGGAACGTATTTAATGGGTGAAATATAATCATGCTGCTTTTCATCACAATAACCGCAGATAATACTTCCTTTCCTCGGCAGCAGGCGTTATGGTCAGATGATTTTTCCAACAAATCTCACAATCAAAAGTTTCACCATACTGACTCCACTAATAACTTTTCTTAAG
13,10,3,GGTCAAAAAAAGACAGGAACGTATTTAATGGGTGAAATATAATCATGCTGCTTTTCATCACAATAACCGCAGATAATACTTCCTTTCCTCGGCAGCAGGCGTTATGGTCAGATGATTTTTCCAACAAATCTCACAATCAAAAGTTTCACCATACTGACTCGGCCGCCTATAGGTAAGGAG
1,1,0,GGTCAAAAAAAGACAGGAACGTATTTAATGGGTGAAATATAATCATGCTGCTTTTCATCACAATAACCGCAGATAATACTTCCTTTCCTCGGCAGCAGGCGTTATGGTCAGATGATTTTTCCAACAAATCTCACAATCAAAAGTTTCACCATACTGACTCTTCTGTTTTCGCAAGAAAGA
1,1,0,GGTCAAAAAAAGACAGGAACGTATTTAATGGGTGAAATATAATCATGCTGCTTTTCATCACAATAACCGCAGATAATACTTCCTTTCCTCGGCAGCAGGCGTTATGGTCAGATGATTTTTCCAACAAATCTCACAATCAAAAGTTTCACCATACTGACTCTTGGCATGTGGAAGTAGTAC
9,5,4,GTACAAAAAAAAACGGGCACCTATTTACGGGGTTAAATTTAATCATCCTGTGTTTCATCACACAAACCGCAGATAATCCAGCCATTCCCCGGCAGTTGCCGTTATAGTCAGATGGTGTTTGGAACAAATCTCACATTAAAAAGTGTCACAGTACTGACTTAGACTCGGCATCTGCATGAA
1,1,0,GTACAAAAAAAAACGGGCACCTATTTACGGGGTTAAATTTAATCATCCTGTGTTTCATCACACAAACCGCAGATAATCCAGCCATTCCCCGGCAGTTGCCGTTATAGTCAGATGGTGTTTGGAACAAATCTCACATTAAAAAGTGTCACAGTACTGACTTATCTTATGTTCTACCCGGCT
8,8,0,GTACAAAAAAAAACGGGCACCTATTTACGGGGTTAAATTTAATCATCCTGTGTTTCATCACACAAACCGCAGATAATCCAGCCATTCCCCGGCAGTTGCCGTTATAGTCAGATGGTGTTTGGAACAAATCTCACATTAAAAAGTGTCACAGTACTGACTTCAAGGTCGTCCAAAAAGGAG
7,4,3,GTACAAAAAAAAACGGGCACCTATTTACGGGGTTAAATTTAATCATCCTGTGTTTCATCACACAAACCGCAGATAATCCAGCCATTCCCCGGCAGTTGCCGTTATAGTCAGATGGTGTTTGGAACAAATCTCACATTAAAAAGTGTCACAGTACTGACTTGACCTCCCAGAAAGATAGTG
2,1,1,GTACAAAAAAAAACGGGCACCTATTTACGGGGTTAAATTTAATCATCCTGTGTTTCATCACACAAACCGCAGATAATCCAGCCATTCCCCGGCAGTTGCCGTTATAGTCAGATGGTGTTTGGAACAAATCTCACATTAAAAAGTGTCACAGTACTGACTTTACAATCACGGACCGTCCAC
16,8,8,GTACAAAAAAAGACAAGAACGAAATTACACGCTTAAATAGAATCATCCTGCTTTTCATCGCAATAATCGCAGATAATCCTTCCGCTCCCCAGCAGTTGGCGTTATGCTCAGATGATTTTTGCAACAAAGCTCACAAGAAAACGTTGCTACATATTGATTAACTACACGGGGGGGTTAGTC
3,1,2,GTACAAAAAAAGACAAGAACGAAATTACACGCTTAAATAGAATCATCCTGCTTTTCATCGCAATAATCGCAGATAATCCTTCCGCTCCCCAGCAGTTGGCGTTATGCTCAGATGATTTTTGCAACAAAGCTCACAAGAAAACGTTGCTACATATTGATTAAGGGAGGCCACCATACTGCA
6,2,4,GTACAAAAAAAGACAAGAACGTATTTTCTGGGTTAAATATAATCATCCTGCTTTTCATCCGAAAAACTACAGATAATCCTTCCTTTCCCGGGCAGCTGGCGGTATGCTCAGAGGGTTTTTGCATCAAAGCTCACAATAAACAGTTGCAACCTACTAACTAGAAACATAAACTCCGCGATG
27,4,23,GTACAAAAAAAGACAAGAACGTATTTTCTGGGTTAAATATAATCATCCTGCTTTTCATCCGAAAAACTACAGATAATCCTTCCTTTCCCGGGCAGCTGGCGGTATGCTCAGAGGGTTTTTGCATCAAAGCTCACAATAAACAGTTGCAACCTACTAACTAGATTCTTAGGCTCCCATTTT
2,1,1,GTACAAAAAAAGACAAGAACGTATTTTCTGGGTTAAATATAATCATCCTGCTTTTCATCCGAAAAACTACAGATAATCCTTCCTTTCCCGGGCAGCTGGCGGTATGCTCAGAGGGTTTTTGCATCAAAGCTCACAATAAACAGTTGCAACCTACTAACTATTGTTTGGGCCTGAGTTTGG
9,1,8,GTACAAAAAAAGACAAGAACGTATTTTCTGGGTTAAATATAATCATCCTGCTTTTCATCCGAAAAACTACAGATAATCCTTCCTTTCCCGGGCAGCTGGCGGTATGCTCAGAGGGTTTTTGCATCAAAGCTCACAATAAACAGTTGCTACCTACTAACTACAACCTCTATTGAGACACTA
7,3,4,GTACAAAAAAAGACACGAACGTATTTACTGAGTTAAATAGATTTATCCAGTTTTACATCACAAAACCCGCTGATAATCCTTTCTTACCTCGGCCGCTGGCGTTATGGTCGCATGGTTTTTGCAAACAATCTCACAATAAAAAGTTTCATCATACTGACTAGAATAAAGTCAAACTTTATG
5,5,0,GTACAAAAAAAGACACGAACGTATTTACTGAGTTAAATAGATTTATCCAGTTTTACATCACAAAACCCGCTGATAATCCTTTCTTACCTCGGCCGCTGGCGTTATGGTCGCATGGTTTTTGCAAACAATCTCACAATAAAAAGTTTCATCATACTGACTATTTAATATATTATGACTGAG
10,7,3,GTACAAAAAAAGACAGCAACGTATTTACTGGGTTAAATATAATCATCCTGCTTTTCATCACAAAAACTGCAAATAATCCATCCTTCCCCCGGCAGCTGGCATTATGGGCAGATGGTTTTGCCACCAATTATCCCAACAACAAGTTACAAGAGACTGACTAACGACTGGTACTCTGGAGAC
3,3,0,GTACAAAAAAAGACAGCAACGTATTTACTGGGTTAAATATAATCATCCTGCTTTTCATCACAAAAACTGCAAATAATCCATCCTTCCCCCGGCAGCTGGCATTATGGGCAGATGGTTTTGCCACCAATTATCCCAACAACAAGTTACAAGAGACTGACTACGCACGGGTAGTAGTAGCTT
6,6,0,GTACAAAAAAAGACAGCAACGTATTTACTGGGTTAAATATAATCATCCTGCTTTTCATCACAAAAACTGCAAATAATCCATCCTTCCCCCGGCAGCTGGCATTATGGGCAGATGGTTTTGCCACCAATTATCCCAACAACAAGTTACAAGAGACTGACTACTGTTTCGGTGAAAGCCTTT
25,1,24,GTACAAAAAAAGACAGCAACGTATTTACTGGGTTAAATATAATCATCCTGCTTTTCATCACAAAAACTGCAAATAATCCATCCTTCCCCCGGCAGCTGGCATTATGGGCAGATGGTTTTGCCACCAATTATCCCAACAACAAGTTACAAGAGACTGACTAGTAAGAACCGGACTTTTATT
1,1,0,GTACAAAAAAAGACAGCAACGTATTTACTGGGTTAAATATAATCATCCTGCTTTTCATCACAAAAACTGCAAATAATCCATCCTTCCCCCGGCAGCTGGCATTATGGGCAGATGGTTTTGCCACCAATTATCCCAACAACAAGTTACAAGAGACTGACTATTTGCTACAAATGCAATAAC
7,3,4,GTACAAAAAAAGACAGGAACGTACTTACTGGGTTATATGTAATCGTCCTCCTTTTCATCGCAAAACCCGCAGATAGTCCTTCCTTTCCCCCGCAGCTGGCGTTATGGTAAGAAGGTTTTTGCGACAAATCTCACAATAAATAGTTTCTACTTACTGGCTAATTCTTTTCCTCGAGGGCAT
4,1,3,GTACAAAAAAAGACAGGAACGTACTTACTGGGTTATATGTAATCGTCCTCCTTTTCATCGCAAAACCCGCAGATAGTCCTTCCTTTCCCCCGCAGCTGGCGTTATGGTAAGAAGGTTTTTGCGACAAATCTCACAATAAATAGTTTCTACTTACTGGCTAGAGCTAATTTGTAAACCGTG
29,17,12,GTACAAAAAAAGACAGGAACGTACTTACTGGGTTATATGTAATCGTCCTCCTTTTCATCGCAAAACCCGCAGATAGTCCTTCCTTTCCCCCGCAGCTGGCGTTATGGTAAGAAGGTTTTTGCGACAAATCTCACAATAAATAGTTTCTACTTACTGGCTAGGTACCTCCCCATATCGGAG
7,1,6,GTACAAAAAAAGACAGGAACGTACTTACTGGGTTATATGTAATCGTCCTCCTTTTCATCGCAAAACCCGCAGATAGTCCTTCCTTTCCCCCGCAGCTGGCGTTATGGTAAGAAGGTTTTTGCGACAAATCTCACAATAAATAGTTTCTACTTACTGGCTAGGTCCTGTGAGCGATTGCGG
18,15,3,GTACAAAAAAAGACAGGAACGTACTTACTGGGTTATATGTAATCGTCCTCCTTTTCATCGCAAAACCCGCAGATAGTCCTTCCTTTCCCCCGCAGCTGGCGTTATGGTAAGAAGGTTTTTGCGACAAATCTCACAATAAATAGTTTCTACTTACTGGCTAGTGCAAGCCCCTGGTAATCA
2,1,1,GTACAAAAAAAGACAGGAACGTACTTACTGGGTTATATGTAATCGTCCTCCTTTTCATCGCAAAACCCGCAGATAGTCCTTCCTTTCCCCCGCAGCTGGCGTTATGGTAAGAAGGTTTTTGCGACAAATCTCACAATAAATAGTTTCTACTTACTGGCTAGTGCACGCCCTTCGGGATAT
1,1,0,GTACAAAAAAAGACAGGAACGTACTTACTGGGTTATATGTAATCGTCCTCCTTTTCATCGCAAAACCCGCAGATAGTCCTTCCTTTCCCCCGCAGCTGGCGTTATGGTAAGAAGGTTTTTGCGACAAATCTCACAATAAATAGTTTCTACTTACTGGCTATATCCCCAATGAATTCTTTG
6,6,0,GTACAAAAAAAGACAGGAACGTACTTACTGGGTTATATGTAATCGTCCTCCTTTTCATCGCAAAACCCGCAGATAGTCCTTCCTTTCCCCCGCAGCTGGCGTTATGGTAAGAAGGTTTTTGCGACAAATCTCACAATAAATAGTTTCTACTTACTGGCTATCATCTCGTGGTTCTCCATA
8,4,4,GTACAAAAAAAGACAGGAACGTATTTACTGGGTGAAATATAATCTTCCCGCTTTTCATCACGAAAACCTCAAATACTCCTTCCTTTCCCCGGCAGCTGGCGTTATGCTCAGATGGAATTTGCCTCAAATCTCACAAGAAAAAGTTTCAACATACTGTCTATGCTAAGTTGTTGCGCAAGC
10,10,0,GTACAAAAAAAGACAGGAACGTATTTACTGGGTTTTAAATAATCTTCCTGCTATTCATCATAAAAACCGCAGAGAATCCTTCCTTTCCCCGGCGGCTGGCGTAATGGTCAGAAGATTTGTGCAACAAATCTCACAAGAAAAAGTTTCAACATGCTGACCACTAAAGTGGCTGATGTGTAG
1,1,0,GTACAAAAAAAGACAGGAACGTATTTACTGGGTTTTAAATAATCTTCCTGCTATTCATCATAAAAACCGCAGAGAATCCTTCCTTTCCCCGGCGGCTGGCGTAATGGTCAGAAGATTTGTGCAACAAATCTCACAAGAAAAAGTTTCAACATGCTGACCAGATTGCTGGAGAGATCAGTT
6,4,2,GTACAAAAAAAGACAGGAACGTATTTACTTCGTTAAGTATAATCATCCTGCTTTTCATCACAAAGACCGCAGATAAGCCTTCCTTTCCCCGGCAGCTGGCCTTATGGTCAGATGGTTTATGCAACAAATCTCACAAAAAAAGGTTCCACCATATTGACTATCTGCCGACTATTTGCGATC
23,14,9,GTACAAAAAAAGACAGGAACGTATTTACTTCGTTAAGTATAATCATCCTGCTTTTCATCACAAAGACCGCAGATAAGCCTTCCTTTCCCCGGCAGCTGGCGTTATGGTCAGATGGTTTATGCAACAAATCTCACAAAAAAAGGTTCCACCATATTGACTAACATAACTGGTAACTAGCTG
9,5,4,GTACAAAAAAAGACAGGAACGTATTTACTTCGTTAAGTATAATCATCCTGCTTTTCATCACAAAGACCGCAGATAAGCCTTCCTTTCCCCGGCAGCTGGCGTTATGGTCAGATGGTTTATGCAACAAATCTCACAAAAAAAGGTTCCACCATATTGACTATTCTGTATCCCGACCGGCAA
2,2,0,GTACAAAAAAAGACAGGAACGTATTTTCTGGGTTAAAGATAATCATCCTGCATTTCATCACACAAACCGCAGATAATCCTTCCGTTCCCCGGCAGCTGGCGTAATGGTAAGACGGTTTTTGCAACAAATCTCACAAGAAAAAGTTTCAACATACTGACTAACTGGTCTTCTTACATCAAC
3,3,0,GTACAAAAAAAGACAGGAACGTATTTTCTGGGTTAAAGATAATCATCCTGCATTTCATCACACAAACCGCAGATAATCCTTCCGTTCCCCGGCAGCTGGCGTAATGGTAAGACGGTTTTTGCAACAAATCTCACAAGAAAAAGTTTCAACATACTGACTAGCATAACTTGATAGCACACG
5,5,0,GTACAAAAAAAGACAGGAACGTATTTTCTGGGTTAAAGATAATCATCCTGCATTTCATCACACAAACCGCAGATAATCCTTCCGTTCCCCGGCAGCTGGCGTAATGGTAAGACGGTTTTTGCAACAAATCTCACAAGAAAAAGTTTCAACATACTGACTAGCTTAGGGGTAGATATCGTT
1,1,0,GTACAAAAAAAGACAGGAACGTATTTTCTGGGTTAAAGATAATCATCCTGCATTTCATCACACAAACCGCAGATAATCCTTCCGTTCCCCGGCAGCTGGCGTAATGGTAAGACGGTTTTTGCAACAAATCTCACAAGAAAAAGTTTCAACATACTGACTATGAAACTTTCCTGATATGCA
7,7,0,GTACAAAAAAAGACAGGAAGGTATTTACTGGTTTAAGTATACTCATCTTGCTTTTGATCACAAAAACCGCAGCTAATCCTGCCTATCCCCGGCAGCTGGCGTTATGTACAGCTGGCTTTTGCAACAAATCTCACAATAAAAAGTTTCTACATACTGACTCACTCGTTTTTATAGTATCCG
3,2,1,GTACAAAAAAAGACAGGAAGGTATTTACTGGTTTAAGTATACTCATCTTGCTTTTGATCACAAAAACCGCAGCTAATCCTGCCTATCCCCGGCAGCTGGCGTTATGTTCAGCTGGCTTTTGCAACAAATCTCACAATAAAAAGTTTCTACATACTGACTCATCGCTTTATCGCAGTAACG
4,4,0,GTACAAAAAAAGACAGGAAGGTATTTACTGGTTTAAGTATACTCATCTTGCTTTTGATCACAAAAACCGCAGCTAATCCTGCCTATCCCCGGCAGCTGGCGTTATGTTCAGCTGGCTTTTGCAACAAATCTCACAATAAAAAGTTTCTACATACTGACTCCACAATTTACTAGGAGAAAA
4,4,0,GTACAAAAAAAGACAGGAAGGTATTTACTGGTTTAAGTATACTCATCTTGCTTTTGATCACAAAAACCGCAGCTAATCCTGCCTATCCCCGGCAGCTGGCGTTATGTTCAGCTGGCTTTTGCAACAAATCTCACAATAAAAAGTTTCTACATACTGACTCGAAGGAGACACCGTGTGCGT
4,4,0,GTACAAAAAAAGACAGGAAGGTATTTACTGGTTTAAGTATACTCATCTTGCTTTTGATCACAAAAACCGCAGCTAATCCTGCCTATCCCCGGCAGCTGGCGTTATGTTCAGCTGGCTTTTGCAACAAATCTCACAATAAAAAGTTTCTACATACTGACTCGCGAAATAGTTAAGCCCGAG
6,6,0,GTACAAAAAAAGACAGGAAGGTATTTACTGGTTTAAGTATACTCATCTTGCTTTTGATCACAAAAACCGCAGCTAATCCTGCCTATCCCCGGCAGCTGGCGTTATGTTCAGCTGGCTTTTGCAACAAATCTCACAATAAAAAGTTTCTACATACTGACTCGGTGTCTGTATAGCACTGAA
1,1,0,GTACAAAAAAAGACAGGAAGGTATTTACTGGTTTAAGTATACTCATCTTGCTTTTGATCACAAAAACCGCAGCTAATCCTGCCTATCCCCGGCAGCTGGCGTTATGTTCAGCTGGCTTTTGCAACAAATCTCACAATAAAAAGTTTCTACATACTGACTCTCAATTTAATTCAGCAGCTG
20,2,18,GTACAAAAAAAGACAGGAATGTATATACTGGGTTAAATATAATCATCCTGCTTTACATCACAAAAACCGCATATAATCCTTCCTTTCCCCGGCTGTTGGCGTTATGGTCAGATGGTTTTTGCAACAAATCTCACAATAAAAAGGTTCAACATACTGACTAACGCCGTTGGAACCTAGGAT
4,4,0,GTACAAAAAAAGGCAGTAAGGTATTTACTGGGTCAAATTTAATCATCCTGCTTTTCATTACAAAAACAGCAGATAGTCCTTCCTTTCCACGGCAGATGGCGTTTTGGTCAGATCGTTTTTGCAACAAATCTCACAATAAAAAGTTTCAACATACTGACTACAAAGATTCGGTGGATTCCA
3,0,3,GTACAAAAAAAGGCAGTAAGGTATTTACTGGGTCAAATTTAATCATCCTGCTTTTCATTACAAAAACAGCAGATAGTCCTTCCTTTCCACGGCAGATGGCGTTTTGGTCAGATCGTTTTTGCAACAAATCTCACAATAAAAAGTTTCAACATACTGACTAGTTATACTACAACACGCACG
2,2,0,GTACAAAAAAGGACAGGAACGCATTTACTGGGTTAAATATAATCATCCTGCTTTTCAACACAAAAACTTCAGATATTCCTTCCTTGCCGCGGCATCTGGCGTTAGTACCAGATAGTTTTTGCAACAAATCTCACTATAAAAAGTTTCAATATACTGCGTAGTGGGGCCTTCAAATATCTA
4,4,0,GTACAAAAAAGGACAGGAACGCATTTACTGGGTTAAATATAATCATCCTGCTTTTCAACACAAAAACTTCAGATATTCCTTCCTTGCCGCGGCATCTGGCGTTAGTGCCAGATAGTTTTTGCAACAAATCTCACTATAAAAAGTTTCAATATACTGCGTAACTAAGTCATCAGTAGGGCC
10,10,0,GTACAAAAAAGGACAGGAACGCATTTACTGGGTTAAATATAATCATCCTGCTTTTCAACACAAAAACTTCAGATATTCCTTCCTTGCCGCGGCATCTGGCGTTAGTGCCAGATAGTTTTTGCAACAAATCTCACTATAAAAAGTTTCAATATACTGCGTAATTTAATAGGTCTGTAGCCG
2,2,0,GTACAAAAAAGGACAGGAACGCATTTACTGGGTTAAATATAATCATCCTGCTTTTCAACACAAAAACTTCAGATATTCCTTCCTTGCCGCGGCATCTGGCGTTAGTGCCAGATAGTTTTTGCAACAAATCTCACTATAAAAAGTTTCAATATACTGCGTACCATGGCCAAAAATTAGTGT
1,1,0,GTACAAAAAAGGACAGGAACGCATTTACTGGGTTAAATATAATCATCCTGCTTTTCAACACAAAAACTTCAGATATTCCTTCCTTGCCGCGGCATCTGGCGTTAGTGCCAGATAGTTTTTGCAACAAATCTCACTATAAAAAGTTTCAATATACTGCGTAGATATCAGTCAAACCCGTGC
3,3,0,GTACAAAAAAGGACAGGAACGCATTTACTGGGTTAAATATAATCATCCTGCTTTTCAACACAAAAACTTCAGATATTCCTTCCTTGCCGCGGCATCTGGCGTTAGTGCCAGATAGTTTTTGCAACAAATCTCACTATAAAAAGTTTCAATATACTGCGTATCGTGCGCAACAATCACTTT
1,1,0,GTACAAAAAAGGACAGGAACGCATTTACTGGGTTAAATATAATCATCCTGCTTTTCAACACAAAAACTTCAGATATTCCTTCCTTGCCGCGTCATCTGGCGTTAGTGCCAGATAGTTTTTGCAACAAATCTCACTATAAAAAGTTTCAATATACTGCGTACGAAGTGTGGACTATCGTTT
7,7,0,GTACAAAAAAGGACAGGAACGCATTTACTGGGTTAAATATAATCATCCTGCTTTTCAACACAAAAACTTCAGATATTCCTTCCTTGCCTCGGCATCTGGCGTTAGTGCCAGATAGTTTTTGCAACAAATCTCACTATAAAAAGTTTCAATATACTGCGTATGTTACGTTATGCACCCATC
4,3,1,GTACAAAAAATGACAGGAACGTATTCACCGGGTTAAGTATAATCATCCTGCTTTTCATCTCAAAAACCTCAGCTGCTCCTTCCTTTCCCCGGCAGCTGGCGTTTTTGTCAGATGATTTTTGGTACAAATCTCACAATAAAGAGTTTAAACAGACTGACTAATTCCACCCCATATTACCTC
3,2,1,GTACAAAAAATGACAGGAACGTATTCACCGGGTTAAGTATAATCATCCTGCTTTTCATCTCAAAAACCTCAGCTGCTCCTTCCTTTCCCCGGCAGCTGGCGTTTTTGTCAGATGATTTTTGGTACAAATCTCACAATAAAGAGTTTAAACAGACTGACTACGTTACGTGGAGTACACAAC
1,1,0,GTACAAAAAATGACAGGAACGTATTCACCGGGTTAAGTATAATCATCCTGCTTTTCATCTCAAAAACCTCAGCTGCTCCTTCCTTTCCCCGGCAGCTGGCGTTTTTGTCAGATGATTTTTGGTACAAATCTCACAATAAAGAGTTTAAACAGACTGACTAGACATTACTCGATTATCTCT
11,6,5,GTACAAAAAATGACAGGAACGTATTCACCGGGTTAAGTATAATCATCCTGCTTTTCATCTCAAAAACCTCAGCTGCTCCTTCCTTTCCCCGGCAGCTGGCGTTTTTGTCAGATGATTTTTGGTACAAATCTCACAATAAAGAGTTTAAACAGACTGACTATAAGTCAGGCCTTAGACTTC
5,5,0,GTACAAAAAATGACAGGAACGTATTCACCGGGTTAAGTATAATCATCCTGCTTTTCATCTCAAAAACCTCAGCTGCTCCTTCCTTTCCCCGGCAGCTGGCGTTTTTGTCAGATGATTTTTGGTACAAATCTCACAATAAAGAGTTTAAACAGACTGACTATAGGTCTGCTTTCCGGAGAG
8,8,0,GTACAAAAAATGAGAGGAACGTATTTATGAGGTTAAATATGATCATCCTGCTTTTCATCACAAGAACCGCAGATAATACTTCCTTGCTCCGGCAGCTGGCGTTATGGCCAGATGGTCTGTGCATCAAATCTCACAATAAAAAGTTTCAAGATACTGACTAACACCTAAATGATAATCGAT
1,1,0,GTACAAAAAATGAGAGGAACGTATTTATGAGGTTAAATATGATCATCCTGCTTTTCATCACAAGAACCGCAGATAATACTTCCTTGCTCCGGCAGCTGGCGTTATGGCCAGATGGTCTGTGCATCAAATCTCACAATAAAAAGTTTCAAGATACTGACTAATAACCGGGCGAGGACTTGT
14,13,1,GTACAAAAAATGAGAGGAACGTATTTATGAGGTTAAATATGATCATCCTGCTTTTCATCACAAGAACCGCAGATAATACTTCCTTGCTCCGGCAGCTGGCGTTATGGCCAGATGGTCTGTGCATCAAATCTCACAATAAAAAGTTTCAAGATACTGACTACAACAGGTAGTGCAAACTCG
2,0,2,GTACAAAAAATGAGAGGAACGTATTTATGAGGTTAAATATGATCATCCTGCTTTTCATCACAAGAACCGCAGATAATACTTCCTTGCTCCGGCAGCTGGCGTTATGGCCAGATGGTCTGTGCATCAAATCTCACAATAAAAAGTTTCAAGATACTGACTACGTGACGCGCCTCCACAGGA
2,2,0,GTACAAAAAATGAGAGGAACGTATTTATGAGGTTAAATATGATCATCCTGCTTTTCATCACAAGAACCGCAGATAATACTTCCTTGCTCCGGCAGCTGGCGTTATGGCCAGATGGTCTGTGCATCAAATCTCACAATAAAAAGTTTCAAGATACTGACTACTGTGGGTTATGCCGAAACG
6,6,0,GTACAAAAAATGAGAGGAACGTATTTATGAGGTTAAATATGATCATCCTGCTTTTCATCACAAGAACCGCAGATAATACTTCCTTGCTCCGGCAGCTGGCGTTATGGCCAGATGGTCTGTGCATCAAATCTCACAATAAAAAGTTTCAAGATACTGACTAGATATATTATCACTAAGTAA
3,3,0,GTACAAAAAATGAGAGGAACGTATTTATGAGGTTAAATATGATCATCCTGCTTTTCATCACAAGAACCGCAGATAATACTTCCTTGCTCCGGCAGCTGGCGTTATGGCCAGATGGTCTGTGCATCAAATCTCACAATAAAAAGTTTCAAGATACTGACTAGTAGCTTCAAGGTGCGATGC
4,4,0,GTACAAAAAATGAGAGGAACGTATTTATGAGGTTAAATATGATCATCCTGCTTTTCATCACAAGAACCGCAGATAATACTTCCTTGCTCCGGCAGCTGGCGTTATGGCCAGATGGTCTGTGCATCAAATCTCACAATAAAAAGTTTCAAGATACTGACTAGTAGCTTCAAGGTGCTATGC
1,1,0,GTACAAAAAATGAGAGGAACGTATTTATGAGGTTAAATATGATCATCCTGCTTTTCATCACAAGAACCGCAGATAATACTTCCTTGCTCCGGCAGCTGGCGTTATGGCCAGATGGTCTGTGCATCAAATCTCACAATAAAAAGTTTCAAGATACTGACTATAATTCCAGAAGGGACGCCG
3,3,0,GTACAAAAAATGAGAGGAACGTATTTATGAGGTTAAATATGATCATCCTGCTTTTCATCACAAGAACCGCAGATAATACTTCCTTGCTCCGGCAGCTGGCGTTATGGCCAGATGGTCTGTGCATCAAATCTCACAATAAAAAGTTTCAAGATACTGACTATGTCCAAAGATCAATCTAGG
1,1,0,GTACAAAAAATGAGAGGAACGTATTTATGAGGTTAAATATGATCATCCTGCTTTTCATCACAAGAACCGCAGATAATACTTCCTTGCTCCGGCAGCTGGCGTTATGGCCAGATGGTCTGTGCATCAAATCTCACAATAAAAAGTTTCAAGATACTGACTATTCCACCTTTGTTCCATACG
7,6,1,GTACAAAAAATGAGAGGAACGTATTTATGAGGTTAAATATGATCATCCTGCTTTTCATCACAAGAACCGCAGATAATACTTCCTTGCTCCGGCAGCTGGCGTTATGGCCAGATGGTCTGTGCATCAAATCTCACAATAAAAAGTTTCAAGATACTGACTATTTATCCAGCTGGCAAACGC
6,4,2,GTACAAAAACAGACAGGAACGTATTTACTGGGTTAATTATAATCATCCTGCTTGTCATCACAAAAACTCCAGATAATCTTTCCTTTCCCCGGCACCTGGCGTTATGGTCAGATGGTGTGTCCAATAAACCTCATAATAATGAGTTTCAACATACTGACTCATAACCAGAAAACCTGGTAG
10,4,6,GTACAAAAACAGACAGGAACGTATTTACTGGGTTAATTATAATCATCCTGCTTGTCATCACAAAAACTCCAGATAATCTTTCCTTTCCCCGGCACCTGGCGTTATGGTCAGATGGTGTGTGCAATAAACCTCATAATAATGAGTTTCAACATACTGACTCTGCCCTAGTGCGGAAGGGAC
6,0,6,GTACAAAAACAGACAGTACCGTATTTACCGGGTTAATTATAATCATACTGCTTTTCATCACAAAAACCGCAGATAATCCTTCCATTCCCCGGAAGCTGGCGTTATGTTCAGGTGGTGTGTACAAGAAATCTCACAATAAACAGTTACAACATACTGACTATTTGCGATTAAAATACTAGA
1,0,1,GTACAAAAACAGACAGTGACGTATTTGCTGGGTTATATATAATCATCCTGCTTTTCATCACAAAATCCGTAGATAATACTTCCTTTCCCCCGCAGCTGGCGTGATGGCAAGATGGTTTTTGCAACAAATCTCACATTAACAACTTGAGCAATACTGACTACTTAGTTACTGTCCTCTCGA
11,9,2,GTACAAAAACAGACAGTGACGTATTTGCTGGGTTATATATAATCATCCTGCTTTTCATCACAAAATCCGTAGATAATACTTCCTTTCCCCCGCAGCTGGCGTGATGGCAAGATGGTTTTTGCAACAAATCTCACATTAACAACTTGAGCAATACTGACTAGGTACACAATGACGGTAACA
2,2,0,GTACAAAAACAGACAGTGACGTATTTGCTGGGTTATATATAATCATCCTGCTTTTCATCACAAAATCCGTAGATAATACTTCCTTTCCCCCGCAGCTGGCGTGATGGCAAGATGGTTTTTGCAACAAATCTCACATTAACAACTTGAGCAATACTGACTATTTAAAGCTACACGTATAAG
15,1,14,GTACAAAAATAGAGAGGAACGTCTTTACTGGGTTAAATATAATGATGCTGCTTTTCATCACAAAAACCGCAGATAATCCTTCCTTTCACCGGCAGCTGGCGTTATGGTCAGATGGGTTGTGCAACCAATCGCACAATAAAAAATTCCAACGTACTGACTAGAACCAAATTAGCTATGCGC
9,3,6,GTACAAAAATAGAGAGGAACGTCTTTACTGGGTTAAATATAATGATGCTGCTTTTCATCACAAAAACCGCAGATAATCCTTCCTTTCACCGGCAGCTGGCGTTATGGTCAGATGGGTTGTGCAACCAATCGCACAATAAAAAGTTCCAACGTACTGACTAATAACTGTGTGACCTTATGG
32,6,26,GTACAAAAATAGAGAGGAACGTCTTTACTGGGTTAAATATAATGATGCTGCTTTTCATCACAAAAACCGCAGATAATCCTTCCTTTCACCGGCAGCTGGCGTTATGGTCAGATGGGTTGTGCAACCAATCGCACAATAAAAAGTTCCAACGTACTGACTATCCAGGCTGCTTCTTCGGAA
29,1,28,GTACAAAACAAGACAGGAACGTATTTACGGGGTTAAATAAAATCATCCTGCTTTTCATCAAAAAAACCGCGGAAAATACTTTTTTTCCCCTGCAGCTAGAGTTATGGTAAGATGGTTTTTGCAACAAATCTCAGAATAAAAAGTTTCAACCTACTTACTATCAAACCGGTGGTCCTGACC
15,3,12,GTACAAAACAAGACAGGAACGTATTTACGGGGTTAAATAAAATCATCCTGCTTTTCATCAAAAAAACCGCGGAAAATACTTTTTTTCCCCTGCAGCTAGAGTTATGGTAAGATGGTTTTTGCAACAAATCTCAGAATAAAAAGTTTCAACCTACTTACTATTTGTTCTTGGTACTGGTAC
2,2,0,GTACAAAGAAAGACAGAAACACATTTAATGGGTCAAATATAATCAACCTGCTTTTCATCTCAAAAACCAAATATAATCCTTACTTTCCCGGGCAGCTGGCGTTATGGTCAGATAGTTTTTGCAGCAAATCTCACAGTAAAAAGTTGCAACATCCTGACTACCGTGTGCTACTCTGATTGA
2,2,0,GTACAAAGAAAGACAGAAACACATTTAATGGGTCAAATATAATCAACCTGCTTTTCATCTCAAAAACCAAATATAATCCTTACTTTCCCGGGCAGCTGGCGTTATGGTCAGATAGTTTTTGCAGCAAATCTCACAGTAAAAAGTTGCAACATCCTGACTAGAAGATACTGGTGGGGTTTT
5,5,0,GTACAAAGAAAGACAGAAACACATTTAATGGGTCAAATATAATCAACCTGCTTTTCATCTCAAAAACCAAATATAATCCTTACTTTCCCGGGCAGCTGGCGTTATGGTCAGATAGTTTTTGCAGCAAATCTCACAGTAAAAAGTTGCAACATCCTGACTATGAAGAACACTATTACCCAA
1,1,0,GTACAAATAAAGACAGGAACGTATCTACTGGTTCAATTATGATCAGCCTTCTTTTCGCCATGAAAACCGCAGATAATCCTTCCTTTCCACGGCCGCTGGCATTATGGTCAGGTGGTTTTTGCAATAAATCACACAATAAAAAGTTTCAACATACTGACTAAGTAGCCAGCAAGCACCACC
6,6,0,GTACAACAAAAGACAGGAACGTTATTACTGGGTTAAATGTAATCATCCTGCGTTCCATCACAAAAACCGAAGGGAATCCTTCCATTCCCCGGCAGCTGGCGGCCTGGTCAGATGGTTTTTGCAACAAAACTCAAGAAAAAAAGTTTCAACATACTGACGAAGGACCCGTTTCCTTTTCCC
3,3,0,GTACAACAAAAGACAGGAACGTTATTACTGGGTTAAATGTAATCATCCTGCGTTCCATCACAAAAACCGAAGGGAATCCTTCCATTCCCCGGCAGCTGGCGGCCTGGTCAGATGGTTTTTGCAACAAAACTCAAGAAAAAAAGTTTCAACATACTGACGACCTAGTGTCCCACAATATGC
2,2,0,GTACAACAAAAGACAGGAACGTTATTACTGGGTTAAATGTAATCATCCTGCGTTCCATCACAAAAACCGAAGGGAATCCTTCCATTCCCCGGCAGCTGGCGGCCTGGTCAGATGGTTTTTGCAACAAAACTCAAGAAAAAAAGTTTCAACATACTGACGATCAATGCAACACAGTCTACC
5,5,0,GTACAAGAAAAGACAGGAACGTATCTACTGGGTTAAATATAATCATACAGGTTTTCAATACAAACACCGCAGAAAATCCTTCCTTTCCGCCGCAGCTGGCGTTATGGTCGGATGGTTTTTGCGACAAATCTCGCAATAACAAGTTTCAACATACTAACTCACAGCTCCGAGTGGTGCAGG
6,0,6,GTACAAGAAAAGACAGGAACGTATCTACTGGGTTAAATATAATCATACAGGTTTTCAATACAAACACCGCAGAAAATCCTTCCTTTCCGCCGCAGCTGGCGTTATGGTCGGATGGTTTTTGCGACAAATCTCGCAATAACAAGTTTCAACATACTAACTCATTCTGTTACACAAAACCAC
1,1,0,GTACAAGAAAAGACAGGAACGTATCTACTGGGTTAAATATAATCATACAGGTTTTCAATACAAACACCGCAGAAAATCCTTCCTTTCCGCCGCAGCTGGCGTTATGGTCGGATGGTTTTTGCGACAAATCTCGCAATAACAAGTTTCAACATACTAACTCCAGACATGCCTTTCAGGCCT
3,0,3,GTACAAGAAAAGACAGGAACGTATCTACTGGGTTAAATATAATCATACAGGTTTTCAATACAAACACCGCAGAAAATCCTTCCTTTCCGCCGCAGCTGGCGTTATGGTCGGATGGTTTTTGCGACAAATCTCGCAATAACAAGTTTCAACATACTAACTCGAAGGTCAGTTAAGCCAGAC
10,5,5,GTACAAGAAAAGACAGGAACGTATCTACTGGGTTAAATATAATCATACAGGTTTTCAATACAAACACCGCAGAAAATCCTTCCTTTCCGCCGCAGCTGGCGTTATGGTCGGATGGTTTTTGCGACAAATCTCGCAATAACAAGTTTCAACATACTAACTCGTGGTCCGTCAATCAACGGA
6,2,4,GTACAAGAAAAGACAGGAACGTATCTACTGGGTTAAATATAATCATACAGGTTTTCAATACAAACACCGCAGAAAATCCTTCCTTTCCGCCGCAGCTGGCGTTATGGTCGGATGGTTTTTGCGACAAATCTCGCAATAACAAGTTTCAACATACTAACTCTTCGGCGCTCGGGCCGACAA
2,2,0,GTACAATAAAAGACACGAACGAATATACTGGGTTAAATATAATCATCCTGATGTTCATAACAAAAACCGCAGATAATCCAACCTTTTTCTGGCAGCTAGCGTTATGGTCAGATGGCTTTCTCAACACATCTCACAATTAATAGTTTCCTCATATTGACTAAGCATATTTAAGTCCTTTCT
22,20,2,GTACAATAAAAGACACGAACGAATATACTGGGTTAAATATAATCATCCTGATGTTCATAACAAAAACCGCAGATAATCCAACCTTTTTCTGGCAGCTAGCGTTATGGTCAGATGGCTTTCTCAACACATCTCACAATTAATAGTTTCCTCATATTGACTACCTGTATTGACACTCTAGTA
3,3,0,GTACAATAAAAGACACGAACGAATATACTGGGTTAAATATAATCATCCTGATGTTCATAACAAAAACCGCAGATAATCCAACCTTTTTCTGGCAGCTAGCGTTATGGTCAGATGGCTTTCTCAACACATCTCACAATTAATAGTTTCCTCATATTGACTACGTTCCTCCGGACTCACTGG
1,1,0,GTACAATAAAAGACACGAACGAATATACTGGGTTAAATATAATCATCCTGATGTTCATAACAAAAACCGCAGATAATCCAACCTTTTTCTGGCAGCTAGCGTTATGGTCAGATGGCTTTCTCAACACATCTCACAATTAATAGTTTCCTCATATTGACTACTAACTTGGGTGGGTTTTGG
1,1,0,GTACAATAAAAGACACGAACGAATATACTGGGTTAAATATAATCATCCTGATGTTCATAACAAAAACCGCAGATAATCCAACCTTTTTCTGGCAGCTAGCGTTATGGTCAGATGGCTTTCTCAACACATCTCACAATTAATAGTTTCCTCATATTGACTAGGCTCCATCCATTGAGGACC
3,3,0,GTACAATAAAAGACACGAACGAATATACTGGGTTAAATATAATCATCCTGATGTTCATAACAAAAACCGCAGATAATCCAACCTTTTTCTGGCAGCTAGCGTTATGGTCAGATGGCTTTCTCAACACATCTCACAATTAATAGTTTCCTCATATTGACTATACTAACTGGTTCCTATTCG
4,4,0,GTACAATAAAAGACACGAACGAATATACTGGGTTAAATATAATCATCCTGATGTTCATAACAAAAACCGCAGATAATCCAACCTTTTTCTGGCAGCTAGCGTTATGGTCAGATGGCTTTCTCAACACATCTCACAATTAATAGTTTCCTCATATTGACTATCCCAACAAACTTTGGGACT
2,2,0,GTACAATAAAAGACACGAACGAATATACTGGGTTAAATATAATCATCCTGATGTTCATAACAAAAACCGCAGATAATCCAACCTTTTTCTGGCAGCTAGCGTTATGGTCAGATGGCTTTCTCAACACATCTCACAATTAATAGTTTCCTCATATTGACTATCTGGCTAGGGCACTCGTGG
8,8,0,GTACAATAAAAGACACGAACGAATATACTGGGTTAAATATAATCATCCTGATGTTCATAACAAAAACCGCAGATAATCCAACCTTTTTCTGGCAGCTAGCGTTATGGTCAGATGGCTTTCTCAACACATCTCACAATTAATAGTTTCCTCATATTGACTATCTGTCAAGAGATAACCTAC
2,2,0,GTACAATAAAAGACACGAACGAATATACTGGGTTAAATATAATCATCCTGATGTTCATAACAAAAACCGCAGATAATCCAACCTTTTTCTGGCAGCTAGCGTTATGGTCAGATGGCTTTCTCAACACATCTCACAATTAATAGTTTCCTCATATTGACTATGAAACAAGTACCACCAAGT
6,6,0,GTACAATAAAAGACACGAACGAATATACTGGGTTAAATATAATCATCCTGATGTTCATAACAAAAACCGCAGATAATCCAACCTTTTTCTGGCAGCTAGCGTTATGGTCAGATGGCTTTCTCAACACATCTCACAATTAATAGTTTCCTCATATTGACTATGCCATAATAGCTGTCCGGG
38,5,33,GTACAATAAAAGACACGAACGAATATACTGGGTTAAATATAATCATCCTGATGTTCATAACAAAAACCGCAGATAATCCAACCTTTTTCTGGCAGCTAGCGTTATGGTCAGATGGCTTTCTCAACACATCTCACAATTAATAGTTTCCTCATATTGACTATGGGGTCCGGAAAGTACCAG
7,7,0,GTACAATAAAAGACACGAACGAATATACTGGGTTAAATATAATCATCCTGATGTTCATAACAAAAACCGCAGATAATCCAACCTTTTTCTGGCAGCTAGCGTTATGGTCAGATGGCTTTCTCAACACATCTCACAATTAATAGTTTCCTCATATTGACTATTTTGTGTTTCAGTAGTGTC
6,5,1,GTACACAAAAAGACGGGAACGTGTTCACTGGGTTACATATAATCATCCCGCTTTTCATCACAAAAACCGCAGAGAATCCTCCCTTTCCCCGGCAGCTAGCGTTATGGTCAGAGGGTGTACGCAACCAATCTCACATTAAAAAGTTTCAACATAATGACTATAAGGTCTATGGTAAAGTAC
12,9,3,GTACACAAAAAGACGGGAACGTGTTCACTGGGTTACATATAATCATCCCGCTTTTCATCACAAAAACCGCAGAGAATCCTCCCTTTCCCCGGCAGCTAGCGTTATGGTCAGAGGGTGTACGCAACCAATCTCACATTAAAAAGTTTCAACATAATGACTATCATTAATGCGCGAAAATGG
54,3,51,GTACACAAGAAGACAGGGACGTATTTACTGGGTTAAATATCATCATCATGGTTTTCATCACAAAAACCGCAGATAATCCTTCCTTTCCCCGGCAGCTGGCGTTATGGTGAGCTGGTTTTTGCAACAACTCTCACAATAAACCGTTTCAACATACTGACTAACAGAAACCGGGGCAACTAT
38,0,38,GTACACAAGAAGACAGGGACGTATTTACTGGGTTAAATATCATCATCATGGTTTTCATCACAAAAACCGCAGATAATCCTTCCTTTCCCCGGCAGCTGGCGTTATGGTGAGCTGGTTTTTGCAACAACTCTCACAATAAACCGTTTCAACATACTGACTACCTTGCCTATCTAGGGTTCG
114,13,101,GTACACAAGAAGACAGGGACGTATTTACTGGGTTAAATATCATCATCATGGTTTTCATCACAAAAACCGCAGATAATCCTTCCTTTCCCCGGCAGCTGGCGTTATGGTGAGCTGGTTTTTGCAACAACTCTCACAATAAACCGTTTCAACATACTGACTATGAGATAACAGCACCTTTTC
12,2,10,GTACACAAGAAGACAGGGACGTATTTACTGGGTTAAATATCATCATCATGGTTTTCATCACAAAAACCGCAGATAATCCTTCCTTTCCCCGGCAGCTGGCGTTATGGTGAGCTTGTTTTTGCAACAACTCTCACAATAAACCGTTTCAACATACTGACTATTCGTGACCTTCACGAACAA
2,2,0,GTACAGAAAATGAAAGGAACGTATTTACTGGGTTAAATATAATCATCCTGCTTGTCAGCACATACACCGCAGATAATCCTTCCTTTCAACGGCAGCTGGCGTAATGGTCAGACGGTTTTTGCAAGAAATCTCACAATAAACAGTTTCAACATACTGACTACGCGCCATCGACGTAGTACC
2,2,0,GTACAGAAAATGAAAGGAACGTATTTACTGGGTTAAATATAATCATCCTGCTTGTCAGCACATACACCGCAGATAATCCTTCCTTTCAACGGCAGCTGGCGTAATGGTCAGACGGTTTTTGCAAGAAATCTCACAATAAACAGTTTCAACATACTGACTACGGAGTAAGGGACTGATAGG
3,3,0,GTACAGAAAATGAAAGGAACGTATTTACTGGGTTAAATATAATCATCCTGCTTGTCAGCACATACACCGCAGATAATCCTTCCTTTCAACGGCAGCTGGCGTAATGGTCAGACGGTTTTTGCAAGAAATCTCACAATAAACAGTTTCAACATACTGACTAGTATGAAAACGTCACGGGCG
1,1,0,GTACAGAAAATGAAAGGAACGTATTTACTGGGTTAAATATAATCATCCTGCTTGTCAGCACATACACCGCAGATAATCCTTCCTTTCAACGGCAGCTGGCGTAATGGTCAGACGGTTTTTGCAAGAAATCTCACAATAAACAGTTTCAACATACTGACTATTGTTGATCGAGAACCGTGT
2,2,0,GTACAGAATAAGACAGGAACGTATTTGCTGGGTTAAATTTAATCATCCTGCTTTTCAACACTTAAGCCGCCGATAAACCTTCCATTCCCCGGCAGCTGGCGTTCTGGTCTGATGATTTTTGCAAAAAGTCTCACAATAAAAAGTTTCAACAAACTGACTACACTTATAAGGGACCGGGAG
3,3,0,GTACAGAATAAGACAGGAACGTATTTGCTGGGTTAAATTTAATCATCCTGCTTTTCAACACTTAAGCCGCCGATAAACCTTCCATTCCCCGGCAGCTGGCGTTCTGGTCTGATGATTTTTGCAAAAAGTCTCACAATAAAAAGTTTCAACAAACTGACTAGATGCAAGTCAGCGTTTACG
3,2,1,GTACAGAATAAGACAGGAACGTATTTGCTTGGTTAAATTTAATCATCCTGCTTTTCAACACTTAAGCCGCCGATAAACCTTCCATTCCCCGGCAGCTGGCGTTCTGGTCTGATGATTTTTGCAAAAAGTCTCACAATAAAAAGTTTCAACAAACTGACTAGTAGGGTTCTGGTCTCACCG
1,1,0,GTACATAAAAAGAAGGAAACGTGATTTCTCCGTTGAATATAGTCATCCTACGTTTCAGCTCAAAAACCGCAGATAATCCTTCCTTTCCCCGACAGCTGAAGTTTTGGTCGGAGGGTTTTTGCAACAATTCTCACAATAAAAGGTTTCAACATACTGACTACAGCACCGTGTCACTTTACG
1,1,0,GTACATAAAAAGAAGGAAACGTGATTTCTCCGTTGAATATAGTCATCCTACGTTTCAGCTCAAAAACCGCAGATAATCCTTCCTTTCCCCGACAGCTGAAGTTTTGGTCGGAGGGTTTTTGCAACAATTCTCACAATAAAAGGTTTCAACATACTGACTACTTCTTCTGGAGTCTAAATG
3,3,0,GTACATAAAAAGCCAAGAACGTATTTACTGGGTTAACTATTAACATCCTGCTTTTCATCACAAAAACCCCAGATAGTCCTTCCAATCCCCGGCAGCCGGCGTAATGGTCAGATGGCTTTTGCAAGAAATCTCACAATGATAAGTTTCAACAAACTGAATAGACCATTATGACCCGATCCT
3,3,0,GTACATAAAAAGCCAAGAACGTATTTACTGGGTTAACTATTAACATCCTGCTTTTCATCACAAAAACCCCAGATAGTCCTTCCAATCCCCGGCAGCCGGCGTAATGGTCAGATGGCTTTTGCAAGAAATCTCACAATGATAAGTTTCAACAAACTGAATAGGGTGGAACTAACTTCACTC
19,2,17,GTACGAAAAATGACAGGAAGGTATTTACTGGGTAAAATATAATCATCATGCTTCTCATCACGAAAACCGCAGATAATCCTTCCTTTCCCCGGCAGCCGTCGTTGTGGTAAGATGGTTTTTGCAACAAATTTAACAATAAAAAGTTTCAACATACTGAATAATTGAGGGTATTGTTTAGAT
11,2,9,GTACGAAAAATGACAGGAAGGTATTTACTGGGTAAAATATAATCATCATGCTTCTCATCACGAAAACCGCAGATAATCCTTCCTTTCCCCGGCAGCCGTCGTTGTGGTAAGATGGTTTTTGCAACAAATTTAACAATAAAAAGTTTCAACATACTGAATACAAGCCGTATTCGATCTCCC
16,2,14,GTACGAAAAATGACAGGAAGGTATTTACTGGGTAAAATATAATCATCATGCTTCTCATCACGAAAACCGCAGATAATCCTTCCTTTCCCCGGCAGCCGTCGTTGTGGTAAGATGGTTTTTGCAACAAATTTAACAATAAAAAGTTTCAACATACTGAATACATTATCGTATCACAGATTT
8,0,8,GTACGAAAAATGACAGGAAGGTATTTACTGGGTAAAATATAATCATCATGCTTCTCATCACGAAAACCGCAGATAATCCTTCCTTTCCCCGGCAGCCGTCGTTGTGGTAAGATGGTTTTTGCAACAAATTTAACAATAAAAAGTTTCAACATACTGAATACGGGCACTCTAGATTGACAC
30,2,28,GTACGAAAAATGACAGGAAGGTATTTACTGGGTAAAATATAATCATCATGCTTCTCATCACGAAAACCGCAGATAATCCTTCCTTTCCCCGGCAGCCGTCGTTGTGGTAAGATGGTTTTTGCAACAAATTTAACAATAAAAAGTTTCAACATACTGAATACTATGCTTATAAGGTGTGGG
11,10,1,GTACTAAAAAAGACAGGAACGTATGTACTGGGTTAAGTATTACCATCCTGCTTTTCCTGACATAATCCGCTGACAAGCCTTCCTTTCCCCGGCATCTGGCGTTACTGTCAGAGGGTTTTTGCAACATATCTCGCAATAAAAAGTTACAAAGTACTGATTACCCGGAAGCTAGGAGTTTTG
7,6,1,GTACTAAAAAAGACAGGAACGTATGTACTGGGTTAAGTATTACCATCCTGCTTTTCCTGACATAATCCGCTGACAAGCCTTCCTTTCCCCGGCATCTGGCGTTACTGTCAGAGGGTTTTTGCAACATATCTCGCAATAAAAAGTTACAAAGTACTGATTACCCGGACATCCCCATCAACC
1,1,0,GTACTAAAAAAGACAGGAACGTATGTACTGGGTTAAGTATTACCATCCTGCTTTTCCTGACATAATCCGCTGACAAGCCTTCCTTTCCCCGGCATCTGGCGTTACTGTCAGAGGGTTTTTGCAACATATCTCGCAATAAAAAGTTACAAAGTACTGATTAGCCCTTATCCTGCATAATCA
13,8,5,GTACTAAAAAAGACAGGAACGTATGTACTGGGTTAAGTATTACCATCCTGCTTTTCCTGACATAATCCGCTGACAAGCCTTCCTTTCCCCGGCATCTGGCGTTACTGTCAGAGGGTTTTTGCAACATATCTCGCAATAAAAAGTTACAAAGTACTGATTATGCCGTTCTTAGCTTGAGTG
1,1,0,GTACTAAAAAAGACAGGAACGTATGTACTGGGTTAAGTATTACCATCCTGCTTTTCCTGACATAATCCGCTGACAAGCCTTCCTTTCCCCGGCATCTGGCGTTACTGTCAGAGGGTTTTTGCAACATATCTCGCAATAAAAAGTTACAAAGTACTGATTATTTCTAGCCAGATCATGTAC
5,3,2,GTACTATAAAAGAAAGGAACGTATTTACTGGCTTAAATATAATCATCCTGCTTTTCACCACAAAAACCTCTGATGAACCTTCCTTTCCCCGGCAGCTGGCGTTATGGTTAGATGCTTTTTGCAACAAATCTCACAATAAAAAGTTCCAAAATACTGAATAAATGCGTTAGGTCCGGCTGA
3,1,2,GTAGAAAAAAACACAGGAACGTATTTACTGGGTTAAAAATAATCATCCTGCTTTTCATCGCAAAAACCACAGATAATCCTTCCTTCCCCCGGCATCTGGCGTTATGGTCACATGGTTTTTGCGACAAAGCTCACCTTAACAAGTTTCAACATACTGACCAAAGCGGAACTCACCAGTCTT
8,1,7,GTAGAAAAAAACACAGGAACGTATTTACTGGGTTAAAAATAATCATCCTGCTTTTCATCGCAAAAACCACAGATAATCCTTCCTTCCCCCGGCATCTGGCGTTATGGTCACATGGTTTTTGCGACAAAGCTCACCTTAACAAGTTTCAACATACTGACCAAGTTCTACAACAATATACAA
5,3,2,GTAGAAAAAAACACAGGAACGTATTTACTGGGTTAAAAATAATCATCCTGCTTTTCATCGCAAAAACCACAGATAATCCTTCCTTCCCCCGGCATCTGGCGTTATGGTCACATGGTTTTTGCGACAAAGCTCACCTTAACAAGTTTCAACATACTGACCAGCGACGTAGGGTCACGAGCG
1,1,0,GTAGATAAACAGCTAGAAGCGTCCTGACTGGGTTAAATATAATCACTCTGCGGTTCATCACAGATAACGCAGATAATCCTTCCCTTCCCCGGCAGCTGGCGTTATGGTCAGATGTTTTTTGCGACAAATCTCACAATAAAAAGTTGAATCATAAAGACTATCTCGTGTCTGATGGCGGAG
4,3,1,GTAGATAAACAGCTAGGAGCGTCCTGACTGGGTTAAATATAATCACTCTGCGGTTCATCACAGATAACGCAGATAATCCTTCCCTTCCCCGGCAGCTGGCGTTATGGTCAGATGTTTTTTGCGACAAATCTCACAATAAAAAGTTGAATCATAAAGACTACAAACGAAGTTACTTTCACC
2,2,0,GTAGATAAACAGCTAGGAGCGTCCTGACTGGGTTAAATATAATCACTCTGCGGTTCATCACAGATAACGCAGATAATCCTTCCCTTCCCCGGCAGCTGGCGTTATGGTCAGATGTTTTTTGCGACAAATCTCACAATAAAAAGTTGAATCATAAAGACTAGATATTAGGCAAGCCTTGGC
3,1,2,GTAGATAAACAGCTAGGAGCGTCCTGACTGGGTTAAATATAATCACTCTGCGGTTCATCACAGATAACGCAGATAATCCTTCCCTTCCCCGGCAGCTGGCGTTATGGTCAGATGTTTTTTGCGACAAATCTCACAATAAAAAGTTGAATCATAAAGACTATCACCTGCACCATTCGATCG
3,3,0,GTAGTAAACAAGCCAGGAACCTATTTACTGGGTATAATAAAATCATCGGGCTTTTCATCACAAATACCGCAGATAAGCCATGCTTTCGCCAGCAGCTGGCTTTATGGTCAAATGGTTCTTGCAACAAATCTCACAATAAAAAGTTTCAACATACTGACTAGCTCATCTGAGGTGCCGTCT
1,1,0,GTAGTAAACAAGCCAGGAACCTATTTACTGGGTATAATAAAATCATCGGGCTTTTCATCACAAATACCGCAGATAAGCCATGCTTTCGCCAGCAGCTGGCTTTATGGTCAAATGGTTCTTGCAACAAATCTCACAATAAAAAGTTTCAACATACTGACTATGTGATATTAAAACGGAGAC
6,6,0,GTATGAAGAAAGACAGTATCGTATTTACTGGGTTATATATAATCATCCTGCTTTGCATCACAAAAACGGCAGCTCATCCTTCCTTTCCCTGGCTGCTGGCGTTATGGCCAGATGGTTTTTGCAACAAATCTTACAATAAAAAGTTTCAACATACTGACTAGTTCAACCTCGGGTAAGTGC
5,0,5,GTCCAAAAAAAGACAGGAACGTATTTACTAGGTTAAATGTAATCATCCTGCTTTTCATCACAAAAACCGCAGTTAACCCTCCCTTTCCCCGGCAGCTGCCGTTATAGTCAGATGGTATTCGCAGCAGATTTCACAATAAAAAGCTTCAACATGCTGCCTAACATGAAATGGATCTCGCCC
16,2,14,GTCCAAAAAAAGACAGGAACGTATTTACTAGGTTAAATGTAATCATCCTGCTTTTCATCACAAAAACCGCAGTTAACCCTCCCTTTCCCCGGCAGCTGCCGTTATAGTCAGATGGTATTCGCAGCAGATTTCACAATAAAAAGCTTCAACATGCTGCCTAATCATAGACATGTCGTTAGC
20,2,18,GTCCAAAAAAAGACAGGAACGTATTTACTAGGTTAAATGTAATCATCCTGCTTTTCATCACAAAAACCGCAGTTAACCCTCCCTTTCCCCGGCAGCTGCCGTTATAGTCAGATGGTATTCGCAGCAGATTTCACAATAAAAAGCTTCAACATGCTGCCTACAAACGGCAACTAGGCAAAT
16,5,11,GTCCAAAAAAAGACAGGAACGTATTTACTAGGTTAAATGTAATCATCCTGCTTTTCATCACAAAAACCGCAGTTAACCCTCCCTTTCCCCGGCAGCTGCCGTTATAGTCAGATGGTATTCGCAGCAGATTTCACAATAAAAAGCTTCAACATGCTGCCTAGGACCTACGTGATACGACGA
1,1,0,GTGCAAAAAAAGACATGAACGGATTTACTAAGTTAATTATAGTCATCCTGCTTTTCATCACAAAAACCGCAGATAATCCTTCCTCTCCCCGGCAGCTGGCGTTTTGGTAAGATGGTTTTTTCACCAAATCTCACAATAAAAGTTTTCAACGTACTGACTAAGTCAATTCTTGCATAAGCC
2,2,0,GTGCAAAAAAAGACATGAACGGATTTACTAAGTTAATTATAGTCATCCTGCTTTTCATCACAAAAACCGCAGATAATCCTTCCTCTCCCCGGCAGCTGGCGTTTTGGTAAGATGGTTTTTTCACCAAATCTCACAATAAAAGTTTTCAACGTACTGACTAATGAGCTCTATATTCATACG
7,7,0,GTGCAAAAAAAGACATGAACGGATTTACTAAGTTAATTATAGTCATCCTGCTTTTCATCACAAAAACCGCAGATAATCCTTCCTCTCCCCGGCAGCTGGCGTTTTGGTAAGATGGTTTTTTCACCAAATCTCACAATAAAAGTTTTCAACGTACTGACTAATGTTGGTTGCGGAATCTTT
8,3,5,GTGCAAAAAAAGACATGAACGGATTTACTAAGTTAATTATAGTCATCCTGCTTTTCATCACAAAAACCGCAGATAATCCTTCCTCTCCCCGGCAGCTGGCGTTTTGGTAAGATGGTTTTTTCACCAAATCTCACAATAAAAGTTTTCAACGTACTGACTACTGGAAAGTGTGTTGAGGCA
2,2,0,GTTCAAAAAATGACAGGAACGTCTTTACTGGTTTCAATATAATCATCGTGCTTTTCATCACAAAAACCGCCGATAAGCCTACGTTTCCTCAGCAAATAGCGTTCTGGTCAGATGGTTTTTGGAACAAATCTCACAACAAAAAGTTTCAACATACTACCCACCCGCTCGGTCAATTTAACC
5,5,0,GTTCAAAAAATGACAGGAACGTCTTTACTGGTTTCAATATAATCATCGTGCTTTTCATCACAAAAACCGCCGATAAGCCTACGTTTCCTCAGCAAATAGCGTTCTGGTCAGATGGTTTTTGGAACAAATCTCACAACAAAAAGTTTCAACATACTGCCCAATATATGATTACCTGAATCT
9,9,0,GTTCAAAAAATGACAGGAACGTCTTTACTGGTTTCAATATAATCATCGTGCTTTTCATCACAAAAACCGCCGATAAGCCTACGTTTCCTCAGCAAATAGCGTTCTGGTCAGATGGTTTTTGGAACAAATCTCACAACAAAAAGTTTCAACATACTGCCCACCATCACTTGTATGGGCTCG
1,1,0,GTTCAAAAAATGACAGGAACGTCTTTACTGGTTTCAATATAATCATCGTGCTTTTCATCACAAAAACCGCCGATAAGCCTACGTTTCCTCAGCAAATAGCGTTCTGGTCAGATGGTTTTTGGAACAAATCTCACAACAAAAAGTTTCAACATACTGCCCACCGCTTACAAATGCTACTCG
13,13,0,GTTCAAAAAATGACAGGAACGTCTTTACTGGTTTCAATATAATCATCGTGCTTTTCATCACAAAAACCGCCGATAAGCCTACGTTTCCTCAGCAAATAGCGTTCTGGTCAGATGGTTTTTGGAACAAATCTCACAACAAAAAGTTTCAACATACTGCCCAGCTACGTGTGTATTTTTCCA
2,2,0,TACAAAAAAAGACAGGACCGTAATTTACTCGGTTAAATATCCGCATCCTGCTTTTCATCACATAAACCGCAGATAACCCTTTCTTTCCCCGGCAGCTGGCTTTATGGTGAGATGGATTTTGCAACAAATCTCACAATAAAAGGTTACTACATACTGACTCTAGCATTCGCTTATAGAACA
22,14,8,TCACTAAGAAAGACCGGAACGTATTTACTGGGCGAACTATCATCATCCCCCGTTTCCTCCCAAATACCGAAGATAATCGTTCATTTCCCTTGCAGCTGTCGTTATGGTACGATGTTTTTTTTAACAAATCTCACAATAAAAAGGTTCAACACACTGACTAGCAAATATGCCTTTTCGATT
3,0,3,TCACTAAGAAAGACCGGAACGTATTTACTGGGCGAACTATCATCATCCTCCGTTTCCTCCCAAATACCGAAGATAATCGTTCATTTCCCTTGCAGCTGTCGTTATGGTACGATGTTTTTTTTAACAAATCTCACAATAAAAAGGTTCAACACACTGACTACAAGGCCTAGGTAGTTCATT
11,1,10,TCACTAAGAAAGACCGGAACGTATTTACTGGGCGAACTATCATCATCCTCCGTTTCCTCCCAAATACCGAAGATAATCGTTCATTTCCCTTGCAGCTGTCGTTATGGTACGATGTTTTTTTTAACAAATCTCACAATAAAAAGGTTCAACACACTGACTACAGGTTATCTCGAACAAAGC
8,1,7,TCACTAAGAAAGACCGGAACGTATTTACTGGGCGAACTATCATCATCCTCCGTTTCCTCCCAAATACCGAAGATAATCGTTCATTTCCCTTGCAGCTGTCGTTATGGTACGATGTTTTTTTTAACAAATCTCACAATAAAAAGGTTCAACACACTGACTAGTGGATTTCAACGTCGATTG
10,3,7,TTAAAAAAAAAGAAAGGAACGTATTTACTGCGTTAAATATAATCCTCCTTTATTTAATCACACAAACCGAAGATAATAGTTCCTTTCCCCGGCAGCTGGCGTTATGGTCAGATGGTTTTTGCAACAAATCTCACAATAAGATGTTTCGACATACTGACTAAGGACTGTCTTGGGCTACTT
2,1,1,TTAAAAAAAAAGAAAGGAACGTATTTACTGCGTTAAATATAATCCTCCTTTATTTAATCACACAAACCGAAGATAATAGTTCCTTTCCCCGGCAGCTGGCGTTATGGTCAGATGGTTTTTGCAACAAATCTCACAATAAGATGTTTCGACATACTGACTACCGATCAGAGGTACTGGAAT
1,1,0,TTAAAAAAAAAGAAAGGAACGTATTTACTGCGTTAAATATAATCCTCCTTTATTTAATCACACAAACCGAAGATAATAGTTCCTTTCCCCGGCAGCTGGCGTTATGGTCAGATGGTTTTTGCAACAAATCTCACAATAAGATGTTTCGACATACTGACTACTACATTAAGATTAGACTCT
1,1,0,TTAAAAAAAAAGAAAGGAACGTATTTACTGCGTTAAATATAATCCTCCTTTATTTAATCACACAAACCGAAGATAATAGTTCCTTTCCCCGGCAGCTGGCGTTATGGTCAGATGGTTTTTGCAACAAATCTCACAATAAGATGTTTCGACATACTGACTAGATAAGGTCTGTCGTGAACG
1,1,0,TTAAAAAAAAAGAAAGGAACGTATTTACTGCGTTAAATATAATCCTCCTTTATTTAATCACACAAACCGAAGATAATAGTTCCTTTCCCCGGCAGCTGGCGTTATGGTCAGATGGTTTTTGCAACAAATCTCACAATAAGATGTTTCGACATACTGACTAGTTATTTATGAGGCTCTTGA
7,4,3,TTAAAAAAAAAGAAAGGAACGTATTTACTGCGTTAAATATAATCCTCCTTTATTTAATCACACAAACCGAAGATAATAGTTCCTTTCCCCGGCAGCTGGCGTTATGGTCAGATGGTTTTTGCAACAAATCTCACAATAAGATGTTTCGACATACTGACTATGCTATTTTAAGCCGCGACA
6,6,0,TTAAAAAAAAAGACAGGAACGTATTTCCTGGTTTAAATATAATCATCTTGCTTTTCATCACAAAGCCCGCAGGTAATCCCCCCTTTCCTCGGCAGCTGGCGGTATGCTCAGGTGGCATTTGCAACAAATCTCACAATAAAAGGTTTCAACATACTGACTACTTTACCATGAGTGTCGACA
8,7,1,TTAAAAAAAAAGACAGGAACGTATTTCCTGGTTTAAATATAATCATCTTGCTTTTCATCACAAAGCCCGCAGGTAATCCCCCCTTTCCTCGGCAGCTGGCGGTATGCTCAGGTGGCATTTGCAACAAATCTCACAATAAAAGGTTTCAACATACTGACTAGTCTGAAGAAGAATTCCCGA
8,8,0,TTAAAAAAAAAGACAGGAACGTATTTCCTGGTTTAAATATAATCATCTTGCTTTTCATCACAAAGCCCGCAGGTAATCCCCCCTTTCCTCGGCAGCTGGCGGTATGCTCAGGTGGCATTTGCAACAAATCTCACAATAAAAGGTTTCAACATACTGACTATAATTGGCACCCAAAAGCGG
6,6,0,TTAAAAAAAAAGACAGGAACGTATTTCCTGGTTTAAATATAATCATCTTGCTTTTCATCACAAAGCCCGCAGGTAATCCCCCCTTTCCTCGGCAGCTGGCGGTATGCTCAGGTGGCATTTGCAACAAATCTCACAATAAAAGGTTTCAACATACTGACTATATTAGATCCACTCATCCGT
6,6,0,TTAAAAAAAAAGACAGGAACGTATTTCCTGGTTTAAATATAATCATCTTGCTTTTCATCACAAAGCCCGCAGGTAATCCCCCCTTTCCTCGGCAGCTGGCGGTATGCTCAGGTGGCATTTGCAACAAATCTCACAATAAAAGGTTTCAACATACTGACTATTCGACATTTTGCGAGCGGC
19,18,1,TTAAAAAAAAAGACAGGAACGTATTTCCTGGTTTCAATATAATCATCTTGCTTTTCATCACAAAGCCCGCAGGTAATCCCCCCTTTCCTCGGCAGCTGGCGGTATGCTCAGGTGGCATTTGCAACAAATCTCACAATAAAAGGTTTCAACATACTGACTATCAAGCGAAATGCTATCGGG
8,3,5,TTAATAAAAACGACAGGAACGTATTTACTGGGTTATATATAATCATCTTGCTTTTCATGACAAAAACTGCAAATAATCCTTCCTTTCCCCGGAAGCAGGCGATAAGGTCAGATGGTTTTTGCAACAAATCTCACAATAAAAAGTTTCACCATATTGACTAACATGGTGTAAGGGGAATTA
7,3,4,TTAATAAAAACGACAGGAACGTATTTACTGGGTTATATATAATCATCTTGCTTTTCATGACAAAAACTGCAAATAATCCTTCCTTTCCCCGGAAGCAGGCGATAAGGTCAGATGGTTTTTGCAACAAATCTCACAATAAAAAGTTTCACCATATTGACTAGAGCCGGTAGTTGTGCTGAG
3,0,3,TTACAAAAAAAAACGGGAACGTATTTACTGGGTTAAATATAATCATCCTGCTTTCCAGTACAAAAGCTGCAGATAATCCGTCGTTTCCCCGGTAGCTGGCGTTACGCTCACATGTTTTTTGCAACAACTCTTACAATAAAAAGTTTCAACACACTTAGTAATAACGCTTTTCATCCGGCG
11,0,11,TTACAAAAAAAAACGGGAACGTATTTACTGGGTTAAATATAATCATCCTGCTTTCCAGTACAAAAGCTGCAGATAATCCGTCGTTTCCCCGGTAGCTGGCGTTACGCTCACATGTTTTTTGCAACAACTCTTACAATAAAAAGTTTCAACACACTTAGTAGAATGGGCTTAAACAAGTCA
9,3,6,TTACAAAAAAAAACGGGAACGTATTTACTGGGTTAAATATAATCATCCTGCTTTCCAGTACAAAAGCTGCAGATAATCCGTCGTTTCCCCGGTAGCTGGCGTTACGCTCACATGTTTTTTGCAACAACTCTTACAATAAAAAGTTTCAACACACTTAGTAGGCGATTACGTCCTATTCAC
1,1,0,TTACAAAAAAAAACGGGAACGTATTTACTGGGTTAAATATAATCATCCTGCTTTCCAGTACAAAAGCTGCAGATAATCCGTCGTTTCCCCGGTAGCTGGCGTTACGCTCACATGTTTTTTGCAACAACTCTTACAATAAAAAGTTTCAACACACTTAGTAGTACAAATCCTTCTTTTGTG
3,0,3,TTACAAAAAAAAACGGGAACGTATTTACTGGGTTAAATATAATCATCCTGCTTTCCAGTACAAAAGCTGCAGATAATCCGTCGTTTCCCCGGTAGCTGGCGTTACGCTCACATGTTTTTTGCAACAACTCTTACAATAAAAAGTTTCAACACACTTAGTATCTATCGGTGCGAACCGTAT
11,6,5,TTACAAAAAAAGACAAGAACGTATTCACAGGGTCTAACATAATCATCCTGCTTTTCATCTCATAATCCGCAGATAATCCTTCCTTGCGCCGGCGGCTGGCGTTATGGTCAGATGGTTTTTGCAACAAATCTCACTATGAAAAGTTTCAACATACTGACCAAAAAACTATGATCCGATTCT
1,1,0,TTACAAAAAAAGACAAGAACGTATTCACAGGGTCTAACATAATCATCCTGCTTTTCATCTCATAATCCGCAGATAATCCTTCCTTGCGCCGGCGGCTGGCGTTATGGTCAGATGGTTTTTGCAACAAATCTCACTATGAAAAGTTTCAACATACTGACCAACCAGCCTTAGGAAGAATCA
2,2,0,TTACAAAAAAAGACACGCACGTATTAACTCGGTTAAATGTAATCATCCTGCTTTTCATCACAAAAACCGCAGATAATCCTTCCTTTCCCCGGCAGCTGGCGTTATGGACAGGTGGTTTTTGCAACAAATCTCACAATAAACGGTTTCAACATACTGCCTAACCTCAGTAATGGGATAAGT
10,10,0,TTACAAAAAAAGACACGCACGTATTAACTCGGTTAAATGTAATCATCCTGCTTTTCATCACAAAAACCGCAGATAATCCTTCCTTTCCCCGGCAGCTGGCGTTATGGACAGGTGGTTTTTGCAACAAATCTCACAATAAACGGTTTCAACATACTGCCTACACGCATCTGTATGGACTAG
8,8,0,TTACAAAAAAAGACACGCACGTATTAACTCGGTTAAATGTAATCATCCTGCTTTTCATCACAAAAACCGCAGATAATCCTTCCTTTCCCCGGCAGCTGGCGTTATGGACAGGTGGTTTTTGCAACAAATCTCACAATAAACGGTTTCAACATACTGCCTACCTAGGCAAATCTTCTTCCA
4,4,0,TTACAAAAAAAGACACGCACGTATTAACTCGGTTAAATGTAATCATCCTGCTTTTCATCACAAAAACCGCAGATAATCCTTCCTTTCCCCGGCAGCTGGCGTTATGGACAGGTGGTTTTTGCAACAAATCTCACAATAAACGGTTTCAACATACTGCCTAGCACCGGTGCGATTTGAATT
7,4,3,TTACAAAAAAAGACACGCACGTATTAACTCGGTTAAATGTAATCATCCTGCTTTTCATCACAAAAACCGCAGATAATCCTTCCTTTCCCCGGCAGCTGGCGTTATGGACAGGTGGTTTTTGCAACAAATCTCACAATAAACGGTTTCAACATACTGCCTAGCCCGATGGAGATCTTGATA
2,2,0,TTACAAAAAAAGACACGCACGTATTAACTCGGTTAAATGTAATCATCCTGCTTTTCATCACAAAAACCGCAGATAATCCTTCCTTTCCCCGGCAGCTGGCGTTATGGACAGGTGGTTTTTGCAACAAATCTCACAATAAACGGTTTCAACATACTGCCTATCAGTCCGAGACTCACAGAA
1,1,0,TTACAAAAAAAGACACGCACGTATTAACTCGGTTAAATGTAATCATCCTGCTTTTCATCACAAAAACCGCAGATAATCCTTCCTTTCCCCGGCAGCTGGCGTTATGGACAGGTGGTTTTTGCAACAAATCTCACAATAAACGGTTTCAACATACTGCCTATTGATTTCTATTTAGGCAAC
1,1,0,TTACAAAAAAAGACAGAAACGTATTCACTGGGTTAAATATACTCATCCTGCTTTTGAGCACAAAAACCGCACATAAGCATTCCTTTCCCCGGCAGCTGGCGTTATGGTCAGATGGTTTTTGCAAAAAATCCCACAATAAAAAGTTTCAACATACTAACTACACTATGAAATGTATTTTAC
3,0,3,TTACAAAAAAAGACAGAAACGTATTCACTGGGTTAAATATACTCATCCTGCTTTTGAGCACAAAAACCGCACATAAGCATTCCTTTCCCCGGCAGCTGGCGTTATGGTCAGATGGTTTTTGCAAAAAATCCCACAATAAAAAGTTTCAACATACTAACTAGTGGTATTTCGAATATACGA
7,7,0,TTACAAAAAAAGACAGAAACGTATTCACTGGGTTAAATATACTCATCCTGCTTTTGAGCACAAAAACCGCACATAAGCATTCCTTTCCCCGGCAGCTGGCGTTATGGTCAGATGGTTTTTGCAAAAAATCCCACAATAAAAAGTTTCAACATACTAACTATCTTATAACCTGTGAGTATA
3,3,0,TTACAAAAAAAGACAGGAACATAATTACACTGTTAAAGATAATCATCCTGCTGTGCGACAGAAAACCCGCAGATAATCCTTCCTCTCCGCGGCAGCTGGCGTCATGGTCAGATGGTTTTTGAAACGAAGCTCACAATAAAAAGTTTCAACATACTGGCTAGCCCAGCGTTATGGCAGAAG
1,1,0,TTACAAAAAAAGACAGGAACATAATTACACTGTTAAAGATAATCATCCTGCTGTGCGACAGAAAACCCGCAGATAATCCTTCCTCTCCGCGGCAGCTGGCGTCATGGTCAGATGGTTTTTGCAACAAATCTCACAATAAAAAGTTTCAGGATACTAACTAATCGGGTCTCAATTACGAGC
1,1,0,TTACAAAAAAAGACAGGAACATAATTACACTGTTAAAGATAATCATCCTGCTGTGCGACAGAAAACCCGCAGATAATCCTTCCTCTCCGCGGCAGCTGGCGTCATGGTCAGATGGTTTTTGCAACAAATCTCACAATAAAAAGTTTCAGGATACTAACTAGATTAGAGAGGACAAGCCAC
2,2,0,TTACAAAAAAAGACAGGAACATAATTACACTGTTAAAGATAATCATCCTGCTGTGCGACAGAAAACCCGCAGATAATCCTTCCTCTCCGCGGCAGCTGGCGTCATGGTCAGATGGTTTTTGCAACAAATCTCACAATAAAAAGTTTCAGGATACTAACTATTTTCAATAATTGTGATTAC
1,1,0,TTACAAAAAAAGACAGGAACATAATTACACTGTTAAAGATAATCATCCTGCTGTGCGACAGAAAACCCGCAGATAATCCTTCCTCTCCGCTGCAGCTGGCGTCATGGTCAGATGGTTTTTGCAACAAATCTCACAATAAAAAGTTTCAGGATACTAACTAGAATTGACGCATAGGCTGCG
2,2,0,TTACAAAAAAAGACAGGAACGTATTAACTAGGTTGAATGTAATCATCTTCCTTTCCATAGCAAAATCATCAGATAATCCTTGTTTTCCCCGGCAACTGGCGTTATGGACAGATGGTCTTTCCAACAAATCTCACAATAAAAATTTTCAACATACTGACTAAGTTGGCACTCCGTGATTTA
4,1,3,TTACAAAAAAAGACAGGAACGTATTAACTAGGTTGAATGTAATCATCTTCCTTTCCATAGCAAAATCATCAGATAATCCTTGTTTTCCCCGGCAACTGGCGTTATGGACAGATGGTCTTTCCAACAAATCTCACAATAAAAATTTTCAACATACTGACTATCAGCAACTCCAGCTAACCC
5,5,0,TTACAAAAAAAGACAGGAACGTATTAACTAGGTTGAATGTAATCATCTTCCTTTCCATAGCAAAATCATCAGATAATCCTTGTTTTCCCCGGCAACTGGCGTTATGGACAGATGGTCTTTCCAACAAATCTCACAATAAAAATTTTCAACATACTGACTATTGCGTCTTTACTCAGAGAC
34,1,33,TTACAAAAAAAGACAGGAACGTATTGACTGGGTTAAATATAATCATCCTGCTTTTCATCACAAAAACCGCAGATAATCCTTCCTTTCCCCGGCAGCTGGCGTTATGGTCAGATGGTTTTTGCAGCAAAGCTCACAATAAAAAGTTTCAACATACTGACAAGGGTCACTGCACAAAGTTCC
13,6,7,TTACAAAAAAAGACAGGAACGTATTTACAGGGTTAAATATAATCATCATGCTTTTCACCACAAAAACCGCAGATAATCCCTGCTTTCCCCGGGATCTGGCCTTATGGTCAGACGGTTTTTGCAACAAATCTCACAATAAAAACTTTGAAGATACTGATGATCCCAGGTTTTAATTGAGCT
8,5,3,TTACAAAAAAAGACAGGAACGTATTTACAGGGTTAAATATAATCATCATGCTTTTCACCACAAAAACCGCAGATAATCCCTGCTTTCCCCGGGATCTTGCCTTATGGTCAGACGGTTTTTGCAACAAATCTCACAATAAAAACTTTGAAGATACTGATGACCATTACTGCTGGAACTTCT
35,29,6,TTACAAAAAAAGACAGGAACGTATTTACTGGGTGAAATATAATCATCCTGCTTTTCTACACAAAAACCTCAAAGAATCCTTCCTCTCCCCGGCAGCTGGCGTTACGGTCAGATGGTTTTTGCAACAAATCACACAATAAAAAGTTTCAACATACTGACTAATCTTATCATCATCGTTACA
1,1,0,TTACAAAAAAAGACAGGAACGTATTTACTGGGTTAAATATAATCATCTTGCTGATCATGACAACAACCGCAGTTAATCCTTCCTTTTCCCGGCAGTTGGCGTTATGGTCAGATGGGTATTGCAACAAATCTCACAATAAACAGTTTCAAAATACTGACTAACATAACGACTTCGCCTTAA
10,5,5,TTACAAAAAAAGACAGGAACGTATTTAGTGGGTTAAATATAATCATCCGGCTTTTCATCACAAAACTCGCAGATCAGCCTTCGTTTCCCCGGCACCTAGCCTAAGCGCAAGGTGAATGTTGCAACAAGTCTTACAAAAAAAGGTTTCAACATACTGTATAAGGTTCTCCTACATAGTTCT
13,6,7,TTACAAAAAAAGACAGGAACGTATTTAGTGGGTTAAATATAATCATCCGGCTTTTCATCACAAAACTCGCAGATCAGCCTTCGTTTCCCCGGCACCTAGCCTAAGCGCAAGGTGAATGTTGCAACAAGTCTTACAAAAAAAGGTTTCAACATACTGTATAATCAGATGTTGAGGCGCGCC
1,1,0,TTACAAAAAAAGACAGGAACGTATTTAGTGGGTTAAATATAATCATCCGGCTTTTCATCACAAAACTCGCAGATCAGCCTTCGTTTCCCCGGCACCTAGCCTAAGCGCAAGGTGAATGTTGCAACAAGTCTTACAAAAAAAGGTTTCAACATACTGTATAATGTGGATCGATGTTAATAG
9,5,4,TTACAAAAAAAGACAGGAACGTATTTAGTGGGTTAAATATAATCATCCGGCTTTTCATCACAAAACTCGCAGATCAGCCTTCGTTTCCCCGGCACCTAGCCTAAGCGCAAGGTGAATGTTGCAACAAGTCTTACAAAAAAAGGTTTCAACATACTGTATAGGATGCATGTCCGCGTGACC
6,6,0,TTACAAAAAAAGACAGGTAGGTATTTACTGTGTTACATAGAATCAGCCTGCTTTTCATCCCAAAAACCGCAGAGAATCCGTCCTTTCCCAGGCAGCAAGCGTTAGGGTCAGATGGTTTTTGCAACAAATCTCACAATAAAAAGTTTCAACATACTGACTAACGCCGAGGGTGTGAAAGTA
8,8,0,TTACAAAAAAAGACAGGTAGGTATTTACTGTGTTACATAGAATCAGCCTGCTTTTCATCCCAAAAACCGCAGAGAATCCGTCCTTTCCCAGGCAGCAAGCGTTAGGGTCAGATGGTTTTTGCAACAAATCTCACAATAAAAAGTTTCAACATACTGACTAAGCGGTTACATAAAACGCGG
3,2,1,TTACAAAAAAAGACAGGTAGGTATTTACTGTGTTACATAGAATCAGCCTGCTTTTCATCCCAAAAACCGCAGAGAATCCGTCCTTTCCCAGGCAGCAAGCGTTAGGGTCAGATGGTTTTTGCAACAAATCTCACAATAAAAAGTTTCAACATACTGACTAAGCGTTCATACATTAAGGGT
14,14,0,TTACAAAAAAAGACAGGTAGGTATTTACTGTGTTACATAGAATCAGCCTGCTTTTCATCCCAAAAACCGCAGAGAATCCGTCCTTTCCCAGGCAGCAAGCGTTAGGGTCAGATGGTTTTTGCAACAAATCTCACAATAAAAAGTTTCAACATACTGACTAGCTGTACTCTCCACCACCCA
2,2,0,TTACAAAAAAAGACAGGTAGGTATTTACTGTGTTACATAGAATCAGCCTGCTTTTCATCCCAAAAACCGCAGAGAATCCGTCCTTTCCCAGGCAGCAAGCGTTAGGGTCAGATGGTTTTTGCAACAAATCTCACAATAAAAAGTTTCAACATACTGACTATCATTTAGTTCAGTAAATTC
2,2,0,TTACAAAAAAAGACAGGTAGGTATTTACTGTGTTACATAGAATCAGCCTGCTTTTCATCCCAAAAACCGCAGAGAATCCGTCCTTTCCCAGGCAGCAAGCGTTAGGGTCAGATGGTTTTTGCAACAAATCTCACAATAAAAAGTTTCAACATACTGACTATGCTATTTTCGTGTCAAGTA
20,0,20,TTACAAAAAAAGACATGAACCTATTTACTGGGTTTAATATAATCATCCTGCTTTTCATCACAAAAACCGCACGTAATCCTTCCTTTCCCCGGCAGCTGGCGTTATGGTCATATGGTTTTTGCAACAAATCTCACAATAAAAAGTTTCAACATACTTACTAACGAGATCGAACGAGTATCG
1,1,0,TTACAAAAAAAGACATGAACCTATTTACTGGGTTTAATATAATCATCCTGCTTTTCATCACAAAAACCGCACGTAATCCTTCCTTTCCCCGGCAGCTGGCGTTATGGTCATATGGTTTTTGCAACAAATCTCACAATAAAAAGTTTCAACATACTTACTAATTTATAGTTAGCTGTCTTG
14,2,12,TTACAAAAAAAGACATGAACCTATTTACTGGGTTTAATATAATCATCCTGCTTTTCATCACAAAAACCGCACGTAATCCTTCCTTTCCCCGGCAGCTGGCGTTATGGTCATATGGTTTTTGCAACAAATCTCACAATAAAAAGTTTCAACATACTTACTACAACCCCACCGCACGATATA
2,0,2,TTACAAAAAAAGACATGAACCTATTTACTGGGTTTAATATAATCATCCTGCTTTTCATCACAAAAACCGCACGTAATCCTTCCTTTCCCCGGCAGCTGGCGTTATGGTCATATGGTTTTTGCAACAAATCTCACAATAAAAAGTTTCAACATACTTACTACAATGAAGCACGCCATCTCA
3,1,2,TTACAAAAAAAGACATGAACCTATTTACTGGGTTTAATATAATCATCCTGCTTTTCATCACAAAAACCGCACGTAATCCTTCCTTTCCCCGGCAGCTGGCGTTATGGTCATATGGTTTTTGCAACAAATCTCACAATAAAAAGTTTCAACATACTTACTAGACGTTTTGTAGCTAACTTC
4,2,2,TTACAAAAAAAGACATGAACCTATTTACTGGGTTTAATATAATCATCCTGCTTTTCATCACAAAAACCGCACGTAATCCTTCCTTTCCCCGGCAGCTGGCGTTATGGTCATATGGTTTTTGCAACAAATCTCACAATAAAAAGTTTCAACATACTTACTATACCAACCTTGGTGCAATCA
4,4,0,TTACAAAAAAAGACCAGACCGTATTTACTTGGTTAGAAATAATCACGCTGTTTTTCATCACAAATACCGCATATAATCCTTCCATTCCCCGGCAGCTGGCCAGATGGTCAGATGCTTTTTGCAACACATCTCTCAATAGAAAGTTTCAACATACTGACTACCCCTGCATTCTTCTGATTG
3,3,0,TTACAAAAAAAGACCGGACCGTATTTACTTGGTTAGAAATAATCACGCTGTTTTTCATCACAAATACCGCATATAATCCTTCCATTCCCCGGCAGCTGGCCAGATGGTCAGATGCTTTTTGCAACACATCTCTCAATAGAAAGTTTCAACATACTGACTACAGATACAAGCACGATCTCT
1,1,0,TTACAAAAAAAGACCGGACCGTATTTACTTGGTTAGAAATAATCACGCTGTTTTTCATCACAAATACCGCATATAATCCTTCCATTCCCCGGCAGCTGGCCAGATGGTCAGATGCTTTTTGCAACACATCTCTCAATAGAAAGTTTCAACATACTGACTACTCGAAACGAATTTGCCAAT
14,7,7,TTACAAAAAAAGACCGGACCGTATTTACTTGGTTAGAAATAATCACGCTGTTTTTCATCACAAATACCGCATATAATCCTTCCATTCCCCGGCAGCTGGCCAGATGGTCAGATGCTTTTTGCAACACATCTCTCAATAGAAAGTTTCAACATACTGACTAGATTATCATAGGCAACTAGT
3,3,0,TTACAAAAAAAGACCGGACCGTATTTACTTGGTTAGAAATAATCACGCTGTTTTTCATCACAAATACCGCATATAATCCTTCCATTCCCCGGCAGCTGGCCAGATGGTCAGATGCTTTTTGTAACACATCTCTCAATAGAAAGTTTCAACATACTGACTATCACATTACGGCACTTGTCA
3,0,3,TTACAAAAAAAGATAGGAACGTATTTACTCGGTTAAATATAATCATCCTGATTTTCATCACAAAAACCGCAGATAATGCTTCCTTTCCCCGCCGGGTCGCGTTATCGTCAGATGGTTTTTGAAACAAATTTCACAATAAAGACTTTCAACATGTCGACTAAATTGAAAACTACAATCTGG
3,2,1,TTACAAAAAAAGATAGGAACGTATTTACTCGGTTAAATATAATCATCCTGATTTTCATCACAAAAACCGCAGATAATGCTTCCTTTCCCCGCCGGGTCGCGTTATCGTCAGATGGTTTTTGAAACAAATTTCACAATAAAGACTTTCAACATGTCGACTAACACTGGCTACGGAACTCTG
21,1,20,TTACAAAAAAAGATAGGAACGTATTTACTCGGTTAAATATAATCATCCTGATTTTCATCACAAAAACCGCAGATAATGCTTCCTTTCCCCGCCGGGTCGCGTTATCGTCAGATGGTTTTTGAAACAAATTTCACAATAAAGACTTTCAACATGTCGACTAATGTTATACCTAGTACGGTT
9,0,9,TTACAAAAAAAGATAGGAACGTATTTACTCGGTTAAATATAATCATCCTGATTTTCATCACAAAAACCGCAGATAATGCTTCCTTTCCCCGCCGGGTCGCGTTATCGTCAGATGGTTTTTGAAACAAATTTCACAATAAAGACTTTCAACATGTCGACTAGATTCACTTATACCTGTGAG
37,2,35,TTACAAAAAAAGATAGGAACGTATTTACTCGGTTAAATATAATCATCCTGATTTTCATCACAAAAACCGCAGATAATGCTTCCTTTCCCCGCCGGGTCGCGTTATCGTCAGATGGTTTTTGAAACAAATTTCACAATAAAGACTTTCAACATGTCGACTAGGAAGTAGGGGTTGATTCTG
65,5,60,TTACAAAAAAAGATAGGAACGTATTTACTCGGTTAAATATAATCATCCTGATTTTCATCACAAAAACCGCAGATAATGCTTCCTTTCCCCGCCGGGTCGCGTTATCGTCAGATGGTTTTTGAAACAAATTTCACAATAAAGACTTTCAACATGTCGACTAGTGGGCAAATAAACAAGGTG
238,14,224,TTACAAAAAAAGATAGGAACGTATTTACTCGGTTAAATATAATCATCCTGATTTTCATCACAAAAACCGCAGATAATGCTTCCTTTCCCCGCCGGGTCGCGTTATCGTCAGATGGTTTTTGAAACAAATTTCACAATAAAGACTTTCAACATGTCGACTATGCTCTTAATACATCTAGAG
35,0,35,TTACAAAAAAAGATAGGAACGTATTTACTCGGTTAAATATAATCATCCTGATTTTCATCACAAAAACCGCAGATAATGCTTCCTTTCCCCGCCGGGTCGCGTTATCGTCAGATGGTTTTTGAAACAAATTTCACAATAAAGACTTTCAACATGTCGACTATTGGATTAATTCCACGGAGC
125,3,122,TTACAAAAAAAGATAGGAACGTATTTACTCGGTTAAATATAATCATCCTGATTTTCATCACAAAAACCGCAGATAATGCTTCCTTTCCCCGCCGGGTCGCGTTATCGTCAGATGGTTTTTGAAACAAATTTCACAATAAAGACTTTCAACATGTCGACTATTTTAGGGCATTTGGGTTTA
62,13,49,TTACAAAAAAAGATAGGAATGTATTTACTGCGTTAGATAAATTCATCCTGATTTTCATCACAAAAACCGCTGCTAATCCTTCCTTTCCCCGGCAGCTGGCGATATGGTCAGTTGGTTTTTGCAACCAATCTCACAATAAAAAGTTTCAACATACTGGCTAGAGACCTGAATGGAGCGAGC
3,1,2,TTACAAAAAAAGATAGGAATGTATTTACTGCGTTAGATAAATTCATCCTGATTTTCATCACAAAAACCGCTGCTAATCCTTCCTTTCCCCGGCAGCTGGCGATATGGTCAGTTGGTTTTTGCAACCAATCTCACAATAAAAAGTTTCAACATACTGGCTAGAGGCACAGTACGTAGAGGT
1,0,1,TTACAAAAAAAGATAGGAATGTATTTACTGCGTTAGATAAATTCATCCTGATTTTCATCACAAAAACCGCTGCTAATCCTTCCTTTCCCCGGCAGCTGGCGATATGGTCAGTTGGTTTTTGCAACCAATCTCACAATAAAAAGTTTCAACATACTGGCTATCCAACGTCGCAAAGGGTAA
17,5,12,TTACAAAAAAAGATAGGAATGTATTTACTGCGTTAGATAAATTCATCCTGATTTTCATCACAAAAACCGCTGCTAATCCTTCCTTTCCCCGGCAGCTGGCGATATGGTCAGTTGGTTTTTGCAACCAATCTCACAATAAAAAGTTTCAACATACTGGCTATCGGTAGCATTTTAATGCTA
25,14,11,TTACAAAAAAAGCCAGGACCGTATTTACTGGGTTAAATATGATCACCCTGCTTTTCATCACAAAAACCGCAGATAATCCTTCATTTCCCCGGCAGCTGGCGATATGGTCAGTTGGATTTTGCAACAAATCTTACGATAAAAAGTTTCAACATTCTGACTAATGCAGTGCCATCTCTTCCA
2,2,0,TTACAAAAAAAGCCAGGACCGTATTTACTGGGTTAAATATGATCACCCTGCTTTTCATCACAAAAACCGCAGATAATCCTTCATTTCCCCGGCAGCTGGCGATATGGTCAGTTGGATTTTGCAACAAATCTTACGATAAAAAGTTTCAACATTCTGACTACTTTGGGGCAGCTCTAATGG
5,5,0,TTACAAAAAAAGCCAGGATCGTATTTACTGGGGTAAAGATAATCATCCTGCTTTTCATCAGAAATACCGAAGATAATGCTTCCTCTCCCCGGCAGCTGGCGCTATGGTCAGATTGTTTTTCCAACAAATCTCACAATAAAAAGTTTCAACATACTGGCTAAAACCGTGTACCGTACCGTC
1,1,0,TTACAAAAAAAGCCAGGATCGTATTTACTGGGGTAAAGATAATCATCCTGCTTTTCATCAGAAATACCGAAGATAATGCTTCCTCTCCCCGGCAGCTGGCGCTATGGTCAGATTGTTTTTCCAACAAATCTCACAATAAAAAGTTTCAACATACTGGCTATCCTTCGGGTGGGGCGACTT
5,1,4,TTACAAAAAAAGTTAGGGACGTAGTTACTGGGTTAAAAATAATCATCCTGCTTTTAGTCAATAAAACCGCAGATAATCCTTCCTCTCCCCGGCAGCTGGCGTTATGGTCAGATGGTTTTGGCAGCAAATCTCACAATAAAAATTTTCAACCTACCGACTAAAAACATGTCAAACACACTA
2,2,0,TTACAAAAAAAGTTAGGGACGTAGTTACTGGGTTAAAAATAATCATCCTGCTTTTAGTCAATAAAACCGCAGATAATCCTTCCTCTCCCCGGCAGCTGGCGTTATGGTCAGATGGTTTTGGCAGCAAATCTCACAATAAAAATTTTCAACCTACCGACTAACTCGGCTTATCTGACTGAA
3,2,1,TTACAAAAAAAGTTAGGGACGTAGTTACTGGGTTAAAAATAATCATCCTGCTTTTAGTCAATAAAACCGCAGATAATCCTTCCTCTCCCCGGCAGCTGGCGTTATGGTCAGATGGTTTTGGCAGCAAATCTCACAATAAAAATTTTCAACCTACCGACTAAGCGAGAGGTCTTGAATCAC
2,2,0,TTACAAAAAAAGTTAGGGACGTAGTTACTGGGTTAAAAATAATCATCCTGCTTTTAGTCAATAAAACCGCAGATAATCCTTCCTCTCCCCGGCAGCTGGCGTTATGGTCAGATGGTTTTGGCAGCAAATCTCACAATAAAAATTTTCAACCTACCGACTAAGGCTTAAGGCTCGACTATT
1,0,1,TTACAAAAAAAGTTAGGGACGTAGTTACTGGGTTAAAAATAATCATCCTGCTTTTAGTCAATAAAACCGCAGATAATCCTTCCTCTCCCCGGCAGCTGGCGTTATGGTCAGATGGTTTTGGCAGCAAATCTCACAATAAAAATTTTCAACCTACCGACTACCACCCGCATTACGTATCCT
6,6,0,TTACAAAAAAAGTTAGGGACGTAGTTACTGGGTTAAAAATAATCATCCTGCTTTTAGTCAATAAAACCGCAGATAATCCTTCCTCTCCCCGGCAGCTGGCGTTATGGTCAGATGGTTTTGGCAGCAAATCTCACAATAAAAATTTTCAACCTACCGACTATTTTCCTAGATGAGCACCAA
1,1,0,TTACAAAAAACGACAGGAAGGTATTTACGGGGTTAAACATAATCATCCTGCTTTTCCACACGAAAACCGGAGAGAATCCGTCCTTTCCCCGGCAGCTGGCGTATTGGTCAGACGGCTTTTGCGACAAATCTCACAATAAAGAGTTTCAACATACCGACTAAAAAAAGTGTGCAAGCCTTC
1,1,0,TTACAAAAAACGACAGGAAGGTATTTACGGGGTTAAACATAATCATCCTGCTTTTCCACACGAAAACCGGAGAGAATCCGTCCTTTCCCCGGCAGCTGGCGTATTGGTCAGACGGCTTTTGCGACAAATCTCACAATAAAGAGTTTCAACATACCGACTAAATTCATTATGGATTAGGTC
5,5,0,TTACAAAAAACGACAGGAAGGTATTTACGGGGTTAAACATAATCATCCTGCTTTTCCACACGAAAACCGGAGAGAATCCGTCCTTTCCCCGGCAGCTGGCGTATTGGTCAGACGGCTTTTGCGACAAATCTCACAATAAAGAGTTTCAACATACCGACTACCAAACTATTTCTGATTGCT
6,6,0,TTACAAAAAACGACAGGAAGGTATTTACGGGGTTAAACATAATCATCCTGCTTTTCCACACGAAAACCGGAGAGAATCCGTCCTTTCCCCGGCAGCTGGCGTATTGGTCAGACGGCTTTTGCGACAAATCTCACAATAAAGAGTTTCAACATACCGACTACCTATGCAAAATGGCCTAAA
3,3,0,TTACAAAAAACGACAGGAAGGTATTTACGGGGTTAAACATAATCATCCTGCTTTTCCACACGAAAACCGGAGAGAATCCGTCCTTTCCCCGGCAGCTGGCGTATTGGTCAGACGGCTTTTGCGACAAATCTCACAATAAAGAGTTTCAACATACCGACTACTACAACCAAATAGGGACCT
9,9,0,TTACAAAAAACGACAGGAAGGTATTTACGGGGTTAAACATAATCATCCTGCTTTTCCACACGAAAACCGGAGAGAATCCGTCCTTTCCCCGGCAGCTGGCGTATTGGTCAGACGGCTTTTGTGACAAATCTCACAATAAAGAGTTTCAACATACCGACTATCTTTGTGTGCCATAGCTTA
2,2,0,TTACAAAAACAGACACAAAGGTATTTACTGGATTAAACATAATCATCCTGATTTTCATAACAAACACCGCAGATAATCCTTCCTTTCCCCGGCAGCAGGCGTTAACGTCAGATGGTTTTTGCGACAAATATAACAATAAAAAGTGTCAACACACTGACTACGTATTTGTCTCTTAACTCA
1,1,0,TTACAAAAACAGACACAAAGGTATTTACTGGATTAAACATAATCATCCTGATTTTCATAACAAACACCGCAGATAATCCTTCCTTTCCCCGGCAGCAGGCGTTAACGTCAGATGGTTTTTGCGACAAATATAACAATAAAAAGTGTCAACACACTGACTAGAAAGTTGAGACTGATATTA
5,4,1,TTACAAAAACAGACAGGAACGTATTTACTGGGTTAAATATGATCATCCTGCTTTTCATCACAAAAAGCGCAGTTAATCCTACCTGTCCCGGGTAGATGGCGTTATGGTCGGATGGTATTTGCCACAAATCTCACAATAAAAAGCTTCAACATACGGACTCAATGGGTATAAATTTGTAAT
6,6,0,TTACAAAAACAGACAGGAACGTATTTACTGGGTTAAATATGATCATCCTGCTTTTCATCACAAAAAGCGCAGTTAATCCTACCTGTCCCGGGTAGATGGCGTTATGGTCGGATGGTATTTGCCACAAATCTCACAATAAAAAGCTTCAACATACGGACTCAGACTGCACCGATCGGCAAG
1,1,0,TTACAAAAACAGACAGGAACGTATTTACTGGGTTAAATATGATCATCCTGCTTTTCATCACAAAAAGCGCAGTTAATCCTACCTGTCCCGGGTAGATGGCGTTATGGTCGGATGGTATTTGCCACAAATCTCACAATAAAAAGCTTCAACATACGGACTCCCGAATATACTTTCATTTTC
1,1,0,TTACAAAAACAGACAGGAACGTATTTACTGGGTTAAATATGATCATCCTGCTTTTCATCACAAAAAGCGCAGTTAATCCTACCTGTCCCGGGTAGATGGCGTTATGGTCGGATGGTATTTGCCACAAATCTCACAATAAAAAGCTTCAACATACGGACTCCTACGCTCAATGGATGTGAT
5,5,0,TTACAAAAACAGACAGGAACGTATTTACTGGGTTAAATATGATCATCCTGCTTTTCATCACAAAAAGCGCAGTTAATCCTACCTGTCCCGGGTAGATGGCGTTATGGTCGGATGGTATTTGCCACAAATCTCACAATAAAAAGCTTCAACATACGGACTCGCACCCACGGTAAGAAGGAA
8,4,4,TTACAAAAACAGACAGGAACGTATTTACTGGGTTAAATATGATCATCCTGCTTTTCATCACAAAAAGCGCAGTTAATCCTACCTGTCCCGGGTAGATGGCGTTATGGTCGGATGGTATTTGCCACAAATCTCACAATAAAAAGCTTCAACATACGGACTCGGAGACGCACGGTCATTTGT
16,10,6,TTACAAAAACAGACAGGAACGTATTTACTGGGTTAAATATGATCATCCTGCTTTTCATCACAAAAAGCGCAGTTAATCCTACCTGTCCCGGGTAGATGGCGTTATGGTCGGATGGTATTTGCCACAAATCTCACAATAAAAAGCTTCAACATACGGACTCGTGCTAGGACCGCACTCCGA
3,3,0,TTACAAAAACAGACAGGAACGTATTTACTGGGTTAAATATGATCATCCTGCTTTTCATCACAAAAAGCGCAGTTAATCCTACCTGTCCCGGGTAGATGGCGTTATGGTCGGATGGTATTTGCCACAAATCTCACAATAAAAAGCTTCAACATACGGACTCGTTCCCCCGCCCTGAGCGAG
3,3,0,TTACAAAAACAGACAGGAACGTATTTACTGGGTTAAATATGATCATCCTGCTTTTCATCACAAAAAGCGCAGTTAATCCTACCTGTCCCGGGTAGATGGCGTTATGGTCGGATGGTATTTGCCACAAATCTCACAATAAAAAGCTTCAACATACGGACTCTAAAGGGAGAATTGCTGTCA
5,5,0,TTACAAAAACAGACAGGAACGTATTTACTGGGTTAAATATGATCATCCTGCTTTTCATCACAAAAAGCGCAGTTAATCCTACCTGTCCCGGGTAGATGGCGTTATGGTCGGATGGTATTTGCCACAAATCTCACAATAAAAAGCTTCAACATACGGACTCTACACCTTTATCAGCTTTCG
1,1,0,TTACAAAAACAGACAGGAACGTATTTACTGGGTTAAATATGATCATCCTGCTTTTCATCACAAAAAGCGCAGTTAATCCTACCTGTCCCGGGTAGATGGCGTTATGGTCGGATGGTATTTGCCACAAATCTCACAATAAAAAGCTTCAACATACGGACTCTATTGGCTGTACGCGGTTCG
1,1,0,TTACAAAAATCTACAGGAACCTATTTACTGGGGTAAAAATAATCATCCTGCTTTTTATCACAAAAATCGCAGATAATCCTTCCTTTCACCGGCAGCGGGGGTTATGGTCAGTTGGTTTTTGTAACAAATCTCACAATAAGAAGTTCCAACATACTGACAAAATGTGTCACAACAACGTAC
21,4,17,TTACAAAAATCTACAGGAACCTATTTACTGGGGTAAAAATAATCATCCTGCTTTTTATCACAAAAATCGCAGATAATCCTTCCTTTCACCGGCAGCGGGGGTTATGGTCAGTTGGTTTTTGTAACAAATCTCACAATAAGAAGTTCCAACATACTGACAAGCTCCATAGTACGCTAATGT
32,2,30,TTACAAAAATCTACAGGAACCTATTTACTGGGGTAAAAATAATCATCCTGCTTTTTATCACAAAAATCGCAGATAATCCTTCCTTTCACCGGCAGCGGGGGTTATGGTCAGTTGGTTTTTGTAACAAATCTCACAATAAGAAGTTCCAACATACTGACAATATCGTATTGGTACAGTCAC
1,1,0,TTACAAAAGCAGACAGGAACGTATTTACTGGTGTAAATATAATCATTCTGCTTTTCAGCATGAAAACCGCATATCATCCTTCATTTACCCGGCAGCTGGAGTTATGGTCAGATGGTTTTTGCAACAAATCTCACAAAAAAAAGTTTCAACATACTTACTACCATTTTGACATCACAAAGA
6,6,0,TTACAAAAGCAGACAGGAACGTATTTACTGGTGTAAATATAATCATTCTGCTTTTCAGCATGAAAACCGCATATCATCCTTCATTTACCCGGCAGCTGGAGTTATGGTCAGATGGTTTTTGCAACAAATCTCACAAAAAAAAGTTTCAACATACTTACTAGATATGGGTTCCCCACTATA
17,14,3,TTACAAAAGCAGACAGGAACGTATTTACTGGTGTAAATATAATCATTCTGCTTTTCAGCATGAAAACCGCATATCATCCTTCATTTACCCGGCAGCTGGAGTTATGGTCAGATGGTTTTTGCAACAAATCTCACAAAAAAAAGTTTCAACATACTTACTAGTGGAATATCCTGATACGTC
4,3,1,TTACAAAAGCAGACAGGAACGTATTTACTGGTGTAAATATAATCATTCTGCTTTTCAGCATGAAAACCGCATATCATCCTTCATTTACCCGGCAGCTGGAGTTATGGTCAGATGGTTTTTGCAACAAATCTCACAAAAAAAAGTTTCAACATACTTACTATAGTTAATCATCCTCTTCAC
4,0,4,TTACAAAGATAGACACGAACGTATTTACTGGATTAAATATGATCATCCTGCTTTTAATCACCTAAACCGCAGATCATTCTTCCTTTCCCCGGCAGCTGGCGATATGGTCAGATGGTGTTTGCAACAAAACTCACATAAAAGAGTTTCAAATTATTGACTAAATTAGTTGCGCCGCACAAT
3,2,1,TTACAAAGATAGACACGAACGTATTTACTGGATTAAATATGATCATCCTGCTTTTAATCACCTAAACCGCAGATCATTCTTCCTTTCCCCGGCAGCTGGCGATATGGTCAGATGGTGTTTGCAACAAAACTCACATAAAAGAGTTTCAAATTATTGACTAGAAGGAATCTAATATCAGGG
7,6,1,TTACAAAGATAGACACGAACGTATTTACTGGATTAAATATGATCATCCTGCTTTTAATCACCTAAACCGCAGATCATTCTTCCTTTCCCCGGCAGCTGGCGATATGGTCAGATGGTGTTTGCAACAAAACTCACATAAAAGAGTTTCAAATTATTGACTAGACGTCTACGAGTACCAGCG
4,4,0,TTACAAAGATAGACACGAACGTATTTACTGGATTAAATATGATCATCCTGCTTTTAATCACCTAAACCGCAGATCATTCTTCCTTTCCCCGGCAGCTGGCGATATGGTCAGATGGTGTTTGCAACAAAACTCACATAAAAGAGTTTCAAATTATTGACTAGCAAGTAGCCTACGGCTCGG
5,3,2,TTACAAAGATAGACACGAACGTATTTACTGGATTAAATATGATCATCCTGCTTTTAATCACCTAAACCGCAGATCATTCTTCCTTTCCCCGGCAGCTGGCGATATGGTCAGATGGTGTTTGCAACAAAACTCACATAAAAGAGTTTCAAATTATTGACTATTTTTATTCAGTAAGCTCAA
4,4,0,TTACAAAGATAGACAGGAATGTATGTACTGCGTTAAATACAATCATCCTACTTTTCATCACAAAAACCGCAGATAATCTTTCCCTTCCCCGGCACTTCACGTTATGGTCAGATAGTCTTAGACACAAATCTGACAATATATAGTTTCAACCTACTAACTACGAGATCAATGACGAACAAA
4,4,0,TTACAAATAAAGACAGGAGCGTATTTACTGAGTCAAATTTAATCATCCTGATTTTCATCACGATAACCGCAGATAATCCTGCCTTTCCTCGGCAGTTGGCGTTCTGGTCAGATGGTTTGGGCATCAAATCTCACAATAAAAGGTTTCATCATACTGATTAACAGATTCGTAGGACCCATC
11,10,1,TTACAAATAAAGACAGGAGCGTATTTACTGAGTCAAATTTAATCATCCTGATTTTCATCACGATAACCGCAGATAATCCTGCCTTTCCTCGGCAGTTGGCGTTCTGGTCAGATGGTTTGGGCATCAAATCTCACAATAAAAGGTTTCATCATACTGATTAACGCTTTCAACCATAACGAA
12,12,0,TTACAAATAAAGACAGGAGCGTATTTACTGAGTCAAATTTAATCATCCTGATTTTCATCACGATAACCGCAGATAATCCTGCCTTTCCTCGGCAGTTGGCGTTCTGGTCAGATGGTTTGGGCATCAAATCTCACAATAAAAGGTTTCATCATACTGATTACAGCGGACGTAGACTTATAG
2,2,0,TTACAAATAAAGACAGGAGCGTATTTACTGAGTCAAATTTAATCATCCTGATTTTCATCACGATAACCGCAGATAATCCTGCCTTTCCTCGGCAGTTGGCGTTCTGGTCAGATGGTTTGGGCATCAAATCTCACAATAAAAGGTTTCATCATACTGATTACGATCATTAACACGAATTCG
11,11,0,TTACAAATAAAGACAGGAGCGTATTTACTGAGTCAAATTTAATCATCCTGATTTTCATCACGATAACCGCAGATAATCCTGCCTTTCCTCGGCAGTTGGCGTTCTGGTCAGATGGTTTGGGCATCAAATCTCACAATAAAAGGTTTCATCATACTGATTAGCAGTTTTACGGTACCAGCA
2,2,0,TTACAAATAAAGACAGGAGCGTATTTACTGAGTCAAATTTAATCATCCTGATTTTCATCACGATAACCGCAGATAATCCTGCCTTTCCTCGGCAGTTGGCGTTCTGGTCAGATGGTTTGGGCATCAAATCTCACAATAAAAGGTTTCATCATACTGATTATCATTAGCCTCAAAGTACGA
2,2,0,TTACAAATAAAGACAGGAGCGTATTTACTGAGTCAAATTTAATCATCCTGATTTTCATCACGATAACCGCAGATAATCCTGCCTTTCCTCGGCAGTTGGCGTTCTGGTCAGATGGTTTGGGCATCAAATCTCACAATAAAAGGTTTCATCATACTGATTATCCAAGGCTGTCTCAGACGC
9,9,0,TTACAACAAAAGATAGGAACGTATTTACTGGGTTAATTATAATCATCCAGCTTTTCATCTCAAAAGCCGCAGTTAATCCTTCGTTTCCCCGGAAGCTGGCGTTATGGTCAGATGGATTTTGCAACAATTCTCACAATAAAAACTTTCAACAGACTGACTAGAAATGGTCGGGTCGAGCAT
5,5,0,TTACAACAAAAGATAGGAACGTATTTACTGGGTTAATTATAATCATCCAGCTTTTCATCTCAAAAGCCGCAGTTAATCCTTCGTTTCCCCGGAAGCTGGCGTTATGGTCAGATGGATTTTGCAACAATTCTCACAATAAAAACTTTCAACAGACTGACTATTACTTTCGGTCTACACACG
4,4,0,TTACAACAAAAGATAGGAACGTATTTACTGGGTTAATTATAATCATCCAGCTTTTCATCTCAAAAGCCGCAGTTAATCCTTCGTTTCCCCGGAAGCTGGCGTTATGGTCAGATGGATTTTGCAACAATTCTCACAATAAAAACTTTCAACAGACTGACTATTTAGTATTGTAACATCTTT
41,1,40,TTACAACATAAGACAGGAACGTCGTGACTGGCTTAAATATAATCGGCCTGCCATTCGTCACAAAAACCGCAGATAAGCCTTGCTTTCCCCGGCGGCTGCCGTTATGGTCAGATGGTAAGTGGAACAAATCTCACAATAATAAGTTTCAACAGACTGACTAGCTTGGTTGCTATATGGTCA
5,3,2,TTACAATAAAAGACATGCGCGATTTTACTGGGTTAAATAGAATCATCCTGCTTTTCATCCCAAGAAACGCAGATAATCCTTCCTTTCCCCGGCAGCGGGCGTTATGGTCATATGGTTTTTGCAACATATCTCAAAATAAAATGTTGCAGCATACTGACTAAAGGCTCCCACCGTGTGGCT
15,3,12,TTACAATAAAAGACATGCGCGATTTTACTGGGTTAAATAGAATCATCCTGCTTTTCATCCCAAGAAACGCAGATAATCCTTCCTTTCCCCGGCAGCGGGCGTTATGGTCATATGGTTTTTGCAACATATCTCAAAATAAAATGTTGCAGCATACTGACTAAGACTGGAAGACAGCTACGG
23,9,14,TTACAATAAAAGACATGCGCGATTTTACTGGGTTAAATAGAATCATCCTGCTTTTCATCCCAAGAAACGCAGATAATCCTTCCTTTCCCCGGCAGCGGGCGTTATGGTCATATGGTTTTTGCAACATATCTCAAAATAAAATGTTGCAGCATACTGACTAATCGCTGCTAGATTCTCGGA
4,4,0,TTACAATAAAAGACATGCGCGATTTTACTGGGTTAAATAGAATCATCCTGCTTTTCATCCCAAGAAACGCAGATAATCCTTCCTTTCCCCGGCAGCGGGCGTTATGGTCATATGGTTTTTGCAACATATCTCAAAATAAAATGTTGCAGCATACTGACTACCCATAACTATACGAATTCC
11,6,5,TTACAATAAAAGACATGCGCGATTTTACTGGGTTAAATAGAATCATCCTGCTTTTCATCCCAAGAAACGCAGATAATCCTTCCTTTCCCCGGCAGCGGGCGTTATGGTCATATGGTTTTTGCAACATATCTCAAAATAAAATGTTGCAGCATACTGACTAGTACATTTTTATACACGTAT
1,1,0,TTACAATAAAAGACATGCGCGATTTTACTGGGTTAAATAGAATCATCCTGCTTTTCATCCCAAGAAACGCAGATAATCCTTCCTTTCCCCGGCAGCGGGCGTTATGGTCATATGGTTTTTGCAACATATCTCAAAATAAAATGTTGCAGCATACTGACTAGTTCTTTCTGTCGCTCTGCA
3,3,0,TTACAATAAAAGACATGCGCGATTTTACTGGGTTAAATAGAATCATCCTGCTTTTCATCCCAAGAAACGCAGATAATCCTTCCTTTCCCCGGCAGCGGGCGTTATGGTCATATGGTTTTTGCAACATATCTCAAAATAAAATGTTGCAGCATACTGACTATGCGCGCCGGGATCCACAGC
1,1,0,TTACAATAAAAGACATGCGCGATTTTACTGGGTTAAATAGAATCATCCTGCTTTTCATCCCAAGAAACGCAGATAATCCTTCCTTTCCCCGGCAGCGGGCGTTATGGTCATATGGTTTTTGCAACATATCTCAAAATAAAATGTTGCAGCATACTGACTATGTTTGAGAGGGTTGTTCGG
2,2,0,TTACACAAAAAGTTATGAACGTGTGTACTGGGTTAAATTTAATCATCCTGCTTTTCTTAACATAAACCGCAGATAATCCTTTCTTTCCCCGGCACTTGGCTTTATGGTTAGATGGTCTTCGCAACAGATCTCACCATAAAAAGTATCAATATACTGACTAATGTTTGCTTCGGCATTAGA
3,2,1,TTACACAAAAAGTTATGAACGTGTGTACTGGGTTAAATTTAATCATCCTGCTTTTCTTAACATAAACCGCAGATAATCCTTTCTTTCCCCGGCACTTGGCTTTATGGTTAGATGGTCTTCGCAACAGATCTCACCATAAAAAGTATCAATATACTGACTACGGTCCAATACCATTCCTGG
4,4,0,TTACACAAAAAGTTATGAACGTGTGTACTGGGTTAAATTTAATCATCCTGCTTTTCTTAACATAAACCGCAGATAATCCTTTCTTTCCCCGGCACTTGGCTTTATGGTTAGATGGTCTTCGCAACAGATCTCACCATAAAAAGTATCAATATACTGACTAGGGATAAACCTTTCTGAGCA
3,3,0,TTACATACATAGACATGAACGTATTTACTGGGTTACATATAATCATTCTGCTTTTCATCACATGAACCGCATATAATCATTCCGTTCGCCGGCAGCTGACGTTATGGTCAGTTGGCTTCTGCAACAAATCTCACAATAAAAAGTTTCAACATACTTACTACCCTCTCTTTCGTTCTGATG
3,3,0,TTACATACATAGACATGAACGTATTTACTGGGTTACATATAATCATTCTGCTTTTCATCACATGAACCGCATATAATCATTCCGTTCGCCGGCAGCTGACGTTATGGTCAGTTGGCTTCTGCAACAAATCTCACAATAAAAAGTTTCAACATACTTACTACTCTCCCGGCAATACATTCA
5,5,0,TTACATACATAGATATGAACGTATTTACTGGGTTACATATAATCATTCTGCTTTTCATCACATGAACCGCATATAATCATTCCGTTCGCCGGCAGCTGACGTTATGGTCAGTTGACTTCTGCAACAAATCTCACAATAAAAAGTTTCAACATACTTACTAGATTTGGCTCTAGTGTCTCT
6,6,0,TTACCAAAAAAGACAGGAGCGTAGTTACTGGATTAAATCTATTCGTCCTGCTTTTCATCACAAAAACTGCAGATAATCCTTCGGTTCCCCGGCAGCTGGAGTGATGGTCAGATGGTTTGGGCAACAAAGCTCACAATAATAAGTTTCAACATCCTGACTCAGGTGAATATCAGCGGCGGC
17,1,16,TTACCCAAAAAGGCAGGAACGCTTTTACTGGGTTAAGTATAATCCTCCTGCGTTTCATCACAAAAACAGCAGATAATCCTTCTTTTCCCCGGCAGCTGGCGTTACGATCAGATCGTTTTCGCAACAAATCTCACAATAAAAAGTTTCCAAAGACTGACTCACCGTTCTGTCAGTACACGT
32,4,28,TTACCCAAAAAGGCAGGAACGCTTTTACTGGGTTAAGTATAATCCTCCTGCGTTTCATCACAAAAACAGCAGATAATCCTTCTTTTCCCCGGCAGCTGGCGTTACGATCAGATCGTTTTCGCAACAAATCTCACAATAAAAAGTTTCCAAAGACTGACTCCCCCCTGGACCTGGCATATT
16,8,8,TTACCCAAAAAGGCAGGAACGCTTTTACTGGGTTAAGTATAATCCTCCTGCGTTTCATCACAAAAACAGCAGATAATCCTTCTTTTCCCCGGCAGCTGGCGTTACGATCAGATCGTTTTCGCAACAAATCTCACAATAAAAAGTTTCCAAAGACTGACTCCGCGCTTCCAGAGACATTCG
10,1,9,TTACCCAAAAAGGCAGGAACGCTTTTACTGGGTTAAGTATAATCCTCCTGCGTTTCATCACAAAAACAGCAGATAATCCTTCTTTTCCCCGGCAGCTGGCGTTACGATCAGATCGTTTTCGCAACAAATCTCACAATAAAAAGTTTCCAAAGACTGACTCGTGTGTGAAAAGTAAGTTCC
12,4,8,TTACCCAAAAAGGCAGGAACGCTTTTACTGGGTTAAGTATAATCCTCCTGCGTTTCATCACAAAAACAGCAGATAATCCTTCTTTTCCCCGGCAGCTGGCGTTACGATCAGATCGTTTTCGCAACAAATCTCACAATAAAAAGTTTCCAAAGACTGACTCTAACTCAATCCAGGTTTCGT
29,3,26,TTACCCAAAAAGGCAGGAACGCTTTTACTGGGTTAAGTATAATCCTCCTGCGTTTCATCACAAAAACAGCAGATAATCCTTCTTTTCCCCGGCAGCTGGCGTTACGATCAGATCGTTTTCGCAACAAATCTCACAATAAAAAGTTTCCAAAGACTGACTCTCCACGGCATCACATTCTTC
7,0,7,TTACCCAAAAAGGCAGGAACGCTTTTACTGGGTTAAGTATAATCCTCCTGCGTTTCATCACAAAAACAGCAGATAATCCTTCTTTTCCCCGGCAGCTGGCGTTACGATCAGATCGTTTTCGCAACAAATCTCACAATAAAAAGTTTCCAAAGACTGACTCTCCGTCGTTCGTTCGCATCT
3,0,3,TTACCCAAAAAGGCAGGAACGCTTTTACTGGGTTAAGTATAATCCTCCTGCGTTTCATCACAAAAACAGCAGATAATCCTTCTTTTCCCCGGCAGCTGGCGTTACGATCAGATCGTTTTCGCAACAAATCTCACAATAAAAAGTTTCCAAAGACTGACTCTGACTTTTACCTTTGTCTCT
24,10,14,TTACCCAAAAAGGCAGGAACGCTTTTACTGGGTTAAGTATAATCCTCCTGCGTTTCATCACAAAAACAGCAGATAATCCTTCTTTTCCCCGGCAGCTGGCGTTACGATCAGATCGTTTTCGCAACAAATCTCACAATAAAAAGTTTCCAAAGACTGACTCTTCCGCGACCACCTTCTGTG
3,3,0,TTACGAAAAAAGACAGGAAGTCATTTACTGGGTTAAATATAATCACCGTGCTTATCATCACAAATACCGCAGATCTTCCTGCCTTCCCCCGCCAGCTGGCGTAGGGGTCAGATGGTTTTTTCAACAAATCTCCCAATAAAAAGTATCAACATACTGACTAACAAACTGCACGATAAGGGG
1,1,0,TTACGAAAAAAGACAGGAAGTCATTTACTGGGTTAAATATAATCACCGTGCTTATCATCACAAATACCGCAGATCTTCCTGCCTTCCCCCGCCAGCTGGCGTAGGGGTCAGATGGTTTTTTCAACAAATCTCCCAATAAAAAGTATCAACATACTGACTAATTGTATCCCGGTATACGAG
3,3,0,TTAGAAAAAAAGACAGGAACGTATTTACTGGGTGAAATGTAATCATCCTGCTTTACATCATAAAAAGCGCAGATAAGCCTCCCCTTCGCCTGCAAATGGCGTTATGGTCAGATGGTTTTTGCATCAAATCTCACAATAACAAGTTCCAAAATGCTCACTACCGCTTAGCTCTTTGACATG
11,11,0,TTAGAAAAAAAGACAGGAACGTATTTACTGGGTGAAATGTAATCATCCTGCTTTACATCATAAAAAGCGCAGATAAGCCTCCCCTTCGCCTGCAAATGGCGTTATGGTCAGATGGTTTTTGCATCAAATCTCACAATAACAAGTTCCAAAATGCTCACTAGTGGTCCTGCGCCTTTTTCA
22,8,14,TTAGAAAAAAAGACAGGAACGTATTTACTGGGTGAAATGTAATCATCCTGCTTTACATCATAAAAAGCGCAGATAAGCCTCCCCTTCGCCTGCAAATGGCGTTATGGTCAGATGGTTTTTGCATCAAATCTCACAATAACAAGTTCCAAAATGCTCACTATAAGATGCAACTACGTAACC
1,1,0,TTAGAAAAAGAGCCAGGAACGTATTTAGAGGGTTCTATATAATAATCATGCGTTTCATCACAAAAACCGCAGATAAGCCTTCCTTTCCCCGGCAGCTGCCGTTCTGGTCAGATGGTTTTTGCAACATATCTCACAACATAAAATTTCAACATACTGACTGAAAGGGAATAACGGTAACTC
4,3,1,TTAGAAAAAGAGCCAGGAACGTATTTAGAGGGTTCTATATAATAATCATGCGTTTCATCACAAAAACCGCAGATAAGCCTTCCTTTCCCCGGCAGCTGCCGTTCTGGTCAGATGGTTTTTGCAACATATCTCACAACATAAAATTTCAACATACTGACTGACCTCTCTTCCTCGGTCTGA
2,2,0,TTAGAAAAAGAGCCAGGAACGTATTTAGAGGGTTCTATATAATAATCATGCGTTTCATCACAAAAACCGCAGATAAGCCTTCCTTTCCCCGGCAGCTGCCGTTCTGGTCAGATGGTTTTTGCAACATATCTCACAACATAAAATTTCAACATACTGACTGAGTTGCCGTCCAACTCTGCA
4,4,0,TTAGAAAAAGAGCCAGGAACGTATTTAGAGGGTTCTATATAATAATCATGCGTTTCATCACAAAAACCGCAGATAAGCCTTCCTTTCCCCGGCAGCTGCCGTTCTGGTCAGATGGTTTTTGCAACATATCTCACAACATAAAATTTCAACATACTGACTGATGGGCCCGTATAGGGGGTC
2,2,0,TTAGAAAAAGAGCCAGGAACGTATTTAGAGGGTTCTATATAATAATCATGCGTTTCATCACAAAAACCGCAGATAAGCCTTCCTTTCCCCGGCAGCTGCCGTTCTGGTCAGATGGTTTTTGCAACATATCTCACAACATAAAATTTCAACATACTGACTGCACTGCATGTACGCTGTACT
9,9,0,TTAGAAAAAGAGCCAGGAACGTATTTAGAGGGTTCTATATAATAATCATGCGTTTCATCACAAAAACCGCAGATAAGCCTTCCTTTCCCCGGCAGCTGCCGTTCTGGTCAGATGGTTTTTGCAACATATCTCACAACATAAAATTTCAACATACTGACTGCCCATCGGGGTCTTGAATGG
3,3,0,TTAGAAAAAGAGCCAGGAACGTATTTAGAGGGTTCTATATAATAATCATGCGTTTCATCACAAAAACCGCAGATAAGCCTTCCTTTCCCCGGCAGCTGCCGTTCTGGTCAGATGGTTTTTGCAACATATCTCACAACATAAAATTTCAACATACTGACTGCTGGGTATGCATTTTACTTC
5,5,0,TTAGAAAAAGAGCCAGGAACGTATTTAGAGGGTTCTATATAATAATCATGCGTTTCATCACAAAAACCGCAGATAAGCCTTCCTTTCCCCGGCAGCTGCCGTTCTGGTCAGATGGTTTTTGCAACATATCTCACAACATAAAATTTCAACATACTGACTGGACGCTTCTCACTCACAAGG
1,1,0,TTAGAAAAAGAGCCAGGAACGTATTTAGAGGGTTCTATATAATAATCATGCGTTTCATCACAAAAACCGCAGATAAGCCTTCCTTTCCCCGGCAGCTGCCGTTCTGGTCAGATGGTTTTTGCAACATATCTCACAACATAAAATTTCAACATACTGACTGGATGGTAATAGCAGTAGTAC
11,11,0,TTAGAAAAAGAGCCAGGAACGTATTTAGAGGGTTCTATATAATAATCATGCGTTTCATCACAAAAACCGCAGATAAGCCTTCCTTTCCCCGGCAGCTGCCGTTCTGGTCAGATGGTTTTTGCAACATATCTCACAACATAAAATTTCAACATACTGACTGGGATCAGTGTACGCGTTCAG
2,2,0,TTAGAAAAAGAGCCAGGAACGTATTTAGAGGGTTCTATATAATAATCATGCGTTTCATCACAAAAACCGCAGATAAGCCTTCCTTTCCCCGGCAGCTGCCGTTCTGGTCAGATGGTTTTTGCAACATATCTCACAACATAAAATTTCAACATACTGACTGTAATAGGTGATCGGGGCGTC
6,6,0,TTAGAAAAAGAGCCAGGAACGTATTTAGAGGGTTCTATATAATAATCATGCGTTTCATCACAAAAACCGCAGATAAGCCTTCCTTTCCCCGGCAGCTGCCGTTCTGGTCAGATGGTTTTTGCAACATATCTCACAACATAAAATTTCAACATACTGACTGTGCATATAACGTCCCGTTAC
2,2,0,TTATAAAAAAAGACAGGATCATAGGTACAGGGTTGAATATTATCATCCTGCCAGTCATTACGGAAACCGCAGATAATCCTTCCTTTCCCGGGCGGCTGGCGTTATGGTCAGATGGTGTTTGCAACAAATCTGACAATAAAAAGTTTCAACATACTGATTATGCCACCCACACGAGAAGAC
3,3,0,TTCAAAAATAAGACAAGACCATATTTACAGGGTTAAATATAGTCATCGTGGTTTTCTTCGCAAAGACCGCGGATAAGCCTTCCCTTCGCCGGCAGCTGCCCTTATGGTCAGATGGTTTTTGCAACAAATCTCACAATAATAAGTTACAACATACTGACTAAAAAGACGATTTGAAAGCAC
4,4,0,TTCAAAAATAAGACAAGACCATATTTACAGGGTTAAATATAGTCATCGTGGTTTTCTTCGCAAAGACCGCGGATAAGCCTTCCCTTCGCCGGCAGCTGCCCTTATGGTCAGATGGTTTTTGCAACAAATCTCACAATAATAAGTTACAACATACTGACTAGCCAGAACGCTTTTTGGCTC
8,2,6,TTCCCAAAAAAGATAGGAACTTATTTACTGGGTTAAATATAATTATCCTGCTGTGCATCACAAACACCGCAGATCATCCTTCCCTTCCCCGGCAGCTGGAGATATGGTCAGATGGTTTTAGCAACATATCTGACAAGAAAAAGTTTCAACATACTGACTAACGACATTTACCGACTCATT
26,5,21,TTCCCAAAAAAGATAGGAACTTATTTACTGGGTTAAATATAATTATCCTGCTGTGCATCACAAACACCGCAGATCATCCTTCCCTTCCCCGGCAGCTGGAGATATGGTCAGATGGTTTTAGCAACATATCTGACAAGAAAAAGTTTCAACATACTGACTATCATTGCAGCCTGTTATTAT
9,0,9,TTCCCAAAAAAGATAGGAACTTATTTACTGGGTTAAATATAATTATCCTGCTGTGCATCACAAACACCGCAGATCATCCTTCCCTTCCCCGGCAGCTGGAGATATGGTCAGATGGTTTTAGCAACATATCTGACAAGAAAAAGTTTCAACATACTGACTATCTATCTAAAAGATGACTAG
5,2,3,TTCCCAAAAAAGATAGGAACTTATTTACTGGGTTAAATATAATTATCCTGCTGTGCATCACAAACACCGCAGATCATCCTTCCCTTCCCCGGCAGCTGGAGATATGGTCAGATGGTTTTAGCAACATATCTGACAAGAAAAAGTTTCAACATACTGACTATTACAAGATATCGAGCTAAG
24,5,19,TTCCCAAAAAAGATAGGAACTTATTTACTGGGTTAAATATAATTATCCTGCTGTGCATCACAAACACCGCAGATCATCCTTCCCTTCCCCGGCAGCTGGAGATATGGTCAGATGGTTTTAGCAACATATCTGACAAGAAAAAGTTTCAACATACTGACTATTCTCGTTTATCGATAGTTG
25,3,22,TTGCAAAAAACGACATGAACGTATTTCCTGGGTTTAATATAATCAGCCTGCTTTTCATCACAAAAAACGCAGATAATCCTTCCTTTACGCGGGAGCTGGCGTTATGGTCAGATGGTTTTTGCAACAAATCCCGCAATAAAGAGTATCAACATAAGGACTAACGGAGTACGTTGTACCAAG
43,12,31,TTGCAAAAAACGACATGAACGTATTTCCTGGGTTTAATATAATCAGCCTGCTTTTCATCACAAAAAACGCAGATAATCCTTCCTTTACGCGGGAGCTGGCGTTATGGTCAGATGGTTTTTGCAACAAATCCCGCAATAAAGAGTATCAACATAAGGACTAAGGGAGCACACAATTCTTGG
17,4,13,TTGCAAAAAACGACATGAACGTATTTCCTGGGTTTAATATAATCAGCCTGCTTTTCATCACAAAAAACGCAGATAATCCTTCCTTTACGCGGGAGCTGGCGTTATGGTCAGATGGTTTTTGCAACAAATCCCGCAATAAAGAGTATCAACATAAGGACTAAGTTGTGTTTATTTGTCAGC
3,2,1,TTGCAAAAAACGACATGAACGTATTTCCTGGGTTTAATATAATCAGCCTGCTTTTCATCACAAAAAACGCAGATAATCCTTCCTTTACGCGGGAGCTGGCGTTATGGTCAGATGGTTTTTGCAACAAATCCCGCAATAAAGAGTATCAACATAAGGACTACTGACGTCTTGCCAGGTTAC
14,4,10,TTGCAAAAAACGACATGAACGTATTTCCTGGGTTTAATATAATCAGCCTGCTTTTCATCACAAAAAACGCAGATAATCCTTCCTTTACGCGGGAGCTGGCGTTATGGTCAGATGGTTTTTGCAACAAATCCCGCAATAAAGAGTATCAACATAAGGACTAGCATGGCAGGCCGCATCTCA
35,5,30,TTGCAAAAAACGACATGAACGTATTTCCTGGGTTTAATATAATCAGCCTGCTTTTCATCACAAAAAACGCAGATAATCCTTCCTTTACGCGGGAGCTGGCGTTATGGTCAGATGGTTTTTGCAACAAATCCCGCAATAAAGAGTATCAACATAAGGACTAGCGTGGATTATACATGTTTT
94,4,90,TTGCAAAAAACGACATGAACGTATTTCCTGGGTTTAATATAATCAGCCTGCTTTTCATCACAAAAAACGCAGATAATCCTTCCTTTACGCGGGAGCTGGCGTTATGGTCAGATGGTTTTTGCAACAAATCCCGCAATAAAGAGTATCAACATAAGGACTAGGTATTGAATCCGGTAGTTC
31,3,28,TTGCAAAAAACGACATGAACGTATTTCCTGGGTTTAATATAATCAGCCTGCTTTTCATCACAAAAAACGCAGATAATCCTTCCTTTACGCGGGAGCTGGCGTTATGGTCAGATGGTTTTTGCAACAAATCCCGCAATAAAGAGTATCAACATAAGGACTAGTATGGTCGACAAGATCCCG
3,0,3,TTGCAAAAAACGACATGAACGTATTTCCTGGGTTTAATATAATCAGCCTGCTTTTCATCACAAAAAACGCAGATAATCCTTCCTTTACGCGGGAGCTGGCGTTATGGTCAGATGGTTTTTGCAACAAATCCCGCAATAAAGAGTATCAACATAAGGACTAGTTTACGCGGAGTAGCAGCA
28,2,26,TTGCAAAAAACGACATGAACGTATTTCCTGGGTTTAATATAATCAGCCTGCTTTTCATCACAAAAAACGCAGATAATCCTTCCTTTACGCGGGAGCTGGCGTTATGGTCAGATGGTTTTTGCAACAAATCCCGCAATAAAGAGTATCAACATAAGGACTATACAGATGACTGCGTCTTAT
7,3,4,TTGCAAAAAACGACATGAACGTATTTCCTGGGTTTAATATAATCAGCCTGCTTTTCATCACAAAAAACGCAGATAATCCTTCCTTTACGCGGGAGCTGGCGTTATGGTCAGATGGTTTTTGCAACAAATCCCGCAATAAAGAGTATCAACATAAGGACTATACTACAGGCTCCCTGACCT
3,3,0,TTGCAAAAAACGACATGAACGTATTTCCTGGGTTTAATATAATCAGCCTGCTTTTCATCACAAAAAACGCAGATAATCCTTCCTTTACGCGGGAGCTGGCGTTATGGTCAGATGGTTTTTGCAACAAATCCCGCAATAAAGAGTATCAACATAAGGACTATAGCGCGGTGGGCCCTTCGG
36,2,34,TTGCAAAAAACGACATGAACGTATTTCCTGGGTTTAATATAATCAGCCTGCTTTTCATCACAAAAAACGCAGATAATCCTTCCTTTACGCGGGAGCTGGCGTTATGGTCAGATGGTTTTTGCAACAAATCCCGCAATAAAGAGTATCAACATAAGGACTATCGGTCGATGTTCGGTATCA
3,0,3,TTGCAAAAAACGACATGAACGTATTTCCTGGGTTTAATATAATCAGCCTGCTTTTCATCACAAAAAACGCAGATAATCCTTCCTTTACGCGGGAGCTGGCGTTATGGTCAGATGGTTTTTGCAACAAATCCCGCAATAAAGAGTATCAACATAAGGACTATTCCATTTAGGGTCCCACTG
14,0,14,TTGCAAAAAACGACATGAACGTATTTCCTGGGTTTAATATAATCAGCCTGCTTTTCATCACAAAAAACGCAGATAATCCTTCCTTTACGCGGGAGCTGGCGTTATGGTCAGATGGTTTTTGCAACAAATCCCGCAATAAAGAGTATCAACATAAGGACTATTTAAGTCGAACACGTAGTT
