A          C          G          T
 0.071242   0.078637   0.824973   0.025148
 0.323701   0.285126   0.258288   0.132885
 0.721703   0.096143   0.125104   0.057050
 0.769937   0.031038   0.149733   0.049292
 0.803305   0.020235   0.132401   0.044059
 0.903712   0.013146   0.008547   0.074595
 0.389189   0.253268   0.036224   0.321319
 0.030464   0.125058   0.007342   0.837136
 0.003380   0.004372   0.987430   0.004817
 0.032224   0.048752   0.017512   0.901513
 0.001886   0.002620   0.990471   0.005024
 0.982950   0.005937   0.006828   0.004284
 0.015809   0.724634   0.024505   0.235052
 0.050049   0.890451   0.042629   0.016871
 0.015572   0.629795   0.075418   0.279215
 0.701809   0.091864   0.025290   0.181037
 0.069215   0.255692   0.159399   0.515693
 0.209662   0.240309   0.502173   0.047855
 0.016497   0.026619   0.016502   0.940382
 0.020331   0.741016   0.067503   0.171151
 0.560374   0.048142   0.215184   0.176300
 0.065611   0.859768   0.038951   0.035671
 0.820821   0.097033   0.067184   0.014962
 0.843299   0.005296   0.105308   0.046097
 0.643287   0.021576   0.089877   0.245260
 0.732226   0.104789   0.125498   0.037487