MEME version 4
ALPHABET= ACGT
strands: +

MOTIF marR_right marR_right
letter-probability matrix: nsites= 211
  0.110223   0.023078   0.006243   0.860456
  0.004014   0.018730   0.007405   0.969851
  0.431560   0.035832   0.470070   0.062538
  0.270509   0.573984   0.044703   0.110804
  0.032993   0.803631   0.010137   0.153238
  0.498632   0.005388   0.013413   0.482567
  0.069704   0.033448   0.076234   0.820614
  0.018412   0.001975   0.969896   0.009717
  0.026837   0.071821   0.830425   0.070917
  0.000793   0.994766   0.000105   0.004336
  0.253623   0.353689   0.188546   0.204142
  0.379764   0.485626   0.045719   0.088890
  0.219454   0.591944   0.005914   0.182689

MOTIF marR_left marR_left
letter-probability matrix: nsites= 211
  0.639018   0.023524   0.033730   0.303728
  0.287395   0.379575   0.073110   0.259920
  0.002175   0.018544   0.009814   0.969467
  0.016082   0.007574   0.962605   0.013738
  0.063383   0.897460   0.018423   0.020734
  0.076918   0.666776   0.186960   0.069346
  0.156873   0.276876   0.501064   0.065187
  0.016359   0.182761   0.788929   0.011950
  0.027802   0.097788   0.831589   0.042821
  0.055064   0.779119   0.054635   0.111182
  0.035162   0.866864   0.008856   0.089118
  0.738252   0.018337   0.185027   0.058384
  0.822187   0.006613   0.080240   0.090960

MOTIF araAB_crp araAB_crp
letter-probability matrix: nsites= 211
  0.046648   0.663005   0.101804   0.188543
  0.296167   0.132686   0.173822   0.397325
  0.037215   0.378605   0.129989   0.454191
  0.001027   0.001810   0.996096   0.001067
  0.866966   0.008278   0.037618   0.087138
  0.102222   0.036296   0.734126   0.127356
  0.091387   0.830234   0.010272   0.068107
  0.037262   0.323411   0.134049   0.505278
  0.083286   0.018606   0.882259   0.015849
  0.495179   0.409879   0.049341   0.045601
  0.439017   0.059780   0.128145   0.373057
  0.222352   0.095806   0.066832   0.615010
  0.009088   0.971563   0.015712   0.003638
  0.922622   0.002300   0.071641   0.003438
  0.007682   0.988186   0.002263   0.001868
  0.975419   0.006823   0.010578   0.007180
  0.803056   0.106883   0.024304   0.065758
  0.532277   0.094701   0.011788   0.361234

MOTIF dgoR_crp dgoR_crp
letter-probability matrix: nsites= 211
  0.067447   0.063436   0.085941   0.783177
  0.025636   0.010829   0.006677   0.956858
  0.017299   0.032460   0.011354   0.938888
  0.016304   0.040995   0.014848   0.927854
  0.108568   0.051911   0.707327   0.132194
  0.006472   0.014603   0.008085   0.970839
  0.010839   0.005921   0.953564   0.029676
  0.942732   0.018649   0.017974   0.020645
  0.067474   0.021740   0.031025   0.879760
  0.060313   0.728300   0.134397   0.076989
  0.149725   0.409243   0.204635   0.236397
  0.267781   0.134887   0.133393   0.463939
  0.027332   0.069754   0.091240   0.811675
  0.012281   0.032778   0.916052   0.038890
  0.637626   0.281403   0.072038   0.008934
  0.165592   0.747367   0.058836   0.028206
  0.631330   0.272953   0.051274   0.044442
  0.170656   0.673710   0.153116   0.002518
  0.118862   0.061595   0.235862   0.583681
  0.182945   0.085017   0.046108   0.685930
  0.540507   0.074850   0.334678   0.049965

MOTIF relBE relBE
letter-probability matrix: nsites= 211
  0.067137   0.072459   0.006392   0.854012
  0.065271   0.020921   0.870089   0.043719
  0.076633   0.117494   0.124468   0.681405
  0.852963   0.047621   0.082213   0.017203
  0.619530   0.236053   0.074111   0.070306
  0.063961   0.030146   0.049884   0.856008
  0.006934   0.080718   0.863643   0.048704
  0.886446   0.055772   0.024231   0.033550
  0.045392   0.881436   0.024930   0.048242
  0.754121   0.056255   0.165383   0.024241
  0.096224   0.203720   0.074113   0.625943
  0.100194   0.087533   0.079769   0.732503
  0.089498   0.093128   0.091704   0.725669
  0.030404   0.023791   0.913282   0.032523
  0.040118   0.086195   0.081473   0.792214
  0.782238   0.050069   0.108588   0.059105
  0.902356   0.023919   0.038572   0.035153
  0.095965   0.086539   0.082873   0.734623
  0.047435   0.126045   0.079214   0.747305
  0.917336   0.044115   0.004195   0.034354
  0.040506   0.914201   0.009438   0.035855
  0.613733   0.132745   0.078999   0.174522
  0.528682   0.277184   0.066811   0.127323

MOTIF lac_crp lac_crp
letter-probability matrix: nsites= 211
  0.542501   0.060927   0.081130   0.315443
  0.022891   0.034679   0.028453   0.913978
  0.028216   0.018376   0.918733   0.034675
  0.056771   0.028124   0.020582   0.894523
  0.014353   0.005386   0.969715   0.010546
  0.981609   0.008205   0.005804   0.004381
  0.091834   0.269309   0.061368   0.577488
  0.197894   0.616155   0.093294   0.092657
  0.115598   0.249215   0.100863   0.534324
  0.492983   0.100693   0.271727   0.134597
  0.165183   0.140906   0.446507   0.247403
  0.596766   0.039880   0.138558   0.224796
  0.019885   0.054306   0.028377   0.897432
  0.013645   0.971895   0.006712   0.007747
  0.918011   0.017420   0.019217   0.045351
  0.036099   0.942392   0.008330   0.013179
  0.934283   0.017063   0.047021   0.001633
  0.478400   0.016777   0.287954   0.216869
  0.172595   0.027489   0.009270   0.790646
  0.145080   0.082517   0.049731   0.722672
  0.023590   0.068167   0.027845   0.880399
  0.012200   0.114172   0.176664   0.696964
  0.273577   0.156609   0.134655   0.435159

MOTIF marR_marA marR_marA
letter-probability matrix: nsites= 211
  0.017234   0.054401   0.079047   0.849318
  0.190247   0.034220   0.252783   0.522751
  0.003897   0.043533   0.005645   0.946925
  0.890761   0.056778   0.020295   0.032166
  0.079394   0.119060   0.766759   0.034786
  0.008782   0.784989   0.198862   0.007367
  0.065655   0.919095   0.010633   0.004617
  0.890632   0.001692   0.079887   0.027789
  0.907164   0.011937   0.004157   0.076742
  0.944980   0.016267   0.008497   0.030257
  0.227294   0.415483   0.093480   0.263743
  0.220361   0.174559   0.550470   0.054610
  0.135360   0.215240   0.104736   0.544664
  0.085916   0.028844   0.818213   0.067027
  0.032188   0.142248   0.771340   0.054224
  0.007631   0.963353   0.022760   0.006256
  0.275167   0.605463   0.057689   0.061682
  0.165364   0.158636   0.119123   0.556877

MOTIF rspA_crp rspA_crp
letter-probability matrix: nsites= 211
  0.108775   0.128909   0.017375   0.744941
  0.037515   0.002541   0.002673   0.957271
  0.095098   0.015422   0.267042   0.622438
  0.100389   0.263333   0.079792   0.556486
  0.000635   0.000415   0.001951   0.997000
  0.001363   0.001278   0.995886   0.001473
  0.013995   0.008618   0.003904   0.973484
  0.000126   0.000033   0.999736   0.000106
  0.999065   0.000133   0.000035   0.000767
  0.012409   0.350432   0.111581   0.525579
  0.007206   0.343238   0.646839   0.002717
  0.082800   0.118160   0.164870   0.634170
  0.202573   0.232496   0.280210   0.284721
  0.619503   0.139895   0.190374   0.050227
  0.171579   0.595492   0.107993   0.124935
  0.185246   0.723686   0.084230   0.006838
  0.420605   0.132644   0.232205   0.214546
  0.051799   0.392652   0.347861   0.207689
  0.094980   0.184087   0.699937   0.020997
  0.694330   0.027880   0.267767   0.010023
  0.317037   0.132081   0.433158   0.117724

MOTIF xylA_left_xylR xylA_left_xylR
letter-probability matrix: nsites= 211
  0.006535   0.014313   0.021865   0.957287
  0.021537   0.056821   0.060814   0.860828
  0.084679   0.065210   0.713661   0.136449
  0.005876   0.019644   0.330394   0.644086
  0.014932   0.073378   0.890946   0.020743
  0.001883   0.003709   0.003437   0.990971
  0.545494   0.111614   0.006319   0.336573
  0.737719   0.041407   0.037012   0.183861
  0.353658   0.019304   0.229043   0.397995
  0.219773   0.053600   0.018204   0.708423
  0.016909   0.009871   0.007331   0.965888
  0.007230   0.967946   0.013619   0.011205
  0.071133   0.026170   0.751062   0.151635
  0.099566   0.698644   0.116223   0.085567

MOTIF xylA_right_xylR xylA_right_xylR
letter-probability matrix: nsites= 211
  0.183108   0.086520   0.092567   0.637806
  0.136963   0.016903   0.834468   0.011666
  0.356295   0.011204   0.081507   0.550993
  0.999092   0.000587   0.000050   0.000271
  0.570451   0.085300   0.060765   0.283483
  0.171421   0.356739   0.199963   0.271877
  0.962366   0.001666   0.029977   0.005991
  0.751702   0.073217   0.111789   0.063292
  0.379238   0.135978   0.040511   0.444273
  0.798163   0.020836   0.011213   0.169788
  0.122010   0.167471   0.316943   0.393576
  0.372087   0.178626   0.376221   0.073067
  0.055197   0.013312   0.034985   0.896505
  0.836755   0.142542   0.016089   0.004615
  0.745977   0.101783   0.143307   0.008934
  0.006181   0.002461   0.025757   0.965601
  0.043297   0.015971   0.033978   0.906754
  0.010503   0.001794   0.986241   0.001462

MOTIF xylF_left_xylR xylF_left_xylR
letter-probability matrix: nsites= 211
  0.981720   0.002363   0.008306   0.007612
  0.856837   0.075349   0.062384   0.005431
  0.670708   0.180262   0.042082   0.106948
  0.081380   0.368767   0.505411   0.044442
  0.986060   0.001678   0.009864   0.002397
  0.570756   0.361861   0.012835   0.054548
  0.900614   0.017973   0.019172   0.062240
  0.274968   0.030633   0.018767   0.675632
  0.856621   0.054823   0.011696   0.076861
  0.035818   0.005037   0.003420   0.955725
  0.004512   0.989911   0.000626   0.004951
  0.139009   0.010320   0.813768   0.036903
  0.016286   0.064051   0.055678   0.863984
  0.304304   0.103313   0.389351   0.203032
  0.795344   0.121188   0.054794   0.028674
  0.200502   0.511064   0.161330   0.127104
  0.170693   0.236578   0.162583   0.430146
  0.010543   0.698178   0.168339   0.122939
  0.283732   0.157492   0.533596   0.025180

MOTIF xylF_right_xylR xylF_right_xylR
letter-probability matrix: nsites= 211
  0.045727   0.251854   0.590395   0.112024
  0.984922   0.001276   0.012761   0.001041
  0.891862   0.013072   0.088210   0.006856
  0.768603   0.070681   0.133549   0.027168
  0.219119   0.586432   0.137013   0.057436
  0.124927   0.011572   0.008453   0.855048
  0.063201   0.270825   0.223030   0.442944
  0.049605   0.607277   0.254055   0.089062
  0.118889   0.030012   0.819351   0.031747
  0.004840   0.606070   0.282218   0.106872
  0.234026   0.107899   0.019960   0.638114
  0.601987   0.336232   0.049879   0.011902
  0.000287   0.000981   0.001597   0.997135
  0.098166   0.034622   0.073909   0.793302
  0.069059   0.003577   0.832472   0.094892
  0.933766   0.054583   0.002068   0.009584
