A          C          G          T
 0.177621   0.802321   0.019875   0.000184
 0.511855   0.036623   0.449927   0.001595
 0.354598   0.071439   0.258961   0.315002
 0.075555   0.059975   0.007054   0.857416
 0.173799   0.367760   0.136020   0.322420
 0.033177   0.029730   0.012343   0.924750
 0.037503   0.014522   0.883560   0.064414
 0.005572   0.000057   0.007710   0.986661
 0.985509   0.004976   0.008078   0.001437
 0.081921   0.056319   0.448408   0.413352
 0.000419   0.877199   0.014723   0.107659
 0.024169   0.396575   0.572207   0.007050
 0.177342   0.537948   0.283983   0.000727
 0.265611   0.121133   0.005434   0.607822