#This is the data for sequence logos. Each row represents a base pair position in the logo
#and each entry represents the probability of being the base displayed on the
#top of that column.

#FNR regulating ykgE

A          C          G          T
 0.071242   0.078637   0.824973   0.025148
 0.323701   0.285126   0.258288   0.132885
 0.721703   0.096143   0.125104   0.057050
 0.769937   0.031038   0.149733   0.049292
 0.803305   0.020235   0.132401   0.044059
 0.903712   0.013146   0.008547   0.074595
 0.389189   0.253268   0.036224   0.321319
 0.030464   0.125058   0.007342   0.837136
 0.003380   0.004372   0.987430   0.004817
 0.032224   0.048752   0.017512   0.901513
 0.001886   0.002620   0.990471   0.005024
 0.982950   0.005937   0.006828   0.004284
 0.015809   0.724634   0.024505   0.235052
 0.050049   0.890451   0.042629   0.016871
 0.015572   0.629795   0.075418   0.279215
 0.701809   0.091864   0.025290   0.181037
 0.069215   0.255692   0.159399   0.515693
 0.209662   0.240309   0.502173   0.047855
 0.016497   0.026619   0.016502   0.940382
 0.020331   0.741016   0.067503   0.171151
 0.560374   0.048142   0.215184   0.176300
 0.065611   0.859768   0.038951   0.035671
 0.820821   0.097033   0.067184   0.014962
 0.843299   0.005296   0.105308   0.046097
 0.643287   0.021576   0.089877   0.245260
 0.732226   0.104789   0.125498   0.037487

#FNR regulating yeiQ

A          C          G          T
 0.562632   0.155230   0.103517   0.178622
 0.405437   0.106249   0.075583   0.412730
 0.259309   0.095612   0.295553   0.349526
 0.268656   0.011720   0.399586   0.320039
 0.151661   0.053471   0.009697   0.785171
 0.003550   0.007831   0.946295   0.042324
 0.978604   0.004742   0.015141   0.001513
 0.075615   0.473724   0.398027   0.052635
 0.008178   0.975783   0.011304   0.004735
 0.173873   0.090921   0.432039   0.303166
 0.072163   0.221544   0.644840   0.061453
 0.216655   0.001364   0.764069   0.017912
 0.015179   0.061774   0.089203   0.833844
 0.185214   0.050068   0.132148   0.632569
 0.004325   0.971974   0.006414   0.017287
 0.966377   0.005508   0.017656   0.010459
 0.029140   0.925288   0.001547   0.044025
 0.999580   0.000064   0.000138   0.000218
 0.309593   0.016571   0.474307   0.199528
 0.026735   0.008530   0.337556   0.627179
 0.109116   0.003683   0.012505   0.874696
 0.080573   0.023789   0.006160   0.889478
 0.036235   0.282207   0.569071   0.112487

#FNR regulating yehU

A          C          G          T
 0.341470   0.091624   0.370092   0.196815
 0.011991   0.001811   0.022397   0.963801
 0.002780   0.011167   0.004058   0.981995
 0.212522   0.067146   0.134528   0.585805
 0.001823   0.045882   0.024999   0.927297
 0.015092   0.037161   0.912927   0.034820
 0.061441   0.011588   0.034972   0.891998
 0.025219   0.075421   0.303032   0.596327
 0.409958   0.282432   0.037186   0.270423
 0.002419   0.106991   0.096257   0.794334
 0.019762   0.276337   0.592772   0.111129
 0.472154   0.151645   0.099259   0.276941
 0.761156   0.044148   0.136825   0.057871
 0.074556   0.354579   0.228380   0.342485
 0.640810   0.082521   0.146878   0.129792
 0.017096   0.034607   0.088457   0.859840
 0.006325   0.874617   0.111095   0.007963
 0.941028   0.038151   0.017957   0.002865
 0.003481   0.886526   0.000713   0.109279
 0.618104   0.078859   0.132154   0.170883
 0.004437   0.273372   0.703271   0.018920
 0.987801   0.003062   0.004193   0.004944
 0.525972   0.464070   0.001796   0.008162
 0.854284   0.052149   0.030359   0.063209
 0.911054   0.012309   0.053518   0.023120
 0.133634   0.140104   0.087532   0.638730

#FNR regulating fdhE

A          C          G          T
 0.254798   0.317342   0.360477   0.067382
 0.013004   0.001683   0.000014   0.985298
 0.019128   0.038487   0.720309   0.222076
 0.023188   0.015997   0.072439   0.888376
 0.007775   0.089844   0.860783   0.041598
 0.878357   0.040706   0.010155   0.070783
 0.240340   0.036089   0.568133   0.155438
 0.190387   0.664795   0.131726   0.013092
 0.169233   0.543612   0.157563   0.129591
 0.263808   0.034559   0.468599   0.233034
 0.011615   0.197996   0.752479   0.037909
 0.102360   0.017163   0.820048   0.060428
 0.035180   0.026528   0.005351   0.932942
 0.001721   0.990567   0.006795   0.000917
 0.925576   0.001016   0.004169   0.069238
 0.002174   0.944496   0.044066   0.009263
 0.604300   0.004055   0.372297   0.019349
 0.183473   0.060771   0.345485   0.410271
 0.115089   0.029176   0.517007   0.338728

#FNR regulating fdhE

A          C          G          T
 0.772684   0.031841   0.133979   0.061497
 0.477930   0.273889   0.075418   0.172763
 0.042138   0.041945   0.090427   0.825490
 0.030327   0.044241   0.026524   0.898908
 0.020764   0.004023   0.972071   0.003142
 0.888221   0.054591   0.040007   0.017180
 0.008649   0.878896   0.018149   0.094306
 0.023689   0.719402   0.073424   0.183485
 0.086325   0.062882   0.063534   0.787259
 0.767722   0.144020   0.035735   0.052523
 0.203070   0.231694   0.240313   0.324923
 0.626652   0.014267   0.337316   0.021765
 0.013439   0.051525   0.036745   0.898291
 0.075184   0.847071   0.037327   0.040418
 0.963158   0.004800   0.009214   0.022827
 0.526831   0.083652   0.198720   0.190796
 0.609394   0.023174   0.308426   0.059006

#FNR regulating aphA

A          C          G          T
 0.520748   0.021918   0.008821   0.448512
 0.519517   0.216556   0.154834   0.109093
 0.200483   0.279516   0.050252   0.469748
 0.051568   0.011155   0.200589   0.736688
 0.041795   0.356220   0.375220   0.226764
 0.000765   0.005844   0.981548   0.011843
 0.654169   0.155690   0.177042   0.013099
 0.071471   0.417935   0.218368   0.292226
 0.084250   0.632884   0.161035   0.121830
 0.033931   0.159304   0.700764   0.106001
 0.234105   0.198606   0.262474   0.304815
 0.067387   0.054795   0.835956   0.041863
 0.105531   0.027587   0.177560   0.689322
 0.000433   0.001761   0.001284   0.996521
 0.001091   0.998224   0.000212   0.000473
 0.983836   0.011590   0.004299   0.000275
 0.074291   0.920343   0.001267   0.004099
 0.941915   0.000549   0.056109   0.001427
 0.775518   0.003772   0.192201   0.028509
 0.992108   0.004088   0.001418   0.002386
 0.946471   0.022510   0.008668   0.022351
 0.180813   0.361518   0.043975   0.413694
 0.295582   0.285934   0.051711   0.366772
 0.789068   0.060795   0.114709   0.035427
 0.930510   0.001522   0.055716   0.012253
 0.812387   0.073640   0.043843   0.070129
 0.866383   0.011223   0.044416   0.077978
 0.230674   0.051617   0.129748   0.587962
 0.818476   0.063383   0.094774   0.023367


