A          C          G          T
 0.038017   0.590350   0.352016   0.019618
 0.003221   0.710836   0.076917   0.209027
 0.093073   0.204903   0.698303   0.003721
 0.005730   0.209679   0.115122   0.669469
 0.035789   0.387216   0.235446   0.341550
 0.000522   0.990025   0.000178   0.009276
 0.001326   0.004072   0.731031   0.263570
 0.031418   0.766329   0.198569   0.003684
 0.434565   0.412539   0.129476   0.023421
 0.008185   0.916080   0.002016   0.073719
 0.006463   0.363594   0.011863   0.618080
 0.003640   0.105081   0.018371   0.872908
 0.008490   0.081955   0.036689   0.872867