A          C          G          T
 0.035245   0.646199   0.297710   0.020845
 0.000244   0.997747   0.001278   0.000732
 0.051445   0.100080   0.823966   0.024509
 0.001801   0.990154   0.006158   0.001888
 0.322747   0.272016   0.223473   0.181763
 0.018404   0.843438   0.135577   0.002581
 0.015975   0.965134   0.017783   0.001108
 0.046959   0.837337   0.015532   0.100172
 0.082958   0.892969   0.016425   0.007648
 0.181763   0.636812   0.052936   0.128490
 0.230981   0.301184   0.038631   0.429205
 0.245530   0.069317   0.460188   0.224965
 0.198315   0.718846   0.029727   0.053113