A          C          G          T
 0.198719   0.661707   0.139461   0.000112
 0.005429   0.614755   0.217672   0.162145
 0.000797   0.989967   0.000672   0.008564
 0.005629   0.876271   0.012126   0.105974
 0.036265   0.188978   0.679713   0.095044
 0.003490   0.966836   0.014718   0.014956
 0.109118   0.059094   0.827495   0.004293
 0.035968   0.584543   0.000550   0.378938
 0.027239   0.938171   0.001984   0.032606
 0.026117   0.331427   0.031766   0.610691
 0.008560   0.260488   0.132368   0.598584
 0.059690   0.205027   0.319749   0.415535
 0.023105   0.081433   0.132030   0.763433